5.500000
5.500131
5.500284
5.500460
5.500661
5.500885
5.501132
5.501399
5.501685
5.501985
5.502296
5.502612
5.502925
5.503228
5.503510
5.503762
5.503970
5.504122
5.504202
5.504195
5.504086
5.503857
5.503492
5.502976
5.502292
5.501429
5.500374
5.499121
5.497665
5.496007
5.494155
5.492120
5.489923
5.487592
5.485162
5.482678
5.480192
5.477765
5.475464
5.473363
5.471540
5.470078
5.469058
5.468558
5.468654
5.469413
5.470890
5.473126
5.476148
5.479960
5.484549
5.489878
5.495889
5.502500
5.509610
5.517099
5.524831
5.532656
5.540415
5.547945
5.555079
5.561658
5.567526
5.572542
5.576576
5.579521
5.581287
5.581807
5.581040
5.578969
5.575601
5.570968
5.565128
5.558159
5.550161
5.541253
5.531570
5.521261
5.510486
5.499413
5.488215
5.477068
5.466147
5.455623
5.445662
5.436418
5.428038
5.420652
5.414376
5.409310
5.405534
5.403107
5.402071
5.402445
5.404226
5.407393
5.411901
5.417687
5.424670
5.432749
5.441809
5.451720
5.462338
5.473513
5.485082
5.496879
5.508734
5.520478
5.531940
5.542956
5.553368
5.563025
5.571790
5.579536
5.586152
5.591543
5.595630
5.598356
5.599681
5.599586
5.598071
5.595159
5.590889
5.585324
5.578541
5.570639
5.561729
5.551938
5.541406
5.530282
5.518726
5.506902
5.494978
5.483125
5.471511
5.460301
5.449656
5.439727
5.430656
5.422571
5.415589
5.409808
5.405310
5.402161
5.400404
5.400065
5.401149
5.403641
5.407504
5.412683
5.419106
5.426682
5.435300
5.444839
5.455165
5.466128
5.477574
5.489339
5.501256
5.513156
5.524868
5.536226
5.547069
5.557241
5.566599
5.575009
5.582351
5.588521
5.593431
5.597011
5.599210
5.599997
5.599360
5.597309
5.593873
5.589100
5.583059
5.575836
5.567533
5.558269
5.548175
5.537395
5.526084
5.514401
5.502513
5.490589
5.478799
5.467311
5.456288
5.445888
5.436258
5.427535
5.419844
5.413293
5.407977
5.403971
5.401331
5.400097
5.400284
5.401891
5.404894
5.409252
5.414901
5.421761
5.429735
5.438709
5.448556
5.459135
5.470296
5.481879
5.493721
5.505652
5.517502
5.529104
5.540291
5.550904
5.560793
5.569817
5.577846
5.584768
5.590483
5.594910
5.597985
5.599667
5.599929
5.598769
5.596203
5.592267
5.587018
5.580531
5.572897
5.564225
5.554639
5.544276
5.533282
5.521814
5.510036
5.498115
5.486221
5.474523
5.463188
5.452376
5.442243
5.432931
5.424575
5.417292
5.411186
5.406345
5.402837
5.400712
5.400000
5.400712
5.402837
5.406345
5.411186
5.417292
5.424575
5.432931
5.442243
5.452376
5.463188
5.474523
5.486221
5.498115
5.510036
5.521814
5.533282
5.544276
5.554639
5.564225
5.572897
5.580531
5.587018
5.592267
5.596203
5.598769
5.599929
5.599667
5.597985
5.594910
5.590483
5.584768
5.577846
5.569817
5.560793
5.550904
5.540291
5.529104
5.517502
5.505652
5.493721
5.481879
5.470296
5.459135
5.448556
5.438709
5.429735
5.421761
5.414901
5.409252
5.404894
5.401891
5.400284
5.400097
5.401331
5.403971
5.407977
5.413293
5.419843
5.427535
5.436258
5.445888
5.456288
5.467311
5.478799
5.490589
5.502513
5.514401
5.526084
5.537396
5.548175
5.558269
5.567533
5.575836
5.583060
5.589101
5.593874
5.597310
5.599361
5.599998
5.599212
5.597013
5.593433
5.588523
5.582353
5.575011
5.566601
5.557243
5.547071
5.536228
5.524869
5.513156
5.501256
5.489339
5.477573
5.466126
5.455162
5.444835
5.435295
5.426674
5.419098
5.412674
5.407492
5.403628
5.401135
5.400049
5.400387
5.402142
5.405290
5.409787
5.415567
5.422550
5.430634
5.439707
5.449638
5.460285
5.471498
5.483117
5.494976
5.506906
5.518738
5.530303
5.541438
5.551982
5.561786
5.570711
5.578629
5.585428
5.591011
5.595298
5.598229
5.599761
5.599874
5.598565
5.595852
5.591775
5.586392
5.579780
5.572031
5.563257
5.553583
5.543146
5.532094
5.520586
5.508785
5.496859
5.484977
5.473310
5.462022
5.451275
5.441222
5.432004
5.423756
5.416592
5.410616
5.405912
5.402547
5.400570
5.400008
5.400869
5.403141
5.406793
5.411771
5.418005
5.425406
5.433869
5.443273
5.453485
5.464359
5.475740
5.487467
5.499372
5.511286
5.523039
5.534464
5.545399
5.555687
5.565183
5.573751
5.581269
5.587631
5.592744
5.596538
5.598958
5.599968
5.599556
5.597727
5.594506
5.589941
5.584095
5.577051
5.568912
5.559791
5.549819
5.539137
5.527899
5.516263
5.504397
5.492467
5.480645
5.469098
5.457992
5.447483
5.437721
5.428846
5.420984
5.414248
5.408731
5.404513
5.401656
5.400198
5.400160
5.401544
5.404329
5.408476
5.413926
5.420601
5.428406
5.437231
5.446949
5.457422
5.468502
5.480029
5.491841
5.503769
5.515644
5.527295
5.538558
5.549273
5.559286
5.568455
5.576649
5.583753
5.589664
5.594299
5.597592
5.599495
5.599982
5.599046
5.596700
5.592978
5.587932
5.581634
5.574174
5.565659
5.556208
5.545958
5.535053
5.523650
5.511909
5.500000
5.488091
5.476350
5.464947
5.454042
5.443792
5.434341
5.425826
5.418366
5.412068
5.407022
5.403300
5.400954
5.400018
5.400505
5.402408
5.405701
5.410336
5.416247
5.423351
5.431545
5.440714
5.450727
5.461442
5.472705
5.484356
5.496231
5.508159
5.519971
5.531498
5.542578
5.553051
5.562769
5.571594
5.579399
5.586074
5.591524
5.595671
5.598456
5.599840
5.599802
5.598344
5.595487
5.591269
5.585752
5.579016
5.571154
5.562279
5.552517
5.542008
5.530902
5.519355
5.507533
5.495603
5.483737
5.472101
5.460863
5.450181
5.440209
5.431088
5.422949
5.415905
5.410059
5.405494
5.402273
5.400444
5.400032
5.401042
5.403462
5.407256
5.412369
5.418731
5.426249
5.434817
5.444313
5.454601
5.465536
5.476961
5.488714
5.500628
5.512533
5.524260
5.535641
5.546515
5.556727
5.566131
5.574594
5.581995
5.588229
5.593207
5.596859
5.599131
5.599992
5.599430
5.597453
5.594088
5.589384
5.583408
5.576244
5.567996
5.558779
5.548725
5.537978
5.526690
5.515023
5.503141
5.491215
5.479414
5.467906
5.456854
5.446417
5.436743
5.427969
5.420220
5.413608
5.408225
5.404148
5.401435
5.400126
5.400239
5.401771
5.404702
5.408989
5.414572
5.421371
5.429289
5.438214
5.448018
5.458562
5.469697
5.481262
5.493094
5.505024
5.516883
5.528502
5.539715
5.550362
5.560293
5.569366
5.577450
5.584433
5.590213
5.594710
5.597858
5.599613
5.599951
5.598865
5.596373
5.592508
5.587326
5.580902
5.573326
5.564705
5.555165
5.544838
5.533874
5.522427
5.510661
5.498744
5.486844
5.475131
5.463772
5.452929
5.442757
5.433399
5.424989
5.417647
5.411477
5.406567
5.402987
5.400788
5.400002
5.400639
5.402690
5.406126
5.410899
5.416940
5.424164
5.432467
5.441731
5.451825
5.462604
5.473916
5.485599
5.497487
5.509411
5.521201
5.532689
5.543712
5.554112
5.563743
5.572465
5.580157
5.586707
5.592023
5.596029
5.598669
5.599903
5.599716
5.598109
5.595106
5.590748
5.585099
5.578239
5.570265
5.561291
5.551444
5.540865
5.529704
5.518121
5.506279
5.494348
5.482498
5.470896
5.459709
5.449096
5.439207
5.430183
5.422154
5.415232
5.409517
5.405090
5.402015
5.400333
5.400071
5.401231
5.403797
5.407733
5.412982
5.419469
5.427103
5.435775
5.445361
5.455724
5.466718
5.478186
5.489964
5.501885
5.513779
5.525477
5.536812
5.547624
5.557757
5.567069
5.575425
5.582708
5.588814
5.593655
5.597163
5.599288
5.600000
5.599288
5.597163
5.593655
5.588814
5.582708
5.575425
5.567069
5.557757
5.547624
5.536812
5.525477
5.513779
5.501885
5.489964
5.478186
5.466718
5.455724
5.445361
5.435775
5.427103
5.419469
5.412982
5.407733
5.403797
5.401231
5.400071
5.400333
5.402015
5.405090
5.409517
5.415232
5.422154
5.430183
5.439207
5.449096
5.459709
5.470896
5.482498
5.494348
5.506279
5.518121
5.529704
5.540865
5.551444
5.561291
5.570265
5.578239
5.585099
5.590748
5.595106
5.598109
5.599716
5.599903
5.598669
5.596029
5.592023
5.586707
5.580157
5.572465
5.563743
5.554112
5.543712
5.532689
5.521201
5.509411
5.497487
5.485599
5.473916
5.462604
5.451825
5.441731
5.432467
5.424164
5.416940
5.410899
5.406126
5.402690
5.400639
5.400002
5.400788
5.402987
5.406567
5.411477
5.417647
5.424989
5.433399
5.442757
5.452929
5.463772
5.475131
5.486844
5.498744
5.510661
5.522427
5.533874
5.544838
5.555165
5.564705
5.573326
5.580902
5.587326
5.592508
5.596373
5.598865
5.599951
5.599613
5.597858
5.594710
5.590213
5.584433
5.577450
5.569366
5.560293
5.550362
5.539715
5.528502
5.516883
5.505024
5.493094
5.481262
5.469697
5.458562
5.448018
5.438214
5.429289
5.421371
5.414572
5.408989
5.404702
5.401771
5.400239
5.400126
5.401435
5.404148
5.408225
5.413608
5.420220
5.427969
5.436743
5.446417
5.456854
5.467906
5.479414
5.491215
5.503141
5.515023
5.526690
5.537978
5.548725
5.558779
5.567996
5.576244
5.583408
5.589384
5.594088
5.597453
5.599430
5.599992
5.599131
5.596859
5.593207
5.588229
5.581995
5.574594
5.566131
5.556727
5.546515
5.535641
5.524260
5.512533
5.500628
5.488714
5.476961
5.465536
5.454601
5.444313
5.434817
5.426249
5.418731
5.412369
5.407256
5.403462
5.401042
5.400032
5.400444
5.402273
5.405494
5.410059
5.415905
5.422949
5.431088
5.440209
5.450181
5.460863
5.472101
5.483737
5.495603
5.507533
5.519355
5.530902
5.542008
5.552517
5.562279
5.571154
5.579016
5.585752
5.591269
5.595487
5.598344
5.599802
5.599840
5.598456
5.595671
5.591524
5.586074
5.579399
5.571594
5.562769
5.553051
5.542578
5.531498
5.519971
5.508159
5.496231
5.484356
5.472705
5.461442
5.450727
5.440714
5.431545
5.423351
5.416247
5.410336
5.405701
5.402408
5.400505
5.400018
5.400954
5.403300
5.407022
5.412068
5.418366
5.425826
5.434341
5.443792
5.454042
5.464947
5.476350
5.488091
5.500000
5.511909
5.523650
5.535053
5.545958
5.556208
5.565659
5.574174
5.581634
5.587932
5.592978
5.596700
5.599046
5.599982
5.599495
5.597592
5.594299
5.589664
5.583753
5.576649
5.568455
5.559286
5.549273
5.538558
5.527295
5.515644
5.503769
5.491841
5.480029
5.468502
5.457422
5.446949
5.437231
5.428406
5.420601
5.413926
5.408476
5.404329
5.401544
5.400160
5.400198
5.401656
5.404513
5.408731
5.414248
5.420984
5.428846
5.437721
5.447483
5.457992
5.469098
5.480645
5.492467
5.504397
5.516263
5.527899
5.539137
5.549819
5.559791
5.568912
5.577051
5.584095
5.589941
5.594506
5.597727
5.599556
5.599968
5.598958
5.596538
5.592744
5.587631
5.581269
5.573751
5.565183
5.555687
5.545399
5.534464
5.523039
5.511286
5.499372
5.487467
5.475740
5.464359
5.453485
5.443273
5.433869
5.425406
5.418005
5.411771
5.406793
5.403141
5.400869
5.400008
5.400570
5.402547
5.405912
5.410616
5.416592
5.423756
5.432004
5.441221
5.451275
5.462022
5.473310
5.484977
5.496859
5.508785
5.520586
5.532094
5.543146
5.553583
5.563257
5.572031
5.579780
5.586392
5.591775
5.595852
5.598565
5.599874
5.599761
5.598229
5.595298
5.591011
5.585428
5.578629
5.570711
5.561786
5.551982
5.541438
5.530303
5.518738
5.506906
5.494976
5.483117
5.471498
5.460285
5.449638
5.439707
5.430634
5.422550
5.415567
5.409787
5.405290
5.402142
5.400387
5.400049
5.401135
5.403627
5.407492
5.412674
5.419098
5.426674
5.435295
5.444835
5.455162
5.466126
5.477573
5.489339
5.501256
5.513156
5.524869
5.536228
5.547071
5.557243
5.566601
5.575011
5.582353
5.588523
5.593433
5.597013
5.599212
5.599998
5.599361
5.597310
5.593874
5.589101
5.583060
5.575836
5.567533
5.558269
5.548175
5.537396
5.526084
5.514401
5.502513
5.490589
5.478799
5.467311
5.456288
5.445888
5.436257
5.427535
5.419843
5.413293
5.407977
5.403971
5.401331
5.400097
5.400284
5.401891
5.404894
5.409252
5.414901
5.421761
5.429735
5.438709
5.448556
5.459135
5.470296
5.481879
5.493721
5.505652
5.517502
5.529104
5.540291
5.550904
5.560793
5.569817
5.577846
5.584768
5.590483
5.594910
5.597985
5.599667
5.599929
5.598769
5.596203
5.592267
5.587018
5.580531
5.572897
5.564225
5.554639
5.544276
5.533282
5.521814
5.510036
5.498115
5.486221
5.474523
5.463188
5.452376
5.442243
5.432931
5.424575
5.417292
5.411186
5.406345
5.402837
5.400712
5.400000
5.400712
5.402837
5.406345
5.411186
5.417292
5.424575
5.432931
5.442243
5.452376
5.463188
5.474523
5.486221
5.498115
5.510036
5.521814
5.533282
5.544276
5.554639
5.564225
5.572897
5.580531
5.587018
5.592267
5.596203
5.598769
5.599929
5.599667
5.597985
5.594910
5.590483
5.584768
5.577846
5.569817
5.560793
5.550904
5.540291
5.529104
5.517502
5.505652
5.493721
5.481879
5.470296
5.459135
5.448556
5.438709
5.429735
5.421761
5.414901
5.409252
5.404894
5.401891
5.400284
5.400097
5.401331
5.403971
5.407977
5.413293
5.419843
5.427535
5.436257
5.445888
5.456288
5.467311
5.478799
5.490589
5.502513
5.514401
5.526084
5.537396
5.548175
5.558269
5.567533
5.575836
5.583060
5.589101
5.593874
5.597310
5.599361
5.599998
5.599212
5.597013
5.593433
5.588523
5.582353
5.575011
5.566601
5.557243
5.547071
5.536228
5.524869
5.513156
5.501256
5.489339
5.477573
5.466126
5.455162
5.444835
5.435295
5.426674
5.419098
5.412674
5.407492
5.403627
5.401135
5.400049
5.400387
5.402142
5.405290
5.409787
5.415567
5.422550
5.430634
5.439707
5.449638
5.460285
5.471498
5.483117
5.494976
5.506906
5.518738
5.530303
5.541438
5.551982
5.561786
5.570711
5.578629
5.585428
5.591011
5.595298
5.598229
5.599761
5.599874
5.598565
5.595852
5.591775
5.586392
5.579780
5.572031
5.563257
5.553583
5.543146
5.532094
5.520586
5.508785
5.496859
5.484977
5.473310
5.462022
5.451275
5.441221
5.432004
5.423756
5.416592
5.410616
5.405912
5.402547
5.400570
5.400008
5.400869
5.403141
5.406793
5.411771
5.418005
5.425406
5.433869
5.443273
5.453485
5.464359
5.475740
5.487467
5.499372
5.511286
5.523039
5.534464
5.545399
5.555687
5.565183
5.573751
5.581269
5.587631
5.592744
5.596538
5.598958
5.599968
5.599556
5.597727
5.594506
5.589941
5.584095
5.577051
5.568912
5.559791
5.549819
5.539137
5.527899
5.516263
5.504397
5.492467
5.480645
5.469098
5.457992
5.447483
5.437721
5.428846
5.420984
5.414248
5.408731
5.404513
5.401656
5.400198
5.400160
5.401544
5.404329
5.408476
5.413926
5.420601
5.428406
5.437231
5.446949
5.457422
5.468502
5.480029
5.491841
5.503769
5.515644
5.527295
5.538558
5.549273
5.559286
5.568455
5.576649
5.583753
5.589664
5.594299
5.597592
5.599495
5.599982
5.599046
5.596700
5.592978
5.587932
5.581634
5.574174
5.565659
5.556208
5.545958
5.535053
5.523650
5.511909
5.500000
5.488091
5.476350
5.464947
5.454042
5.443792
5.434341
5.425826
5.418366
5.412068
5.407022
5.403300
5.400954
5.400018
5.400505
5.402408
5.405701
5.410336
5.416247
5.423351
5.431545
5.440714
5.450727
5.461442
5.472705
5.484356
5.496231
5.508159
5.519971
5.531498
5.542578
5.553051
5.562769
5.571594
5.579399
5.586074
5.591524
5.595671
5.598456
5.599840
5.599802
5.598344
5.595487
5.591269
5.585752
5.579016
5.571154
5.562279
5.552517
5.542008
5.530902
5.519355
5.507533
5.495603
5.483737
5.472101
5.460863
5.450181
5.440209
5.431088
5.422949
5.415905
5.410059
5.405494
5.402273
5.400444
5.400032
5.401042
5.403462
5.407256
5.412369
5.418731
5.426249
5.434817
5.444313
5.454601
5.465536
5.476961
5.488714
5.500628
5.512533
5.524260
5.535641
5.546515
5.556727
5.566131
5.574594
5.581995
5.588229
5.593207
5.596859
5.599131
5.599992
5.599430
5.597453
5.594088
5.589384
5.583408
5.576244
5.567996
5.558779
5.548725
5.537978
5.526690
5.515023
5.503141
5.491215
5.479414
5.467906
5.456854
5.446417
5.436743
5.427969
5.420220
5.413608
5.408225
5.404148
5.401435
5.400126
5.400239
5.401771
5.404702
5.408989
5.414572
5.421371
5.429289
5.438214
5.448018
5.458562
5.469697
5.481262
5.493094
5.505024
5.516883
5.528502
5.539715
5.550362
5.560293
5.569366
5.577450
5.584433
5.590213
5.594710
5.597858
5.599613
5.599951
5.598865
5.596373
5.592508
5.587326
5.580902
5.573326
5.564705
5.555165
5.544838
5.533874
5.522427
5.510661
5.498744
5.486844
5.475131
5.463772
5.452929
5.442757
5.433399
5.424989
5.417647
5.411477
5.406567
5.402987
5.400788
5.400002
5.400639
5.402690
5.406126
5.410899
5.416940
5.424164
5.432467
5.441731
5.451825
5.462604
5.473916
5.485599
5.497487
5.509411
5.521201
5.532689
5.543712
5.554112
5.563743
5.572465
5.580157
5.586707
5.592023
5.596029
5.598669
5.599903
5.599716
5.598109
5.595106
5.590748
5.585099
5.578239
5.570265
5.561291
5.551444
5.540865
5.529704
5.518121
5.506279
5.494348
5.482498
5.470896
5.459709
5.449096
5.439207
5.430183
5.422154
5.415232
5.409517
5.405090
5.402015
5.400333
5.400071
5.401231
5.403797
5.407733
5.412982
5.419469
5.427103
5.435775
5.445361
5.455724
5.466718
5.478186
5.489964
5.501885
5.513779
5.525477
5.536812
5.547624
5.557757
5.567069
5.575425
5.582708
5.588814
5.593655
5.597163
5.599288
5.600000
5.599288
5.597163
5.593655
5.588814
5.582708
5.575425
5.567069
5.557757
5.547624
5.536812
5.525477
5.513779
5.501885
5.489964
5.478186
5.466718
5.455724
5.445361
5.435775
5.427103
5.419469
5.412982
5.407733
5.403797
5.401231
5.400071
5.400333
5.402015
5.405090
5.409517
5.415232
5.422154
5.430183
5.439207
5.449096
5.459709
5.470896
5.482498
5.494348
5.506279
5.518121
5.529704
5.540865
5.551444
5.561291
5.570265
5.578239
5.585099
5.590748
5.595106
5.598109
5.599716
5.599903
5.598669
5.596029
5.592023
5.586707
5.580157
5.572465
5.563742
5.554112
5.543712
5.532689
5.521201
5.509411
5.497487
5.485599
5.473916
5.462604
5.451825
5.441731
5.432467
5.424164
5.416940
5.410899
5.406126
5.402690
5.400639
5.400002
5.400788
5.402987
5.406567
5.411477
5.417647
5.424989
5.433399
5.442757
5.452929
5.463772
5.475131
5.486844
5.498744
5.510661
5.522427
5.533874
5.544838
5.555165
5.564705
5.573326
5.580902
5.587326
5.592508
5.596372
5.598865
5.599951
5.599613
5.597858
5.594710
5.590213
5.584433
5.577450
5.569366
5.560293
5.550362
5.539715
5.528502
5.516883
5.505024
5.493094
5.481262
5.469697
5.458562
5.448018
5.438214
5.429289
5.421371
5.414572
5.408989
5.404702
5.401771
5.400239
5.400126
5.401435
5.404148
5.408225
5.413608
5.420220
5.427969
5.436743
5.446417
5.456854
5.467906
5.479414
5.491215
5.503141
5.515023
5.526690
5.537978
5.548725
5.558778
5.567995
5.576244
5.583408
5.589384
5.594088
5.597453
5.599430
5.599992
5.599131
5.596858
5.593207
5.588229
5.581995
5.574594
5.566131
5.556727
5.546515
5.535641
5.524260
5.512533
5.500628
5.488714
5.476961
5.465536
5.454601
5.444313
5.434817
5.426250
5.418731
5.412370
5.407257
5.403463
5.401044
5.400033
5.400445
5.402275
5.405496
5.410061
5.415907
5.422951
5.431090
5.440211
5.450183
5.460864
5.472102
5.483737
5.495604
5.507532
5.519354
5.530900
5.542006
5.552514
5.562274
5.571147
5.579008
5.585743
5.591258
5.595474
5.598330
5.599787
5.599823
5.598437
5.595651
5.591503
5.586052
5.579377
5.571572
5.562748
5.553031
5.542561
5.531485
5.519961
5.508155
5.496233
5.484366
5.472724
5.461471
5.450769
5.440769
5.431615
5.423436
5.416349
5.410456
5.405839
5.402565
5.400680
5.400210
5.401163
5.403524
5.407259
5.412313
5.418615
5.426074
5.434582
5.444017
5.454244
5.465116
5.476475
5.488159
5.500000
5.511827
5.523470
5.534761
5.545538
5.555646
5.564939
5.573285
5.580562
5.586667
5.591514
5.595034
5.597178
5.597919
5.597249
5.595181
5.591752
5.587016
5.581049
5.573945
5.565816
5.556790
5.547008
5.536624
5.525801
5.514710
5.503524
5.492419
5.481570
5.471147
5.461310
5.452214
5.443995
5.436778
5.430665
5.425742
5.422071
5.419687
5.418607
5.418818
5.420282
5.422939
5.426706
5.431476
5.437126
5.443516
5.450495
5.457903
5.465575
5.473347
5.481061
5.488564
5.495718
5.502400
5.508505
5.513949
5.518670
5.522626
5.525800
5.528193
5.529827
5.530740
5.530984
5.530625
5.529734
5.528389
5.526671
5.524661
5.522437
5.520072
5.517635
5.515187
5.512782
5.510464
5.508272
5.506232
5.504369
5.502694
5.501216
5.499938
5.498856
5.497962
5.497250
5.496703
5.496309
5.496053
5.495917
5.495886
5.495944
5.496076
5.496266
5.496502
5.496772
5.497064
5.497368
5.497676
5.497982
5.498279
5.498562
5.498828
5.499075
5.499300
5.499501
5.499680
5.499835
5.499969
