5.500000
5.500151
5.500330
5.500541
5.500785
5.501066
5.501389
5.501754
5.502167
5.502631
5.503149
5.503723
5.504356
5.505052
5.505811
5.506636
5.507526
5.508482
5.509503
5.510586
5.511726
5.512919
5.514158
5.515432
5.516731
5.518040
5.519343
5.520620
5.521850
5.523006
5.524060
5.524982
5.525736
5.526287
5.526594
5.526617
5.526314
5.525642
5.524559
5.523022
5.520995
5.518440
5.515327
5.511632
5.507337
5.502432
5.496916
5.490799
5.484102
5.476854
5.469098
5.460887
5.452282
5.443357
5.434191
5.424870
5.415488
5.406140
5.396925
5.387942
5.379288
5.371057
5.363340
5.356224
5.349785
5.344096
5.339221
5.335214
5.332120
5.329979
5.328817
5.328654
5.329500
5.331357
5.334219
5.338073
5.342897
5.348666
5.355343
5.362890
5.371263
5.380411
5.390281
5.400815
5.411954
5.423632
5.435784
5.448343
5.461237
5.474398
5.487752
5.501228
5.514754
5.528259
5.541671
5.554920
5.567937
5.580657
5.593012
5.604940
5.616382
5.627278
5.637574
5.647220
5.656166
5.664368
5.671785
5.678381
5.684124
5.688984
5.692939
5.695969
5.698058
5.699197
5.699380
5.698607
5.696880
5.694209
5.690605
5.686086
5.680675
5.674397
5.667282
5.659364
5.650682
5.641278
5.631196
5.620484
5.609195
5.597382
5.585101
5.572412
5.559377
5.546055
5.532513
5.518814
5.505024
5.491210
5.477436
5.463769
5.450275
5.437017
5.424060
5.411466
5.399293
5.387601
5.376446
5.365881
5.355956
5.346718
5.338213
5.330480
5.323557
5.317476
5.312266
5.307954
5.304558
5.302095
5.300578
5.300013
5.300403
5.301746
5.304036
5.307261
5.311407
5.316454
5.322377
5.329148
5.336735
5.345102
5.354208
5.364011
5.374464
5.385515
5.397113
5.409203
5.421726
5.434623
5.447832
5.461290
5.474934
5.488697
5.502513
5.516318
5.530045
5.543629
5.557003
5.570107
5.582875
5.595247
5.607165
5.618571
5.629411
5.639633
5.649188
5.658031
5.666119
5.673414
5.679881
5.685489
5.690211
5.694025
5.696913
5.698860
5.699858
5.699901
5.698990
5.697129
5.694326
5.690596
5.685955
5.680427
5.674037
5.666816
5.658798
5.650022
5.640530
5.630367
5.619581
5.608224
5.596351
5.584017
5.571282
5.558207
5.544854
5.531287
5.517570
5.503770
5.489951
5.476181
5.462524
5.449046
5.435812
5.422883
5.410323
5.398192
5.386546
5.375443
5.364933
5.355069
5.345897
5.337461
5.329801
5.322954
5.316952
5.311824
5.307594
5.304284
5.301908
5.300478
5.300000
5.300478
5.301908
5.304284
5.307594
5.311824
5.316952
5.322954
5.329801
5.337461
5.345897
5.355069
5.364933
5.375443
5.386546
5.398192
5.410323
5.422883
5.435812
5.449046
5.462524
5.476181
5.489951
5.503770
5.517570
5.531287
5.544854
5.558207
5.571282
5.584017
5.596351
5.608224
5.619581
5.630367
5.640530
5.650022
5.658798
5.666816
5.674037
5.680427
5.685956
5.690596
5.694326
5.697129
5.698990
5.699901
5.699858
5.698860
5.696913
5.694026
5.690211
5.685489
5.679881
5.673414
5.666119
5.658031
5.649188
5.639633
5.629411
5.618571
5.607165
5.595248
5.582875
5.570107
5.557004
5.543629
5.530045
5.516318
5.502513
5.488696
5.474933
5.461290
5.447832
5.434622
5.421725
5.409202
5.397112
5.385514
5.374462
5.364009
5.354206
5.345099
5.336732
5.329144
5.322373
5.316449
5.311402
5.307255
5.304029
5.301738
5.300395
5.300004
5.300568
5.302085
5.304546
5.307941
5.312253
5.317461
5.323542
5.330464
5.338197
5.346702
5.355938
5.365863
5.376428
5.387583
5.399275
5.411448
5.424044
5.437003
5.450262
5.463759
5.477429
5.491206
5.505026
5.518822
5.532527
5.546078
5.559408
5.572455
5.585156
5.597450
5.609279
5.620586
5.631317
5.641421
5.650850
5.659559
5.667506
5.674653
5.680965
5.686414
5.690973
5.694620
5.697337
5.699112
5.699937
5.699807
5.698722
5.696689
5.693717
5.689819
5.685015
5.679328
5.672785
5.665416
5.657258
5.648348
5.638731
5.628450
5.617557
5.606102
5.594141
5.581730
5.568929
5.555798
5.542401
5.528802
5.515065
5.501256
5.487442
5.473687
5.460058
5.446620
5.433436
5.420570
5.408084
5.396037
5.384485
5.373486
5.363091
5.353349
5.344307
5.336010
5.328495
5.321799
5.315954
5.310987
5.306924
5.303782
5.301577
5.300320
5.300016
5.300667
5.302269
5.304817
5.308296
5.312690
5.317979
5.324137
5.331134
5.338938
5.347511
5.356812
5.366797
5.377419
5.388625
5.400363
5.412577
5.425208
5.438197
5.451480
5.464995
5.478678
5.492462
5.506282
5.520072
5.533767
5.547300
5.560607
5.573625
5.586291
5.598546
5.610329
5.621586
5.632262
5.642307
5.651672
5.660314
5.668189
5.675261
5.681497
5.686866
5.691342
5.694905
5.697538
5.699227
5.699965
5.699748
5.698576
5.696457
5.693400
5.689420
5.684535
5.678768
5.672148
5.664707
5.656478
5.647502
5.637823
5.627485
5.616538
5.605035
5.593030
5.580581
5.567748
5.554590
5.541173
5.527558
5.513812
5.500000
5.486188
5.472442
5.458827
5.445410
5.432252
5.419419
5.406970
5.394965
5.383462
5.372515
5.362177
5.352498
5.343522
5.335293
5.327852
5.321232
5.315465
5.310580
5.306600
5.303543
5.301424
5.300252
5.300035
5.300773
5.302462
5.305095
5.308658
5.313134
5.318503
5.324739
5.331811
5.339686
5.348328
5.357693
5.367738
5.378414
5.389671
5.401454
5.413709
5.426375
5.439393
5.452700
5.466233
5.479928
5.493718
5.507538
5.521322
5.535005
5.548520
5.561803
5.574792
5.587423
5.599637
5.611375
5.622581
5.633203
5.643188
5.652489
5.661062
5.668866
5.675863
5.682021
5.687310
5.691704
5.695183
5.697731
5.699333
5.699984
5.699680
5.698423
5.696218
5.693076
5.689013
5.684046
5.678201
5.671505
5.663990
5.655693
5.646651
5.636909
5.626514
5.615515
5.603963
5.591916
5.579430
5.566564
5.553380
5.539942
5.526313
5.512558
5.498744
5.484935
5.471198
5.457599
5.444202
5.431071
5.418270
5.405859
5.393898
5.382443
5.371550
5.361269
5.351652
5.342742
5.334584
5.327215
5.320672
5.314984
5.310181
5.306283
5.303311
5.301278
5.300193
5.300063
5.300888
5.302663
5.305380
5.309027
5.313586
5.319035
5.325347
5.332494
5.340441
5.349150
5.358579
5.368683
5.379414
5.390721
5.402550
5.414844
5.427545
5.440592
5.453922
5.467473
5.481178
5.494974
5.508794
5.522571
5.536241
5.549738
5.562997
5.575956
5.588552
5.600725
5.612417
5.623572
5.634137
5.644062
5.653298
5.661803
5.669536
5.676458
5.682539
5.687747
5.692059
5.695454
5.697915
5.699432
5.699996
5.699605
5.698262
5.695971
5.692745
5.688598
5.683551
5.677627
5.670856
5.663268
5.654901
5.645794
5.635991
5.625538
5.614486
5.602888
5.590798
5.578275
5.565378
5.552168
5.538710
5.525067
5.511304
5.497487
5.483682
5.469955
5.456371
5.442996
5.429893
5.417125
5.404752
5.392835
5.381429
5.370589
5.360367
5.350812
5.341969
5.333881
5.326586
5.320119
5.314511
5.309789
5.305974
5.303087
5.301140
5.300142
5.300099
5.301010
5.302871
5.305674
5.309404
5.314044
5.319573
5.325963
5.333184
5.341202
5.349978
5.359470
5.369633
5.380419
5.391776
5.403649
5.415983
5.428718
5.441793
5.455146
5.468713
5.482430
5.496230
5.510049
5.523819
5.537476
5.550954
5.564189
5.577117
5.589677
5.601808
5.613454
5.624557
5.635067
5.644931
5.654103
5.662539
5.670199
5.677046
5.683048
5.688176
5.692406
5.695716
5.698092
5.699522
5.700000
5.699522
5.698092
5.695716
5.692406
5.688176
5.683048
5.677046
5.670199
5.662539
5.654103
5.644931
5.635067
5.624557
5.613454
5.601808
5.589677
5.577117
5.564189
5.550954
5.537476
5.523819
5.510049
5.496230
5.482430
5.468713
5.455146
5.441793
5.428718
5.415983
5.403649
5.391776
5.380419
5.369633
5.359470
5.349978
5.341202
5.333184
5.325963
5.319573
5.314044
5.309404
5.305674
5.302871
5.301010
5.300099
5.300142
5.301140
5.303087
5.305974
5.309789
5.314511
5.320119
5.326586
5.333881
5.341969
5.350812
5.360367
5.370589
5.381429
5.392835
5.404752
5.417125
5.429893
5.442996
5.456371
5.469955
5.483682
5.497487
5.511304
5.525067
5.538710
5.552168
5.565378
5.578275
5.590798
5.602888
5.614486
5.625538
5.635991
5.645794
5.654901
5.663268
5.670856
5.677627
5.683551
5.688598
5.692745
5.695971
5.698262
5.699605
5.699996
5.699432
5.697915
5.695454
5.692059
5.687747
5.682539
5.676458
5.669536
5.661803
5.653298
5.644062
5.634137
5.623572
5.612417
5.600725
5.588552
5.575956
5.562997
5.549738
5.536241
5.522571
5.508794
5.494974
5.481178
5.467473
5.453922
5.440592
5.427545
5.414844
5.402550
5.390721
5.379414
5.368683
5.358579
5.349150
5.340441
5.332494
5.325347
5.319035
5.313586
5.309027
5.305380
5.302663
5.300888
5.300063
5.300193
5.301278
5.303311
5.306283
5.310181
5.314984
5.320672
5.327215
5.334584
5.342742
5.351652
5.361269
5.371550
5.382443
5.393898
5.405859
5.418270
5.431071
5.444202
5.457599
5.471198
5.484935
5.498744
5.512558
5.526313
5.539942
5.553380
5.566564
5.579430
5.591916
5.603963
5.615515
5.626514
5.636909
5.646651
5.655693
5.663990
5.671505
5.678201
5.684046
5.689013
5.693076
5.696218
5.698423
5.699680
5.699984
5.699333
5.697731
5.695183
5.691704
5.687310
5.682021
5.675863
5.668866
5.661062
5.652489
5.643188
5.633203
5.622581
5.611375
5.599637
5.587423
5.574792
5.561803
5.548520
5.535005
5.521322
5.507538
5.493718
5.479928
5.466233
5.452700
5.439393
5.426375
5.413709
5.401454
5.389671
5.378414
5.367738
5.357693
5.348328
5.339686
5.331811
5.324739
5.318503
5.313134
5.308658
5.305095
5.302462
5.300773
5.300035
5.300252
5.301424
5.303543
5.306600
5.310580
5.315465
5.321232
5.327852
5.335293
5.343522
5.352498
5.362177
5.372515
5.383462
5.394965
5.406970
5.419419
5.432252
5.445410
5.458827
5.472442
5.486188
5.500000
5.513812
5.527558
5.541173
5.554590
5.567748
5.580581
5.593030
5.605035
5.616538
5.627485
5.637823
5.647502
5.656478
5.664707
5.672148
5.678768
5.684535
5.689420
5.693400
5.696457
5.698576
5.699748
5.699965
5.699227
5.697538
5.694905
5.691342
5.686866
5.681497
5.675261
5.668189
5.660314
5.651672
5.642307
5.632262
5.621586
5.610329
5.598546
5.586291
5.573625
5.560607
5.547300
5.533767
5.520072
5.506282
5.492462
5.478678
5.464995
5.451480
5.438197
5.425208
5.412577
5.400363
5.388625
5.377419
5.366797
5.356812
5.347511
5.338938
5.331134
5.324137
5.317979
5.312690
5.308296
5.304817
5.302269
5.300667
5.300016
5.300320
5.301577
5.303782
5.306924
5.310987
5.315954
5.321799
5.328495
5.336010
5.344307
5.353349
5.363091
5.373486
5.384485
5.396037
5.408084
5.420570
5.433436
5.446620
5.460058
5.473687
5.487442
5.501256
5.515065
5.528802
5.542401
5.555798
5.568929
5.581730
5.594141
5.606102
5.617557
5.628450
5.638731
5.648348
5.657258
5.665416
5.672785
5.679328
5.685016
5.689819
5.693717
5.696689
5.698722
5.699807
5.699937
5.699112
5.697337
5.694620
5.690973
5.686414
5.680965
5.674653
5.667506
5.659559
5.650850
5.641421
5.631317
5.620586
5.609279
5.597450
5.585156
5.572455
5.559408
5.546078
5.532527
5.518822
5.505026
5.491206
5.477429
5.463759
5.450262
5.437003
5.424044
5.411448
5.399275
5.387583
5.376428
5.365863
5.355938
5.346702
5.338197
5.330464
5.323542
5.317461
5.312253
5.307941
5.304546
5.302085
5.300568
5.300004
5.300395
5.301738
5.304029
5.307255
5.311402
5.316449
5.322373
5.329144
5.336732
5.345099
5.354206
5.364009
5.374462
5.385514
5.397112
5.409202
5.421725
5.434622
5.447832
5.461290
5.474933
5.488696
5.502513
5.516318
5.530045
5.543629
5.557004
5.570107
5.582875
5.595248
5.607165
5.618571
5.629411
5.639633
5.649188
5.658031
5.666119
5.673414
5.679881
5.685489
5.690211
5.694026
5.696913
5.698860
5.699858
5.699901
5.698990
5.697129
5.694326
5.690596
5.685956
5.680427
5.674037
5.666816
5.658798
5.650022
5.640530
5.630367
5.619581
5.608224
5.596351
5.584017
5.571282
5.558207
5.544854
5.531287
5.517570
5.503770
5.489951
5.476181
5.462524
5.449046
5.435811
5.422883
5.410323
5.398192
5.386546
5.375443
5.364933
5.355069
5.345897
5.337461
5.329801
5.322954
5.316952
5.311824
5.307594
5.304284
5.301908
5.300478
5.300000
5.300478
5.301908
5.304284
5.307594
5.311824
5.316952
5.322954
5.329801
5.337461
5.345897
5.355069
5.364933
5.375443
5.386546
5.398192
5.410323
5.422883
5.435811
5.449046
5.462524
5.476181
5.489951
5.503770
5.517570
5.531287
5.544854
5.558207
5.571282
5.584017
5.596351
5.608224
5.619581
5.630367
5.640530
5.650022
5.658798
5.666816
5.674037
5.680427
5.685956
5.690596
5.694326
5.697129
5.698990
5.699901
5.699858
5.698860
5.696913
5.694026
5.690211
5.685489
5.679881
5.673414
5.666119
5.658031
5.649188
5.639633
5.629411
5.618571
5.607165
5.595248
5.582875
5.570107
5.557004
5.543629
5.530045
5.516318
5.502513
5.488696
5.474933
5.461290
5.447832
5.434622
5.421725
5.409202
5.397112
5.385514
5.374462
5.364009
5.354206
5.345099
5.336732
5.329144
5.322373
5.316449
5.311402
5.307255
5.304029
5.301738
5.300395
5.300004
5.300568
5.302085
5.304546
5.307941
5.312253
5.317461
5.323542
5.330464
5.338197
5.346702
5.355938
5.365863
5.376428
5.387583
5.399275
5.411448
5.424044
5.437003
5.450262
5.463759
5.477429
5.491206
5.505026
5.518822
5.532527
5.546078
5.559408
5.572455
5.585156
5.597450
5.609279
5.620586
5.631317
5.641421
5.650850
5.659559
5.667506
5.674653
5.680965
5.686414
5.690973
5.694620
5.697337
5.699112
5.699937
5.699807
5.698722
5.696689
5.693717
5.689819
5.685016
5.679328
5.672785
5.665416
5.657258
5.648348
5.638731
5.628450
5.617557
5.606102
5.594141
5.581730
5.568929
5.555798
5.542401
5.528802
5.515065
5.501256
5.487442
5.473687
5.460058
5.446620
5.433436
5.420570
5.408084
5.396037
5.384485
5.373486
5.363091
5.353349
5.344307
5.336010
5.328495
5.321799
5.315954
5.310987
5.306924
5.303782
5.301577
5.300320
5.300016
5.300667
5.302269
5.304817
5.308296
5.312690
5.317979
5.324137
5.331134
5.338938
5.347511
5.356812
5.366797
5.377419
5.388625
5.400363
5.412577
5.425208
5.438197
5.451480
5.464995
5.478678
5.492462
5.506282
5.520072
5.533767
5.547300
5.560607
5.573625
5.586291
5.598546
5.610329
5.621586
5.632262
5.642307
5.651672
5.660314
5.668189
5.675261
5.681497
5.686866
5.691342
5.694905
5.697538
5.699227
5.699965
5.699748
5.698576
5.696457
5.693400
5.689420
5.684535
5.678768
5.672148
5.664707
5.656478
5.647502
5.637823
5.627485
5.616538
5.605035
5.593030
5.580581
5.567748
5.554590
5.541173
5.527558
5.513812
5.500000
5.486188
5.472442
5.458827
5.445410
5.432252
5.419419
5.406970
5.394965
5.383462
5.372515
5.362177
5.352498
5.343522
5.335293
5.327852
5.321232
5.315465
5.310580
5.306600
5.303543
5.301424
5.300252
5.300035
5.300773
5.302462
5.305095
5.308658
5.313134
5.318503
5.324739
5.331811
5.339686
5.348328
5.357693
5.367738
5.378414
5.389671
5.401454
5.413709
5.426375
5.439393
5.452700
5.466233
5.479928
5.493718
5.507538
5.521322
5.535005
5.548520
5.561803
5.574792
5.587423
5.599637
5.611375
5.622581
5.633203
5.643188
5.652489
5.661062
5.668866
5.675863
5.682021
5.687310
5.691704
5.695183
5.697731
5.699333
5.699984
5.699680
5.698423
5.696218
5.693076
5.689013
5.684046
5.678201
5.671505
5.663990
5.655693
5.646651
5.636909
5.626514
5.615515
5.603963
5.591916
5.579430
5.566564
5.553380
5.539942
5.526313
5.512558
5.498744
5.484935
5.471198
5.457599
5.444202
5.431071
5.418270
5.405859
5.393898
5.382443
5.371550
5.361269
5.351652
5.342742
5.334584
5.327215
5.320672
5.314984
5.310181
5.306283
5.303311
5.301278
5.300193
5.300063
5.300888
5.302663
5.305380
5.309027
5.313586
5.319035
5.325347
5.332494
5.340441
5.349150
5.358579
5.368683
5.379414
5.390721
5.402550
5.414844
5.427545
5.440592
5.453922
5.467473
5.481178
5.494974
5.508794
5.522571
5.536241
5.549738
5.562997
5.575956
5.588552
5.600725
5.612417
5.623572
5.634137
5.644062
5.653298
5.661803
5.669536
5.676458
5.682539
5.687747
5.692059
5.695454
5.697915
5.699432
5.699996
5.699605
5.698262
5.695971
5.692745
5.688598
5.683551
5.677627
5.670856
5.663268
5.654901
5.645794
5.635991
5.625538
5.614486
5.602888
5.590798
5.578275
5.565378
5.552168
5.538710
5.525067
5.511304
5.497487
5.483682
5.469955
5.456371
5.442996
5.429893
5.417125
5.404752
5.392835
5.381429
5.370589
5.360367
5.350812
5.341969
5.333881
5.326586
5.320119
5.314511
5.309789
5.305974
5.303087
5.301140
5.300142
5.300099
5.301010
5.302871
5.305674
5.309404
5.314044
5.319573
5.325963
5.333184
5.341202
5.349978
5.359470
5.369633
5.380419
5.391776
5.403649
5.415983
5.428718
5.441793
5.455146
5.468713
5.482430
5.496230
5.510049
5.523819
5.537476
5.550954
5.564189
5.577117
5.589677
5.601808
5.613454
5.624557
5.635067
5.644931
5.654103
5.662539
5.670199
5.677046
5.683048
5.688176
5.692406
5.695716
5.698092
5.699522
5.700000
5.699522
5.698092
5.695716
5.692406
5.688176
5.683048
5.677046
5.670199
5.662539
5.654103
5.644931
5.635067
5.624557
5.613454
5.601808
5.589677
5.577117
5.564189
5.550954
5.537476
5.523819
5.510049
5.496230
5.482430
5.468713
5.455146
5.441793
5.428718
5.415983
5.403649
5.391776
5.380419
5.369633
5.359470
5.349978
5.341202
5.333184
5.325963
5.319573
5.314044
5.309404
5.305674
5.302871
5.301010
5.300099
5.300142
5.301140
5.303087
5.305974
5.309789
5.314511
5.320119
5.326586
5.333881
5.341969
5.350812
5.360367
5.370589
5.381429
5.392835
5.404752
5.417125
5.429893
5.442996
5.456371
5.469955
5.483682
5.497487
5.511304
5.525067
5.538710
5.552168
5.565378
5.578275
5.590798
5.602888
5.614486
5.625538
5.635991
5.645794
5.654901
5.663268
5.670856
5.677627
5.683551
5.688598
5.692745
5.695971
5.698262
5.699605
5.699996
5.699432
5.697915
5.695454
5.692059
5.687747
5.682539
5.676458
5.669536
5.661803
5.653298
5.644062
5.634137
5.623572
5.612417
5.600725
5.588552
5.575956
5.562997
5.549738
5.536241
5.522571
5.508794
5.494974
5.481178
5.467473
5.453922
5.440592
5.427545
5.414844
5.402550
5.390721
5.379414
5.368683
5.358579
5.349150
5.340441
5.332494
5.325347
5.319035
5.313586
5.309027
5.305380
5.302663
5.300888
5.300063
5.300193
5.301278
5.303311
5.306283
5.310181
5.314984
5.320672
5.327215
5.334584
5.342742
5.351652
5.361269
5.371550
5.382443
5.393898
5.405859
5.418270
5.431071
5.444202
5.457599
5.471198
5.484935
5.498744
5.512558
5.526313
5.539942
5.553380
5.566564
5.579430
5.591916
5.603963
5.615515
5.626514
5.636909
5.646651
5.655693
5.663990
5.671505
5.678201
5.684046
5.689013
5.693076
5.696218
5.698423
5.699680
5.699984
5.699333
5.697731
5.695183
5.691704
5.687310
5.682021
5.675863
5.668866
5.661062
5.652489
5.643188
5.633203
5.622581
5.611375
5.599637
5.587423
5.574792
5.561803
5.548520
5.535005
5.521322
5.507538
5.493718
5.479928
5.466233
5.452700
5.439393
5.426375
5.413709
5.401454
5.389671
5.378414
5.367738
5.357693
5.348328
5.339686
5.331811
5.324739
5.318503
5.313134
5.308658
5.305095
5.302462
5.300773
5.300035
5.300252
5.301424
5.303543
5.306600
5.310580
5.315465
5.321232
5.327852
5.335293
5.343522
5.352498
5.362177
5.372515
5.383462
5.394965
5.406970
5.419419
5.432252
5.445410
5.458827
5.472442
5.486188
5.500000
5.513812
5.527558
5.541173
5.554590
5.567748
5.580581
5.593030
5.605035
5.616538
5.627485
5.637823
5.647502
5.656478
5.664707
5.672148
5.678768
5.684535
5.689420
5.693400
5.696457
5.698576
5.699748
5.699965
5.699227
5.697538
5.694905
5.691342
5.686866
5.681497
5.675261
5.668189
5.660314
5.651672
5.642307
5.632262
5.621586
5.610329
5.598546
5.586291
5.573625
5.560607
5.547300
5.533767
5.520072
5.506282
5.492462
5.478678
5.464995
5.451480
5.438197
5.425208
5.412577
5.400363
5.388625
5.377419
5.366797
5.356812
5.347511
5.338938
5.331134
5.324137
5.317979
5.312690
5.308296
5.304817
5.302269
5.300667
5.300016
5.300320
5.301577
5.303782
5.306924
5.310987
5.315954
5.321799
5.328495
5.336010
5.344307
5.353349
5.363091
5.373486
5.384485
5.396037
5.408084
5.420570
5.433436
5.446620
5.460058
5.473687
5.487442
5.501256
5.515065
5.528802
5.542401
5.555798
5.568929
5.581730
5.594141
5.606102
5.617557
5.628450
5.638731
5.648348
5.657258
5.665416
5.672785
5.679328
5.685016
5.689819
5.693717
5.696689
5.698722
5.699807
5.699937
5.699112
5.697337
5.694620
5.690973
5.686414
5.680965
5.674653
5.667506
5.659559
5.650850
5.641421
5.631317
5.620586
5.609279
5.597450
5.585156
5.572455
5.559408
5.546078
5.532527
5.518822
5.505026
5.491206
5.477429
5.463759
5.450262
5.437003
5.424044
5.411448
5.399275
5.387583
5.376428
5.365863
5.355938
5.346702
5.338197
5.330464
5.323542
5.317461
5.312253
5.307941
5.304546
5.302085
5.300568
5.300004
5.300395
5.301738
5.304029
5.307255
5.311402
5.316449
5.322373
5.329144
5.336732
5.345099
5.354206
5.364009
5.374462
5.385514
5.397112
5.409202
5.421725
5.434622
5.447832
5.461290
5.474933
5.488696
5.502513
5.516318
5.530045
5.543629
5.557004
5.570107
5.582875
5.595248
5.607165
5.618571
5.629411
5.639633
5.649188
5.658031
5.666119
5.673414
5.679881
5.685489
5.690211
5.694026
5.696913
5.698860
5.699858
5.699901
5.698990
5.697129
5.694326
5.690596
5.685956
5.680427
5.674037
5.666816
5.658798
5.650022
5.640530
5.630367
5.619581
5.608224
5.596351
5.584017
5.571282
5.558207
5.544854
5.531287
5.517570
5.503770
5.489951
5.476181
5.462524
5.449046
5.435811
5.422883
5.410323
5.398192
5.386546
5.375443
5.364933
5.355069
5.345897
5.337461
5.329801
5.322954
5.316952
5.311824
5.307594
5.304284
5.301908
5.300478
5.300000
5.300478
5.301908
5.304284
5.307594
5.311824
5.316952
5.322954
5.329801
5.337461
5.345897
5.355069
5.364933
5.375443
5.386546
5.398192
5.410323
5.422883
5.435811
5.449046
5.462524
5.476181
5.489951
5.503770
5.517570
5.531287
5.544854
5.558207
5.571282
5.584017
5.596351
5.608224
5.619581
5.630367
5.640530
5.650022
5.658798
5.666816
5.674037
5.680427
5.685956
5.690596
5.694326
5.697129
5.698990
5.699901
5.699858
5.698860
5.696913
5.694026
5.690211
5.685489
5.679881
5.673414
5.666119
5.658031
5.649188
5.639633
5.629411
5.618571
5.607165
5.595248
5.582875
5.570107
5.557004
5.543629
5.530045
5.516318
5.502513
5.488696
5.474933
5.461290
5.447832
5.434622
5.421725
5.409202
5.397112
5.385514
5.374462
5.364009
5.354206
5.345099
5.336732
5.329144
5.322373
5.316449
5.311402
5.307255
5.304029
5.301738
5.300395
5.300004
5.300568
5.302085
5.304546
5.307941
5.312253
5.317461
5.323542
5.330464
5.338197
5.346702
5.355938
5.365863
5.376428
5.387583
5.399275
5.411448
5.424044
5.437003
5.450262
5.463759
5.477429
5.491206
5.505026
5.518822
5.532527
5.546078
5.559408
5.572455
5.585156
5.597450
5.609279
5.620586
5.631317
5.641421
5.650850
5.659559
5.667506
5.674653
5.680965
5.686414
5.690973
5.694620
5.697337
5.699112
5.699937
5.699807
5.698722
5.696689
5.693717
5.689819
5.685016
5.679328
5.672785
5.665416
5.657258
5.648348
5.638731
5.628450
5.617557
5.606102
5.594141
5.581730
5.568929
5.555798
5.542401
5.528802
5.515065
5.501256
5.487442
5.473687
5.460058
5.446620
5.433436
5.420570
5.408084
5.396037
5.384485
5.373486
5.363091
5.353349
5.344307
5.336010
5.328495
5.321799
5.315954
5.310987
5.306924
5.303782
5.301577
5.300320
5.300016
5.300667
5.302269
5.304817
5.308296
5.312690
5.317979
5.324137
5.331134
5.338938
5.347511
5.356812
5.366797
5.377419
5.388625
5.400363
5.412577
5.425208
5.438197
5.451480
5.464995
5.478678
5.492462
5.506282
5.520072
5.533767
5.547300
5.560607
5.573625
5.586291
5.598546
5.610329
5.621586
5.632262
5.642307
5.651672
5.660314
5.668189
5.675261
5.681497
5.686866
5.691342
5.694905
5.697538
5.699227
5.699965
5.699748
5.698576
5.696457
5.693400
5.689420
5.684535
5.678768
5.672148
5.664707
5.656478
5.647502
5.637823
5.627485
5.616538
5.605035
5.593030
5.580581
5.567748
5.554590
5.541173
5.527558
5.513812
5.500000
5.486188
5.472442
5.458827
5.445410
5.432252
5.419419
5.406970
5.394965
5.383462
5.372515
5.362177
5.352498
5.343522
5.335293
5.327852
5.321232
5.315465
5.310580
5.306600
5.303543
5.301424
5.300252
5.300035
5.300773
5.302462
5.305095
5.308658
5.313134
5.318503
5.324739
5.331811
5.339686
5.348328
5.357693
5.367738
5.378414
5.389671
5.401454
5.413709
5.426375
5.439393
5.452700
5.466233
5.479928
5.493718
5.507538
5.521322
5.535005
5.548520
5.561803
5.574792
5.587423
5.599637
5.611375
5.622581
5.633203
5.643188
5.652489
5.661062
5.668866
5.675863
5.682021
5.687310
5.691704
5.695183
5.697731
5.699333
5.699984
5.699680
5.698423
5.696218
5.693076
5.689013
5.684046
5.678201
5.671505
5.663990
5.655693
5.646651
5.636909
5.626514
5.615515
5.603963
5.591916
5.579430
5.566564
5.553380
5.539942
5.526313
5.512558
5.498744
5.484935
5.471198
5.457599
5.444202
5.431071
5.418270
5.405859
5.393898
5.382443
5.371550
5.361269
5.351652
5.342742
5.334584
5.327215
5.320672
5.314984
5.310181
5.306283
5.303311
5.301278
5.300193
5.300063
5.300888
5.302663
5.305380
5.309027
5.313586
5.319035
5.325347
5.332494
5.340441
5.349150
5.358579
5.368683
5.379414
5.390721
5.402550
5.414844
5.427545
5.440592
5.453922
5.467473
5.481178
5.494974
5.508794
5.522571
5.536241
5.549738
5.562997
5.575956
5.588552
5.600725
5.612417
5.623572
5.634137
5.644062
5.653298
5.661803
5.669536
5.676458
5.682539
5.687747
5.692059
5.695454
5.697915
5.699432
5.699996
5.699605
5.698262
5.695971
5.692745
5.688598
5.683551
5.677627
5.670856
5.663268
5.654901
5.645794
5.635991
5.625538
5.614486
5.602888
5.590798
5.578275
5.565378
5.552168
5.538710
5.525067
5.511304
5.497487
5.483682
5.469955
5.456371
5.442996
5.429893
5.417125
5.404752
5.392835
5.381429
5.370589
5.360367
5.350812
5.341969
5.333881
5.326586
5.320119
5.314511
5.309789
5.305974
5.303087
5.301140
5.300142
5.300099
5.301010
5.302871
5.305674
5.309404
5.314044
5.319573
5.325963
5.333184
5.341202
5.349978
5.359470
5.369633
5.380419
5.391776
5.403649
5.415983
5.428718
5.441793
5.455146
5.468713
5.482430
5.496230
5.510049
5.523819
5.537476
5.550954
5.564189
5.577117
5.589677
5.601808
5.613454
5.624557
5.635067
5.644931
5.654103
5.662539
5.670199
5.677046
5.683048
5.688176
5.692406
5.695716
5.698092
5.699522
5.700000
5.699522
5.698092
5.695716
5.692406
5.688176
5.683048
5.677046
5.670199
5.662539
5.654103
5.644931
5.635067
5.624557
5.613454
5.601808
5.589677
5.577117
5.564189
5.550954
5.537476
5.523819
5.510049
5.496230
5.482430
5.468713
5.455146
5.441793
5.428718
5.415983
5.403649
5.391776
5.380419
5.369633
5.359470
5.349978
5.341202
5.333184
5.325963
5.319573
5.314044
5.309404
5.305674
5.302871
5.301010
5.300099
5.300142
5.301140
5.303087
5.305974
5.309789
5.314511
5.320119
5.326586
5.333881
5.341969
5.350812
5.360367
5.370589
5.381429
5.392835
5.404752
5.417125
5.429893
5.442996
5.456371
5.469955
5.483682
5.497487
5.511304
5.525067
5.538710
5.552168
5.565378
5.578275
5.590798
5.602888
5.614486
5.625538
5.635991
5.645794
5.654901
5.663268
5.670856
5.677627
5.683551
5.688598
5.692745
5.695971
5.698262
5.699605
5.699996
5.699432
5.697915
5.695454
5.692059
5.687747
5.682539
5.676458
5.669536
5.661803
5.653298
5.644062
5.634137
5.623572
5.612417
5.600725
5.588552
5.575956
5.562997
5.549738
5.536241
5.522571
5.508794
5.494974
5.481178
5.467473
5.453922
5.440592
5.427545
5.414844
5.402550
5.390721
5.379414
5.368683
5.358579
5.349150
5.340441
5.332494
5.325347
5.319035
5.313586
5.309027
5.305380
5.302663
5.300888
5.300063
5.300193
5.301278
5.303311
5.306283
5.310181
5.314984
5.320672
5.327215
5.334584
5.342742
5.351652
5.361269
5.371550
5.382443
5.393898
5.405859
5.418270
5.431071
5.444202
5.457599
5.471198
5.484935
5.498744
5.512558
5.526313
5.539942
5.553380
5.566564
5.579430
5.591916
5.603963
5.615515
5.626514
5.636909
5.646651
5.655693
5.663990
5.671505
5.678201
5.684046
5.689013
5.693076
5.696218
5.698423
5.699680
5.699984
5.699333
5.697731
5.695183
5.691704
5.687310
5.682021
5.675863
5.668866
5.661062
5.652489
5.643188
5.633203
5.622581
5.611375
5.599637
5.587423
5.574792
5.561803
5.548520
5.535005
5.521322
5.507538
5.493718
5.479928
5.466233
5.452700
5.439393
5.426375
5.413709
5.401454
5.389671
5.378414
5.367738
5.357693
5.348328
5.339686
5.331811
5.324739
5.318503
5.313134
5.308658
5.305095
5.302462
5.300773
5.300035
5.300252
5.301424
5.303543
5.306600
5.310580
5.315465
5.321232
5.327852
5.335293
5.343522
5.352498
5.362177
5.372515
5.383462
5.394965
5.406970
5.419419
5.432252
5.445410
5.458827
5.472442
5.486188
5.500000
5.513812
5.527558
5.541173
5.554590
5.567748
5.580581
5.593030
5.605035
5.616538
5.627485
5.637823
5.647502
5.656478
5.664707
5.672148
5.678768
5.684535
5.689420
5.693400
5.696457
5.698576
5.699748
5.699965
5.699227
5.697538
5.694905
5.691342
5.686866
5.681497
5.675261
5.668189
5.660314
5.651672
5.642307
5.632262
5.621586
5.610329
5.598546
5.586291
5.573625
5.560607
5.547300
5.533767
5.520072
5.506282
5.492462
5.478678
5.464995
5.451480
5.438197
5.425208
5.412577
5.400363
5.388625
5.377419
5.366797
5.356812
5.347511
5.338938
5.331134
5.324137
5.317979
5.312690
5.308296
5.304817
5.302269
5.300667
5.300016
5.300320
5.301577
5.303782
5.306924
5.310987
5.315954
5.321799
5.328495
5.336010
5.344307
5.353349
5.363091
5.373486
5.384485
5.396037
5.408084
5.420570
5.433436
5.446620
5.460058
5.473687
5.487442
5.501256
5.515065
5.528802
5.542401
5.555798
5.568929
5.581730
5.594141
5.606102
5.617557
5.628450
5.638731
5.648348
5.657258
5.665416
5.672785
5.679328
5.685016
5.689819
5.693717
5.696689
5.698722
5.699807
5.699937
5.699112
5.697337
5.694620
5.690973
5.686414
5.680965
5.674653
5.667506
5.659559
5.650850
5.641421
5.631317
5.620586
5.609279
5.597450
5.585156
5.572455
5.559408
5.546078
5.532527
5.518822
5.505026
5.491206
5.477429
5.463759
5.450262
5.437003
5.424044
5.411448
5.399275
5.387583
5.376428
5.365863
5.355938
5.346702
5.338197
5.330464
5.323542
5.317461
5.312253
5.307941
5.304546
5.302085
5.300568
5.300004
5.300395
5.301738
5.304029
5.307255
5.311402
5.316449
5.322373
5.329144
5.336732
5.345099
5.354206
5.364009
5.374462
5.385514
5.397112
5.409202
5.421725
5.434622
5.447832
5.461290
5.474933
5.488696
5.502513
5.516318
5.530045
5.543629
5.557004
5.570107
5.582875
5.595248
5.607165
5.618571
5.629411
5.639633
5.649188
5.658031
5.666119
5.673414
5.679881
5.685489
5.690211
5.694026
5.696913
5.698860
5.699858
5.699901
5.698990
5.697129
5.694326
5.690596
5.685956
5.680427
5.674037
5.666816
5.658798
5.650022
5.640530
5.630367
5.619581
5.608224
5.596351
5.584017
5.571282
5.558207
5.544854
5.531287
5.517570
5.503770
5.489951
5.476181
5.462524
5.449046
5.435812
5.422883
5.410323
5.398192
5.386546
5.375443
5.364933
5.355069
5.345897
5.337461
5.329801
5.322954
5.316952
5.311824
5.307594
5.304284
5.301908
5.300478
5.300000
5.300478
5.301908
5.304284
5.307594
5.311824
5.316952
5.322954
5.329801
5.337461
5.345897
5.355069
5.364933
5.375443
5.386546
5.398192
5.410323
5.422883
5.435812
5.449046
5.462524
5.476181
5.489951
5.503770
5.517570
5.531287
5.544854
5.558207
5.571282
5.584017
5.596351
5.608224
5.619581
5.630367
5.640530
5.650022
5.658798
5.666816
5.674037
5.680427
5.685956
5.690596
5.694326
5.697129
5.698990
5.699901
5.699858
5.698860
5.696913
5.694026
5.690211
5.685489
5.679881
5.673414
5.666119
5.658031
5.649188
5.639633
5.629411
5.618571
5.607165
5.595248
5.582875
5.570107
5.557004
5.543629
5.530045
5.516318
5.502513
5.488696
5.474933
5.461290
5.447832
5.434622
5.421725
5.409202
5.397112
5.385514
5.374462
5.364009
5.354206
5.345099
5.336732
5.329144
5.322373
5.316449
5.311402
5.307255
5.304029
5.301738
5.300395
5.300004
5.300568
5.302085
5.304546
5.307941
5.312253
5.317461
5.323542
5.330464
5.338197
5.346702
5.355938
5.365863
5.376428
5.387583
5.399275
5.411448
5.424044
5.437003
5.450262
5.463759
5.477429
5.491206
5.505026
5.518822
5.532527
5.546078
5.559408
5.572455
5.585156
5.597450
5.609279
5.620586
5.631317
5.641421
5.650850
5.659559
5.667506
5.674653
5.680965
5.686414
5.690973
5.694620
5.697337
5.699112
5.699937
5.699807
5.698722
5.696689
5.693717
5.689819
5.685015
5.679328
5.672785
5.665416
5.657258
5.648348
5.638731
5.628450
5.617557
5.606102
5.594141
5.581730
5.568929
5.555798
5.542401
5.528802
5.515065
5.501256
5.487442
5.473687
5.460058
5.446620
5.433436
5.420570
5.408084
5.396037
5.384486
5.373486
5.363091
5.353349
5.344307
5.336010
5.328495
5.321799
5.315954
5.310987
5.306924
5.303782
5.301577
5.300320
5.300016
5.300667
5.302270
5.304817
5.308296
5.312690
5.317979
5.324137
5.331135
5.338939
5.347512
5.356813
5.366798
5.377419
5.388625
5.400363
5.412577
5.425209
5.438197
5.451480
5.464995
5.478678
5.492462
5.506282
5.520072
5.533766
5.547299
5.560606
5.573624
5.586290
5.598545
5.610328
5.621584
5.632260
5.642305
5.651670
5.660310
5.668185
5.675257
5.681492
5.686861
5.691337
5.694899
5.697530
5.699219
5.699955
5.699738
5.698566
5.696446
5.693388
5.689406
5.684520
5.678753
5.672132
5.664690
5.656461
5.647484
5.637804
5.627466
5.616519
5.605016
5.593012
5.580564
5.567732
5.554576
5.541161
5.527550
5.513807
5.500000
5.486194
5.472454
5.458848
5.445439
5.432292
5.419470
5.407035
5.395046
5.383560
5.372633
5.362317
5.352661
5.343712
5.335514
5.328104
5.321518
5.315790
5.310946
5.307008
5.303998
5.301928
5.300808
5.300645
5.301439
5.303186
5.305877
5.309499
5.314035
5.319461
5.325753
5.332877
5.340800
5.349482
5.358879
5.368945
5.379630
5.390879
5.402637
5.414842
5.427434
5.440347
5.453515
5.466870
5.480342
5.493860
5.507352
5.520746
5.533971
5.546954
5.559623
5.571909
5.583743
5.595057
5.605787
5.615872
5.625252
5.633872
5.641680
5.648632
5.654684
5.659802
5.663957
5.667124
5.669289
5.670443
5.670586
5.669725
5.667880
5.665073
5.661343
5.656730
5.651290
5.645083
5.638180
5.630658
5.622600
5.614096
5.605240
5.596130
5.586864
5.577540
5.568255
5.559103
5.550170
5.541538
5.533282
5.525465
5.518141
5.511354
5.505138
5.499514
5.494493
5.490078
5.486260
5.483023
5.480345
5.478195
5.476539
5.475340
5.474558
5.474150
5.474074
5.474289
5.474754
5.475430
5.476280
5.477269
5.478366
5.479544
5.480775
5.482038
5.483311
5.484580
5.485829
5.487046
5.488221
5.489347
5.490419
5.491431
5.492381
5.493268
5.494090
5.494849
5.495545
5.496181
5.496757
5.497278
5.497745
5.498162
5.498533
5.498859
5.499146
5.499395
5.499610
5.499794
5.499950
