5.500000
5.500055
5.500120
5.500197
5.500287
5.500391
5.500512
5.500650
5.500808
5.500987
5.501190
5.501419
5.501675
5.501963
5.502283
5.502639
5.503033
5.503467
5.503945
5.504468
5.505040
5.505661
5.506335
5.507063
5.507846
5.508686
5.509581
5.510532
5.511537
5.512595
5.513701
5.514852
5.516042
5.517264
5.518509
5.519768
5.521029
5.522277
5.523500
5.524681
5.525802
5.526844
5.527788
5.528614
5.529300
5.529827
5.530173
5.530320
5.530249
5.529943
5.529389
5.528574
5.527489
5.526127
5.524485
5.522563
5.520363
5.517892
5.515160
5.512177
5.508959
5.505523
5.501887
5.498071
5.494098
5.489989
5.485768
5.481460
5.477087
5.472673
5.468241
5.463815
5.459416
5.455065
5.450783
5.446589
5.442502
5.438539
5.434715
5.431047
5.427548
5.424231
5.421107
5.418189
5.415485
5.413005
5.410756
5.408745
5.406979
5.405461
5.404197
5.403190
5.402442
5.401956
5.401731
5.401768
5.402068
5.402627
5.403445
5.404519
5.405846
5.407420
5.409239
5.411296
5.413586
5.416102
5.418839
5.421786
5.424938
5.428286
5.431820
5.435531
5.439410
5.443446
5.447628
5.451947
5.456389
5.460945
5.465602
5.470348
5.475171
5.480058
5.484997
5.489976
5.494981
5.500000
5.505020
5.510028
5.515011
5.519957
5.524853
5.529687
5.534446
5.539118
5.543692
5.548156
5.552498
5.556708
5.560774
5.564687
5.568437
5.572014
5.575409
5.578614
5.581619
5.584419
5.587006
5.589372
5.591513
5.593422
5.595096
5.596529
5.597719
5.598661
5.599354
5.599796
5.599986
5.599924
5.599608
5.599042
5.598225
5.597159
5.595849
5.594296
5.592505
5.590480
5.588227
5.585751
5.583058
5.580155
5.577050
5.573750
5.570264
5.566600
5.562768
5.558778
5.554639
5.550362
5.545958
5.541437
5.536812
5.532094
5.527295
5.522427
5.517502
5.512533
5.507533
5.502513
5.497487
5.492467
5.487467
5.482498
5.477573
5.472705
5.467906
5.463188
5.458562
5.454042
5.449638
5.445361
5.441222
5.437231
5.433399
5.429735
5.426249
5.422949
5.419843
5.416941
5.414248
5.411771
5.409517
5.407492
5.405701
5.404148
5.402837
5.401771
5.400954
5.400387
5.400071
5.400008
5.400198
5.400639
5.401331
5.402273
5.403462
5.404894
5.406567
5.408476
5.410616
5.412982
5.415567
5.418366
5.421371
5.424575
5.427969
5.431545
5.435295
5.439207
5.443273
5.447483
5.451825
5.456288
5.460863
5.465536
5.470296
5.475131
5.480029
5.484977
5.489964
5.494976
5.500000
5.505024
5.510036
5.515023
5.519971
5.524869
5.529704
5.534464
5.539137
5.543712
5.548175
5.552517
5.556727
5.560793
5.564705
5.568455
5.572031
5.575425
5.578629
5.581634
5.584433
5.587018
5.589384
5.591524
5.593433
5.595106
5.596538
5.597727
5.598669
5.599361
5.599802
5.599992
5.599929
5.599613
5.599046
5.598229
5.597163
5.595852
5.594299
5.592508
5.590483
5.588229
5.585752
5.583060
5.580157
5.577051
5.573751
5.570265
5.566601
5.562769
5.558778
5.554639
5.550362
5.545958
5.541438
5.536812
5.532094
5.527295
5.522427
5.517502
5.512533
5.507533
5.502513
5.497487
5.492467
5.487467
5.482498
5.477573
5.472705
5.467906
5.463188
5.458562
5.454042
5.449638
5.445361
5.441222
5.437231
5.433399
5.429735
5.426249
5.422949
5.419843
5.416940
5.414248
5.411771
5.409517
5.407492
5.405701
5.404148
5.402837
5.401771
5.400954
5.400387
5.400071
5.400008
5.400198
5.400639
5.401331
5.402273
5.403462
5.404894
5.406567
5.408476
5.410616
5.412982
5.415567
5.418366
5.421371
5.424575
5.427969
5.431545
5.435295
5.439207
5.443273
5.447483
5.451825
5.456288
5.460863
5.465536
5.470296
5.475131
5.480029
5.484977
5.489964
5.494976
5.500000
5.505024
5.510036
5.515023
5.519971
5.524869
5.529704
5.534464
5.539137
5.543712
5.548175
5.552517
5.556727
5.560793
5.564705
5.568455
5.572031
5.575425
5.578629
5.581634
5.584433
5.587018
5.589384
5.591524
5.593433
5.595106
5.596538
5.597727
5.598669
5.599361
5.599802
5.599992
5.599929
5.599613
5.599046
5.598229
5.597163
5.595852
5.594299
5.592508
5.590483
5.588229
5.585752
5.583060
5.580157
5.577051
5.573751
5.570265
5.566601
5.562769
5.558779
5.554639
5.550362
5.545958
5.541438
5.536812
5.532094
5.527295
5.522427
5.517502
5.512533
5.507533
5.502513
5.497487
5.492467
5.487467
5.482498
5.477573
5.472705
5.467906
5.463188
5.458562
5.454042
5.449638
5.445361
5.441221
5.437231
5.433399
5.429735
5.426249
5.422949
5.419843
5.416940
5.414248
5.411771
5.409517
5.407492
5.405701
5.404148
5.402837
5.401771
5.400954
5.400387
5.400071
5.400008
5.400198
5.400639
5.401331
5.402273
5.403462
5.404894
5.406567
5.408476
5.410616
5.412982
5.415567
5.418366
5.421371
5.424575
5.427969
5.431545
5.435295
5.439207
5.443273
5.447483
5.451825
5.456288
5.460863
5.465536
5.470296
5.475131
5.480029
5.484977
5.489964
5.494976
5.500000
5.505024
5.510036
5.515023
5.519971
5.524869
5.529704
5.534464
5.539137
5.543712
5.548175
5.552517
5.556727
5.560793
5.564705
5.568455
5.572031
5.575425
5.578629
5.581634
5.584433
5.587018
5.589384
5.591524
5.593433
5.595106
5.596538
5.597727
5.598669
5.599361
5.599802
5.599992
5.599929
5.599613
5.599046
5.598229
5.597163
5.595852
5.594299
5.592508
5.590483
5.588229
5.585752
5.583060
5.580157
5.577051
5.573751
5.570265
5.566601
5.562769
5.558779
5.554639
5.550362
5.545958
5.541438
5.536812
5.532094
5.527295
5.522427
5.517502
5.512533
5.507533
5.502513
5.497487
5.492467
5.487467
5.482498
5.477573
5.472705
5.467906
5.463188
5.458562
5.454042
5.449638
5.445361
5.441221
5.437231
5.433399
5.429735
5.426249
5.422949
5.419843
5.416940
5.414248
5.411771
5.409517
5.407492
5.405701
5.404148
5.402837
5.401771
5.400954
5.400387
5.400071
5.400008
5.400198
5.400639
5.401331
5.402273
5.403462
5.404894
5.406567
5.408476
5.410616
5.412982
5.415567
5.418366
5.421371
5.424575
5.427969
5.431545
5.435295
5.439207
5.443273
5.447483
5.451825
5.456288
5.460863
5.465536
5.470296
5.475131
5.480029
5.484977
5.489964
5.494976
5.500000
5.505024
5.510036
5.515023
5.519971
5.524869
5.529704
5.534464
5.539137
5.543712
5.548175
5.552517
5.556727
5.560793
5.564705
5.568455
5.572031
5.575425
5.578629
5.581634
5.584433
5.587018
5.589384
5.591524
5.593433
5.595106
5.596538
5.597727
5.598669
5.599361
5.599802
5.599992
5.599929
5.599613
5.599046
5.598229
5.597163
5.595852
5.594299
5.592508
5.590483
5.588229
5.585752
5.583060
5.580157
5.577051
5.573751
5.570265
5.566601
5.562769
5.558779
5.554639
5.550362
5.545958
5.541438
5.536812
5.532094
5.527295
5.522427
5.517502
5.512533
5.507533
5.502513
5.497487
5.492467
5.487467
5.482498
5.477573
5.472705
5.467906
5.463188
5.458562
5.454042
5.449638
5.445361
5.441221
5.437231
5.433399
5.429735
5.426249
5.422949
5.419843
5.416940
5.414248
5.411771
5.409517
5.407492
5.405701
5.404148
5.402837
5.401771
5.400954
5.400387
5.400071
5.400008
5.400198
5.400639
5.401331
5.402273
5.403462
5.404894
5.406567
5.408476
5.410616
5.412982
5.415567
5.418366
5.421371
5.424575
5.427969
5.431545
5.435295
5.439207
5.443273
5.447483
5.451825
5.456288
5.460863
5.465536
5.470296
5.475131
5.480029
5.484977
5.489964
5.494976
5.500000
5.505024
5.510036
5.515023
5.519971
5.524869
5.529704
5.534464
5.539137
5.543712
5.548175
5.552517
5.556727
5.560793
5.564705
5.568455
5.572031
5.575425
5.578629
5.581634
5.584433
5.587018
5.589384
5.591524
5.593433
5.595106
5.596538
5.597727
5.598669
5.599361
5.599802
5.599992
5.599929
5.599613
5.599046
5.598229
5.597163
5.595852
5.594299
5.592508
5.590483
5.588229
5.585752
5.583060
5.580157
5.577051
5.573751
5.570265
5.566601
5.562769
5.558779
5.554639
5.550362
5.545958
5.541438
5.536812
5.532094
5.527295
5.522427
5.517502
5.512533
5.507533
5.502513
5.497487
5.492467
5.487467
5.482498
5.477573
5.472705
5.467906
5.463188
5.458562
5.454042
5.449638
5.445361
5.441221
5.437231
5.433399
5.429735
5.426249
5.422949
5.419843
5.416940
5.414248
5.411771
5.409517
5.407492
5.405701
5.404148
5.402837
5.401771
5.400954
5.400387
5.400071
5.400008
5.400198
5.400639
5.401331
5.402273
5.403462
5.404894
5.406567
5.408476
5.410616
5.412982
5.415567
5.418366
5.421371
5.424575
5.427969
5.431545
5.435295
5.439207
5.443273
5.447483
5.451825
5.456288
5.460863
5.465536
5.470296
5.475131
5.480029
5.484977
5.489964
5.494976
5.500000
5.505024
5.510036
5.515023
5.519971
5.524869
5.529704
5.534464
5.539137
5.543712
5.548175
5.552517
5.556727
5.560793
5.564705
5.568455
5.572031
5.575425
5.578629
5.581634
5.584433
5.587018
5.589384
5.591524
5.593433
5.595106
5.596538
5.597727
5.598669
5.599361
5.599802
5.599992
5.599929
5.599613
5.599046
5.598229
5.597163
5.595852
5.594299
5.592508
5.590483
5.588229
5.585752
5.583060
5.580157
5.577051
5.573751
5.570265
5.566601
5.562769
5.558779
5.554639
5.550362
5.545958
5.541438
5.536812
5.532094
5.527295
5.522427
5.517502
5.512533
5.507533
5.502513
5.497487
5.492467
5.487467
5.482498
5.477573
5.472705
5.467906
5.463188
5.458562
5.454042
5.449638
5.445361
5.441221
5.437231
5.433399
5.429735
5.426249
5.422949
5.419843
5.416940
5.414248
5.411771
5.409517
5.407492
5.405701
5.404148
5.402837
5.401771
5.400954
5.400387
5.400071
5.400008
5.400198
5.400639
5.401331
5.402273
5.403462
5.404894
5.406567
5.408476
5.410616
5.412982
5.415567
5.418366
5.421371
5.424575
5.427969
5.431545
5.435295
5.439207
5.443273
5.447483
5.451825
5.456288
5.460863
5.465536
5.470296
5.475131
5.480029
5.484977
5.489964
5.494976
5.500000
5.505024
5.510036
5.515023
5.519971
5.524869
5.529704
5.534464
5.539137
5.543712
5.548175
5.552517
5.556727
5.560793
5.564705
5.568455
5.572031
5.575425
5.578629
5.581634
5.584433
5.587018
5.589384
5.591524
5.593433
5.595106
5.596538
5.597727
5.598669
5.599361
5.599802
5.599992
5.599929
5.599613
5.599046
5.598229
5.597163
5.595852
5.594299
5.592508
5.590483
5.588229
5.585752
5.583060
5.580157
5.577051
5.573751
5.570265
5.566601
5.562769
5.558779
5.554639
5.550362
5.545958
5.541438
5.536812
5.532094
5.527295
5.522427
5.517502
5.512533
5.507533
5.502513
5.497487
5.492467
5.487467
5.482498
5.477573
5.472705
5.467906
5.463188
5.458562
5.454042
5.449638
5.445361
5.441221
5.437231
5.433399
5.429735
5.426249
5.422949
5.419843
5.416940
5.414248
5.411771
5.409517
5.407492
5.405701
5.404148
5.402837
5.401771
5.400954
5.400387
5.400071
5.400008
5.400198
5.400639
5.401331
5.402273
5.403462
5.404894
5.406567
5.408476
5.410616
5.412982
5.415567
5.418366
5.421371
5.424575
5.427969
5.431545
5.435295
5.439207
5.443273
5.447483
5.451825
5.456288
5.460863
5.465536
5.470296
5.475131
5.480029
5.484977
5.489964
5.494976
5.500000
5.505024
5.510036
5.515023
5.519971
5.524869
5.529704
5.534464
5.539137
5.543712
5.548175
5.552517
5.556727
5.560793
5.564705
5.568455
5.572031
5.575425
5.578629
5.581634
5.584433
5.587018
5.589384
5.591524
5.593433
5.595106
5.596538
5.597727
5.598669
5.599361
5.599802
5.599992
5.599929
5.599613
5.599046
5.598229
5.597163
5.595852
5.594299
5.592508
5.590483
5.588229
5.585752
5.583060
5.580157
5.577051
5.573751
5.570265
5.566601
5.562769
5.558779
5.554639
5.550362
5.545958
5.541438
5.536812
5.532094
5.527295
5.522427
5.517502
5.512533
5.507533
5.502513
5.497487
5.492467
5.487467
5.482498
5.477573
5.472705
5.467906
5.463188
5.458562
5.454042
5.449638
5.445361
5.441221
5.437231
5.433399
5.429735
5.426249
5.422949
5.419843
5.416940
5.414248
5.411771
5.409517
5.407492
5.405701
5.404148
5.402837
5.401771
5.400954
5.400387
5.400071
5.400008
5.400198
5.400639
5.401331
5.402273
5.403462
5.404894
5.406567
5.408476
5.410616
5.412982
5.415567
5.418366
5.421371
5.424575
5.427969
5.431545
5.435295
5.439207
5.443273
5.447483
5.451825
5.456288
5.460863
5.465536
5.470296
5.475131
5.480029
5.484977
5.489964
5.494976
5.500000
5.505024
5.510036
5.515023
5.519971
5.524869
5.529704
5.534464
5.539137
5.543712
5.548175
5.552517
5.556727
5.560793
5.564705
5.568455
5.572031
5.575425
5.578629
5.581634
5.584433
5.587018
5.589384
5.591524
5.593433
5.595106
5.596538
5.597727
5.598669
5.599361
5.599802
5.599992
5.599929
5.599613
5.599046
5.598229
5.597163
5.595852
5.594299
5.592508
5.590483
5.588229
5.585752
5.583060
5.580157
5.577051
5.573751
5.570265
5.566601
5.562769
5.558779
5.554639
5.550362
5.545958
5.541438
5.536812
5.532094
5.527295
5.522427
5.517502
5.512533
5.507533
5.502513
5.497487
5.492467
5.487467
5.482498
5.477573
5.472705
5.467906
5.463188
5.458562
5.454042
5.449638
5.445361
5.441221
5.437231
5.433399
5.429735
5.426249
5.422949
5.419843
5.416940
5.414248
5.411771
5.409517
5.407492
5.405701
5.404148
5.402837
5.401771
5.400954
5.400387
5.400071
5.400008
5.400198
5.400639
5.401331
5.402273
5.403462
5.404894
5.406567
5.408476
5.410616
5.412982
5.415567
5.418366
5.421371
5.424575
5.427969
5.431545
5.435295
5.439207
5.443273
5.447483
5.451825
5.456288
5.460863
5.465536
5.470296
5.475131
5.480029
5.484977
5.489964
5.494976
5.500000
5.505024
5.510036
5.515023
5.519971
5.524869
5.529704
5.534464
5.539137
5.543712
5.548175
5.552517
5.556727
5.560793
5.564705
5.568455
5.572031
5.575425
5.578629
5.581634
5.584433
5.587018
5.589384
5.591524
5.593433
5.595106
5.596538
5.597727
5.598669
5.599361
5.599802
5.599992
5.599929
5.599613
5.599046
5.598229
5.597163
5.595852
5.594299
5.592508
5.590483
5.588229
5.585752
5.583060
5.580157
5.577051
5.573751
5.570265
5.566601
5.562769
5.558779
5.554639
5.550362
5.545958
5.541438
5.536812
5.532094
5.527295
5.522427
5.517502
5.512533
5.507533
5.502513
5.497487
5.492467
5.487467
5.482498
5.477573
5.472705
5.467906
5.463188
5.458562
5.454042
5.449638
5.445361
5.441221
5.437231
5.433399
5.429735
5.426249
5.422949
5.419843
5.416940
5.414248
5.411771
5.409517
5.407492
5.405701
5.404148
5.402837
5.401771
5.400954
5.400387
5.400071
5.400008
5.400198
5.400639
5.401331
5.402273
5.403462
5.404894
5.406567
5.408476
5.410616
5.412982
5.415567
5.418366
5.421371
5.424575
5.427969
5.431545
5.435295
5.439207
5.443273
5.447483
5.451825
5.456288
5.460863
5.465536
5.470296
5.475131
5.480029
5.484977
5.489964
5.494976
5.500000
5.505024
5.510036
5.515023
5.519971
5.524869
5.529704
5.534464
5.539137
5.543712
5.548175
5.552517
5.556727
5.560793
5.564705
5.568455
5.572031
5.575425
5.578629
5.581634
5.584433
5.587018
5.589384
5.591524
5.593433
5.595106
5.596538
5.597727
5.598669
5.599361
5.599802
5.599992
5.599929
5.599613
5.599046
5.598229
5.597163
5.595852
5.594299
5.592508
5.590483
5.588229
5.585752
5.583060
5.580157
5.577051
5.573751
5.570265
5.566601
5.562769
5.558779
5.554639
5.550362
5.545958
5.541438
5.536812
5.532094
5.527295
5.522427
5.517502
5.512533
5.507533
5.502513
5.497487
5.492467
5.487467
5.482498
5.477573
5.472705
5.467906
5.463188
5.458562
5.454042
5.449638
5.445361
5.441221
5.437231
5.433399
5.429735
5.426249
5.422949
5.419843
5.416940
5.414248
5.411771
5.409517
5.407492
5.405701
5.404148
5.402837
5.401771
5.400954
5.400387
5.400071
5.400008
5.400198
5.400639
5.401331
5.402273
5.403462
5.404894
5.406567
5.408476
5.410616
5.412982
5.415567
5.418366
5.421371
5.424575
5.427969
5.431545
5.435295
5.439207
5.443273
5.447483
5.451825
5.456288
5.460863
5.465536
5.470296
5.475131
5.480029
5.484977
5.489964
5.494976
5.500000
5.505024
5.510036
5.515023
5.519971
5.524869
5.529704
5.534464
5.539137
5.543712
5.548175
5.552517
5.556727
5.560793
5.564705
5.568455
5.572031
5.575425
5.578629
5.581634
5.584433
5.587018
5.589384
5.591524
5.593433
5.595106
5.596538
5.597727
5.598669
5.599361
5.599802
5.599992
5.599929
5.599613
5.599046
5.598229
5.597163
5.595852
5.594299
5.592508
5.590483
5.588229
5.585752
5.583060
5.580157
5.577051
5.573751
5.570265
5.566601
5.562769
5.558779
5.554639
5.550362
5.545958
5.541438
5.536812
5.532094
5.527295
5.522427
5.517502
5.512533
5.507533
5.502513
5.497487
5.492467
5.487467
5.482498
5.477573
5.472705
5.467906
5.463188
5.458562
5.454042
5.449638
5.445361
5.441221
5.437231
5.433399
5.429735
5.426249
5.422949
5.419843
5.416940
5.414248
5.411771
5.409517
5.407492
5.405701
5.404148
5.402837
5.401771
5.400954
5.400387
5.400071
5.400008
5.400198
5.400639
5.401331
5.402273
5.403462
5.404894
5.406567
5.408476
5.410616
5.412982
5.415567
5.418366
5.421371
5.424575
5.427969
5.431545
5.435295
5.439207
5.443273
5.447483
5.451825
5.456288
5.460863
5.465536
5.470296
5.475131
5.480029
5.484977
5.489964
5.494976
5.500000
5.505024
5.510036
5.515023
5.519971
5.524869
5.529704
5.534464
5.539137
5.543712
5.548175
5.552517
5.556727
5.560793
5.564705
5.568455
5.572031
5.575425
5.578629
5.581634
5.584433
5.587018
5.589384
5.591524
5.593433
5.595106
5.596538
5.597727
5.598669
5.599361
5.599802
5.599992
5.599929
5.599613
5.599046
5.598229
5.597163
5.595852
5.594299
5.592508
5.590483
5.588229
5.585752
5.583060
5.580157
5.577051
5.573751
5.570265
5.566601
5.562769
5.558779
5.554639
5.550362
5.545958
5.541438
5.536812
5.532094
5.527295
5.522427
5.517502
5.512533
5.507533
5.502513
5.497487
5.492467
5.487467
5.482498
5.477573
5.472705
5.467906
5.463188
5.458562
5.454042
5.449638
5.445361
5.441221
5.437231
5.433399
5.429735
5.426249
5.422949
5.419843
5.416940
5.414248
5.411771
5.409517
5.407492
5.405701
5.404148
5.402837
5.401771
5.400954
5.400387
5.400071
5.400008
5.400198
5.400639
5.401331
5.402273
5.403462
5.404894
5.406567
5.408476
5.410616
5.412982
5.415567
5.418366
5.421371
5.424575
5.427969
5.431545
5.435295
5.439207
5.443273
5.447483
5.451825
5.456288
5.460863
5.465536
5.470296
5.475131
5.480029
5.484977
5.489964
5.494976
5.500000
5.505024
5.510036
5.515023
5.519971
5.524869
5.529704
5.534464
5.539137
5.543712
5.548175
5.552517
5.556727
5.560793
5.564705
5.568455
5.572031
5.575425
5.578629
5.581634
5.584433
5.587018
5.589384
5.591524
5.593433
5.595106
5.596538
5.597727
5.598669
5.599361
5.599802
5.599992
5.599929
5.599613
5.599046
5.598229
5.597163
5.595852
5.594299
5.592508
5.590483
5.588229
5.585752
5.583060
5.580157
5.577051
5.573751
5.570265
5.566601
5.562769
5.558779
5.554639
5.550362
5.545958
5.541438
5.536812
5.532094
5.527295
5.522427
5.517502
5.512533
5.507533
5.502513
5.497487
5.492467
5.487467
5.482498
5.477573
5.472705
5.467906
5.463188
5.458562
5.454042
5.449638
5.445361
5.441221
5.437231
5.433399
5.429735
5.426249
5.422949
5.419843
5.416940
5.414248
5.411771
5.409517
5.407492
5.405701
5.404148
5.402837
5.401771
5.400954
5.400387
5.400071
5.400008
5.400198
5.400639
5.401331
5.402273
5.403462
5.404894
5.406567
5.408476
5.410616
5.412982
5.415567
5.418366
5.421371
5.424575
5.427969
5.431545
5.435295
5.439207
5.443273
5.447483
5.451825
5.456288
5.460863
5.465536
5.470296
5.475131
5.480029
5.484977
5.489964
5.494976
5.500000
5.505024
5.510036
5.515023
5.519971
5.524869
5.529704
5.534464
5.539137
5.543712
5.548175
5.552517
5.556727
5.560793
5.564705
5.568455
5.572031
5.575425
5.578629
5.581634
5.584433
5.587018
5.589384
5.591524
5.593433
5.595106
5.596538
5.597727
5.598669
5.599361
5.599802
5.599992
5.599929
5.599613
5.599046
5.598229
5.597163
5.595852
5.594299
5.592508
5.590483
5.588229
5.585752
5.583060
5.580157
5.577051
5.573751
5.570265
5.566601
5.562769
5.558779
5.554639
5.550362
5.545958
5.541438
5.536812
5.532094
5.527295
5.522427
5.517502
5.512533
5.507533
5.502513
5.497487
5.492467
5.487467
5.482498
5.477573
5.472705
5.467906
5.463188
5.458562
5.454042
5.449638
5.445361
5.441221
5.437231
5.433399
5.429735
5.426249
5.422949
5.419843
5.416940
5.414248
5.411771
5.409517
5.407492
5.405701
5.404148
5.402837
5.401771
5.400954
5.400387
5.400071
5.400008
5.400198
5.400639
5.401331
5.402273
5.403462
5.404894
5.406567
5.408476
5.410616
5.412982
5.415567
5.418366
5.421371
5.424575
5.427969
5.431545
5.435295
5.439207
5.443273
5.447483
5.451825
5.456288
5.460863
5.465536
5.470296
5.475131
5.480029
5.484977
5.489964
5.494976
5.500000
5.505024
5.510036
5.515023
5.519971
5.524869
5.529704
5.534464
5.539137
5.543712
5.548175
5.552517
5.556727
5.560793
5.564705
5.568455
5.572031
5.575425
5.578629
5.581634
5.584433
5.587018
5.589384
5.591524
5.593433
5.595106
5.596538
5.597727
5.598669
5.599361
5.599802
5.599992
5.599929
5.599613
5.599046
5.598229
5.597163
5.595852
5.594299
5.592508
5.590483
5.588229
5.585752
5.583060
5.580157
5.577051
5.573751
5.570265
5.566601
5.562769
5.558779
5.554639
5.550362
5.545958
5.541438
5.536812
5.532094
5.527295
5.522427
5.517502
5.512533
5.507533
5.502513
5.497487
5.492467
5.487467
5.482498
5.477573
5.472705
5.467906
5.463188
5.458562
5.454042
5.449638
5.445361
5.441221
5.437231
5.433399
5.429735
5.426249
5.422949
5.419843
5.416940
5.414248
5.411771
5.409517
5.407492
5.405701
5.404148
5.402837
5.401771
5.400954
5.400387
5.400071
5.400008
5.400198
5.400639
5.401331
5.402273
5.403462
5.404894
5.406567
5.408476
5.410616
5.412982
5.415567
5.418366
5.421371
5.424575
5.427969
5.431545
5.435295
5.439207
5.443273
5.447483
5.451825
5.456288
5.460863
5.465536
5.470296
5.475131
5.480029
5.484977
5.489964
5.494976
5.500000
5.505024
5.510036
5.515023
5.519971
5.524869
5.529704
5.534464
5.539137
5.543712
5.548175
5.552517
5.556727
5.560793
5.564705
5.568455
5.572031
5.575425
5.578629
5.581634
5.584433
5.587018
5.589384
5.591524
5.593433
5.595106
5.596538
5.597727
5.598669
5.599361
5.599802
5.599992
5.599929
5.599613
5.599046
5.598229
5.597163
5.595852
5.594299
5.592508
5.590483
5.588229
5.585752
5.583060
5.580157
5.577051
5.573751
5.570265
5.566601
5.562769
5.558779
5.554639
5.550362
5.545958
5.541438
5.536812
5.532094
5.527295
5.522427
5.517502
5.512533
5.507533
5.502513
5.497487
5.492467
5.487467
5.482498
5.477573
5.472705
5.467906
5.463188
5.458562
5.454042
5.449638
5.445361
5.441221
5.437231
5.433399
5.429735
5.426249
5.422949
5.419843
5.416940
5.414248
5.411771
5.409517
5.407492
5.405701
5.404148
5.402837
5.401771
5.400954
5.400387
5.400071
5.400008
5.400198
5.400639
5.401331
5.402273
5.403462
5.404894
5.406567
5.408476
5.410616
5.412982
5.415567
5.418366
5.421371
5.424575
5.427969
5.431545
5.435295
5.439207
5.443273
5.447483
5.451825
5.456288
5.460863
5.465536
5.470296
5.475131
5.480029
5.484977
5.489964
5.494976
5.500000
5.505024
5.510036
5.515023
5.519971
5.524869
5.529704
5.534464
5.539137
5.543712
5.548175
5.552517
5.556727
5.560793
5.564705
5.568455
5.572031
5.575425
5.578629
5.581634
5.584433
5.587018
5.589384
5.591524
5.593433
5.595106
5.596538
5.597727
5.598669
5.599361
5.599802
5.599992
5.599929
5.599613
5.599046
5.598229
5.597163
5.595852
5.594299
5.592508
5.590483
5.588229
5.585752
5.583060
5.580157
5.577051
5.573751
5.570265
5.566601
5.562769
5.558779
5.554639
5.550362
5.545958
5.541438
5.536812
5.532094
5.527295
5.522427
5.517502
5.512533
5.507533
5.502513
5.497487
5.492467
5.487467
5.482498
5.477573
5.472705
5.467906
5.463188
5.458562
5.454042
5.449638
5.445361
5.441221
5.437231
5.433399
5.429735
5.426249
5.422949
5.419843
5.416940
5.414248
5.411771
5.409517
5.407492
5.405701
5.404148
5.402837
5.401771
5.400954
5.400387
5.400071
5.400008
5.400198
5.400639
5.401331
5.402273
5.403462
5.404894
5.406567
5.408476
5.410616
5.412982
5.415567
5.418366
5.421371
5.424575
5.427969
5.431545
5.435295
5.439207
5.443273
5.447483
5.451825
5.456288
5.460863
5.465536
5.470296
5.475131
5.480029
5.484977
5.489964
5.494976
5.500000
5.505024
5.510036
5.515023
5.519971
5.524869
5.529704
5.534464
5.539137
5.543712
5.548175
5.552517
5.556727
5.560793
5.564705
5.568455
5.572031
5.575425
5.578629
5.581634
5.584433
5.587018
5.589384
5.591524
5.593433
5.595106
5.596538
5.597727
5.598669
5.599361
5.599802
5.599992
5.599929
5.599613
5.599046
5.598229
5.597163
5.595852
5.594299
5.592508
5.590483
5.588229
5.585752
5.583060
5.580157
5.577051
5.573751
5.570265
5.566601
5.562769
5.558779
5.554639
5.550362
5.545958
5.541438
5.536812
5.532094
5.527295
5.522427
5.517502
5.512533
5.507533
5.502513
5.497487
5.492467
5.487467
5.482498
5.477573
5.472705
5.467906
5.463188
5.458562
5.454042
5.449638
5.445361
5.441221
5.437231
5.433399
5.429735
5.426249
5.422949
5.419843
5.416940
5.414248
5.411771
5.409517
5.407492
5.405701
5.404148
5.402837
5.401771
5.400954
5.400387
5.400071
5.400008
5.400198
5.400639
5.401331
5.402273
5.403462
5.404894
5.406567
5.408476
5.410616
5.412982
5.415567
5.418366
5.421371
5.424575
5.427969
5.431545
5.435295
5.439207
5.443273
5.447483
5.451825
5.456288
5.460863
5.465536
5.470296
5.475131
5.480029
5.484977
5.489964
5.494976
5.500000
5.505024
5.510036
5.515023
5.519971
5.524869
5.529704
5.534464
5.539137
5.543712
5.548175
5.552517
5.556727
5.560793
5.564705
5.568455
5.572031
5.575425
5.578629
5.581634
5.584433
5.587018
5.589384
5.591524
5.593433
5.595106
5.596538
5.597727
5.598669
5.599361
5.599802
5.599992
5.599929
5.599613
5.599046
5.598229
5.597163
5.595852
5.594299
5.592508
5.590483
5.588229
5.585752
5.583060
5.580157
5.577051
5.573751
5.570265
5.566601
5.562769
5.558779
5.554639
5.550362
5.545958
5.541438
5.536812
5.532094
5.527295
5.522427
5.517502
5.512533
5.507533
5.502513
5.497487
5.492467
5.487467
5.482498
5.477573
5.472705
5.467906
5.463188
5.458562
5.454042
5.449638
5.445361
5.441221
5.437231
5.433399
5.429735
5.426249
5.422949
5.419843
5.416940
5.414248
5.411771
5.409517
5.407492
5.405701
5.404148
5.402837
5.401771
5.400954
5.400387
5.400071
5.400008
5.400198
5.400639
5.401331
5.402273
5.403462
5.404894
5.406567
5.408476
5.410616
5.412982
5.415567
5.418366
5.421371
5.424575
5.427969
5.431545
5.435295
5.439207
5.443273
5.447483
5.451825
5.456288
5.460863
5.465536
5.470296
5.475131
5.480029
5.484977
5.489964
5.494976
5.500000
5.505024
5.510036
5.515023
5.519971
5.524869
5.529704
5.534464
5.539137
5.543712
5.548175
5.552517
5.556727
5.560793
5.564705
5.568455
5.572031
5.575425
5.578629
5.581634
5.584433
5.587018
5.589384
5.591524
5.593433
5.595106
5.596538
5.597727
5.598669
5.599361
5.599802
5.599992
5.599929
5.599613
5.599046
5.598229
5.597163
5.595852
5.594299
5.592508
5.590483
5.588229
5.585752
5.583060
5.580157
5.577051
5.573751
5.570265
5.566601
5.562769
5.558779
5.554639
5.550362
5.545958
5.541438
5.536812
5.532094
5.527295
5.522427
5.517502
5.512533
5.507533
5.502513
5.497487
5.492467
5.487467
5.482498
5.477573
5.472705
5.467906
5.463188
5.458562
5.454042
5.449638
5.445361
5.441221
5.437231
5.433399
5.429735
5.426249
5.422949
5.419843
5.416940
5.414248
5.411771
5.409517
5.407492
5.405701
5.404148
5.402837
5.401771
5.400954
5.400387
5.400071
5.400008
5.400198
5.400639
5.401331
5.402273
5.403462
5.404894
5.406567
5.408476
5.410616
5.412982
5.415567
5.418366
5.421371
5.424575
5.427969
5.431545
5.435295
5.439207
5.443273
5.447483
5.451825
5.456288
5.460863
5.465536
5.470296
5.475131
5.480029
5.484977
5.489964
5.494976
5.500000
5.505024
5.510036
5.515023
5.519971
5.524869
5.529704
5.534464
5.539137
5.543712
5.548175
5.552517
5.556727
5.560793
5.564705
5.568455
5.572031
5.575425
5.578629
5.581634
5.584433
5.587018
5.589384
5.591524
5.593433
5.595106
5.596538
5.597727
5.598669
5.599361
5.599802
5.599992
5.599929
5.599613
5.599046
5.598229
5.597163
5.595852
5.594299
5.592508
5.590483
5.588229
5.585752
5.583060
5.580157
5.577051
5.573751
5.570265
5.566601
5.562769
5.558779
5.554639
5.550362
5.545958
5.541438
5.536812
5.532094
5.527295
5.522427
5.517502
5.512533
5.507533
5.502513
5.497487
5.492467
5.487467
5.482498
5.477573
5.472705
5.467906
5.463188
5.458562
5.454042
5.449638
5.445361
5.441221
5.437231
5.433399
5.429735
5.426249
5.422949
5.419843
5.416940
5.414248
5.411771
5.409517
5.407492
5.405701
5.404148
5.402837
5.401771
5.400954
5.400387
5.400071
5.400008
5.400198
5.400639
5.401331
5.402273
5.403462
5.404894
5.406567
5.408476
5.410616
5.412982
5.415567
5.418366
5.421371
5.424575
5.427969
5.431545
5.435295
5.439207
5.443273
5.447483
5.451825
5.456288
5.460863
5.465536
5.470296
5.475131
5.480029
5.484977
5.489964
5.494976
5.500000
5.505024
5.510036
5.515023
5.519971
5.524869
5.529704
5.534464
5.539137
5.543712
5.548175
5.552517
5.556727
5.560793
5.564705
5.568455
5.572031
5.575425
5.578629
5.581634
5.584433
5.587018
5.589384
5.591524
5.593433
5.595106
5.596538
5.597727
5.598669
5.599361
5.599802
5.599992
5.599929
5.599613
5.599046
5.598229
5.597163
5.595852
5.594299
5.592508
5.590483
5.588229
5.585752
5.583060
5.580157
5.577051
5.573751
5.570265
5.566601
5.562769
5.558779
5.554639
5.550362
5.545958
5.541438
5.536812
5.532094
5.527295
5.522427
5.517502
5.512533
5.507533
5.502513
5.497487
5.492467
5.487467
5.482498
5.477573
5.472705
5.467906
5.463188
5.458562
5.454042
5.449638
5.445361
5.441221
5.437231
5.433399
5.429735
5.426249
5.422949
5.419843
5.416940
5.414248
5.411771
5.409517
5.407492
5.405701
5.404148
5.402837
5.401771
5.400954
5.400387
5.400071
5.400008
5.400198
5.400639
5.401331
5.402273
5.403462
5.404894
5.406567
5.408476
5.410616
5.412982
5.415567
5.418366
5.421371
5.424575
5.427969
5.431545
5.435295
5.439207
5.443273
5.447483
5.451825
5.456288
5.460863
5.465536
5.470296
5.475131
5.480029
5.484977
5.489964
5.494976
5.500000
5.505024
5.510036
5.515023
5.519971
5.524869
5.529704
5.534464
5.539137
5.543712
5.548175
5.552517
5.556727
5.560793
5.564705
5.568455
5.572031
5.575425
5.578629
5.581634
5.584433
5.587018
5.589384
5.591524
5.593433
5.595106
5.596538
5.597727
5.598669
5.599361
5.599802
5.599992
5.599929
5.599613
5.599046
5.598229
5.597163
5.595852
5.594299
5.592508
5.590483
5.588229
5.585752
5.583060
5.580157
5.577051
5.573751
5.570265
5.566601
5.562769
5.558779
5.554639
5.550362
5.545958
5.541438
5.536812
5.532094
5.527295
5.522427
5.517502
5.512533
5.507533
5.502513
5.497487
5.492467
5.487467
5.482498
5.477573
5.472705
5.467906
5.463188
5.458562
5.454042
5.449638
5.445361
5.441221
5.437231
5.433399
5.429735
5.426249
5.422949
5.419843
5.416940
5.414248
5.411771
5.409517
5.407492
5.405701
5.404148
5.402837
5.401771
5.400954
5.400387
5.400071
5.400008
5.400198
5.400639
5.401331
5.402273
5.403462
5.404894
5.406567
5.408476
5.410616
5.412982
5.415567
5.418366
5.421371
5.424575
5.427969
5.431545
5.435295
5.439207
5.443273
5.447483
5.451825
5.456288
5.460863
5.465536
5.470296
5.475131
5.480029
5.484977
5.489964
5.494976
5.500000
5.505024
5.510036
5.515023
5.519971
5.524869
5.529704
5.534464
5.539137
5.543712
5.548175
5.552517
5.556727
5.560793
5.564705
5.568455
5.572031
5.575425
5.578629
5.581634
5.584433
5.587018
5.589384
5.591524
5.593433
5.595106
5.596538
5.597727
5.598669
5.599361
5.599802
5.599992
5.599929
5.599613
5.599046
5.598229
5.597163
5.595852
5.594299
5.592508
5.590483
5.588229
5.585752
5.583060
5.580157
5.577051
5.573751
5.570265
5.566601
5.562769
5.558779
5.554639
5.550362
5.545958
5.541438
5.536812
5.532094
5.527295
5.522427
5.517502
5.512533
5.507533
5.502513
5.497487
5.492467
5.487467
5.482498
5.477573
5.472705
5.467906
5.463188
5.458562
5.454042
5.449638
5.445361
5.441221
5.437231
5.433399
5.429735
5.426249
5.422949
5.419843
5.416940
5.414248
5.411771
5.409517
5.407492
5.405701
5.404148
5.402837
5.401771
5.400954
5.400387
5.400071
5.400008
5.400198
5.400639
5.401331
5.402273
5.403462
5.404894
5.406567
5.408476
5.410616
5.412982
5.415567
5.418366
5.421371
5.424575
5.427969
5.431545
5.435295
5.439207
5.443273
5.447483
5.451825
5.456288
5.460863
5.465536
5.470296
5.475131
5.480029
5.484977
5.489964
5.494976
5.500000
5.505024
5.510036
5.515023
5.519971
5.524869
5.529704
5.534464
5.539137
5.543712
5.548175
5.552517
5.556727
5.560793
5.564705
5.568455
5.572031
5.575425
5.578629
5.581634
5.584433
5.587018
5.589384
5.591524
5.593433
5.595106
5.596538
5.597727
5.598669
5.599361
5.599802
5.599992
5.599929
5.599613
5.599046
5.598229
5.597163
5.595852
5.594299
5.592508
5.590483
5.588229
5.585752
5.583060
5.580157
5.577051
5.573751
5.570265
5.566601
5.562769
5.558779
5.554639
5.550362
5.545958
5.541438
5.536812
5.532094
5.527295
5.522427
5.517502
5.512533
5.507533
5.502513
5.497487
5.492467
5.487467
5.482498
5.477573
5.472705
5.467906
5.463188
5.458562
5.454042
5.449638
5.445361
5.441221
5.437231
5.433399
5.429735
5.426249
5.422949
5.419843
5.416940
5.414248
5.411771
5.409517
5.407492
5.405701
5.404148
5.402837
5.401771
5.400954
5.400387
5.400071
5.400008
5.400198
5.400639
5.401331
5.402273
5.403462
5.404894
5.406567
5.408476
5.410616
5.412982
5.415567
5.418366
5.421371
5.424575
5.427969
5.431545
5.435295
5.439207
5.443273
5.447483
5.451825
5.456288
5.460863
5.465536
5.470296
5.475131
5.480029
5.484977
5.489964
5.494976
5.500000
5.505024
5.510036
5.515023
5.519971
5.524869
5.529704
5.534464
5.539137
5.543712
5.548175
5.552517
5.556727
5.560793
5.564705
5.568455
5.572031
5.575425
5.578629
5.581634
5.584433
5.587018
5.589384
5.591524
5.593433
5.595106
5.596538
5.597727
5.598669
5.599361
5.599802
5.599992
5.599929
5.599613
5.599046
5.598229
5.597163
5.595852
5.594299
5.592508
5.590483
5.588229
5.585752
5.583060
5.580157
5.577051
5.573751
5.570265
5.566601
5.562769
5.558779
5.554639
5.550362
5.545958
5.541438
5.536812
5.532094
5.527295
5.522427
5.517502
5.512533
5.507533
5.502513
5.497487
5.492467
5.487467
5.482498
5.477573
5.472705
5.467906
5.463188
5.458562
5.454042
5.449638
5.445361
5.441221
5.437231
5.433399
5.429735
5.426249
5.422949
5.419843
5.416940
5.414248
5.411771
5.409517
5.407492
5.405701
5.404148
5.402837
5.401771
5.400954
5.400387
5.400071
5.400008
5.400198
5.400639
5.401331
5.402273
5.403462
5.404894
5.406567
5.408476
5.410616
5.412982
5.415567
5.418366
5.421371
5.424575
5.427969
5.431545
5.435295
5.439207
5.443273
5.447483
5.451825
5.456288
5.460863
5.465536
5.470296
5.475131
5.480029
5.484977
5.489964
5.494976
5.500000
5.505024
5.510036
5.515023
5.519971
5.524869
5.529704
5.534464
5.539137
5.543712
5.548175
5.552517
5.556727
5.560793
5.564705
5.568455
5.572031
5.575425
5.578629
5.581634
5.584433
5.587018
5.589384
5.591524
5.593433
5.595106
5.596538
5.597727
5.598669
5.599361
5.599802
5.599992
5.599929
5.599613
5.599046
5.598229
5.597163
5.595852
5.594299
5.592508
5.590483
5.588229
5.585752
5.583060
5.580157
5.577051
5.573751
5.570265
5.566601
5.562769
5.558779
5.554639
5.550362
5.545958
5.541438
5.536812
5.532094
5.527295
5.522427
5.517502
5.512533
5.507533
5.502513
5.497487
5.492467
5.487467
5.482498
5.477573
5.472705
5.467906
5.463188
5.458562
5.454042
5.449638
5.445361
5.441221
5.437231
5.433399
5.429735
5.426249
5.422949
5.419843
5.416940
5.414248
5.411771
5.409517
5.407492
5.405701
5.404148
5.402837
5.401771
5.400954
5.400387
5.400071
5.400008
5.400198
5.400639
5.401331
5.402273
5.403462
5.404894
5.406567
5.408476
5.410616
5.412982
5.415567
5.418366
5.421371
5.424575
5.427969
5.431545
5.435295
5.439207
5.443273
5.447483
5.451825
5.456288
5.460863
5.465536
5.470296
5.475131
5.480029
5.484977
5.489964
5.494976
5.500000
5.505024
5.510036
5.515023
5.519971
5.524869
5.529704
5.534464
5.539137
5.543712
5.548175
5.552517
5.556727
5.560793
5.564705
5.568455
5.572031
5.575425
5.578629
5.581634
5.584433
5.587018
5.589384
5.591524
5.593433
5.595106
5.596538
5.597727
5.598669
5.599361
5.599802
5.599992
5.599929
5.599613
5.599046
5.598229
5.597163
5.595852
5.594299
5.592508
5.590483
5.588229
5.585752
5.583060
5.580157
5.577051
5.573751
5.570265
5.566601
5.562769
5.558779
5.554639
5.550362
5.545958
5.541438
5.536812
5.532094
5.527295
5.522427
5.517502
5.512533
5.507533
5.502513
5.497487
5.492467
5.487467
5.482498
5.477573
5.472705
5.467906
5.463188
5.458562
5.454042
5.449638
5.445361
5.441221
5.437231
5.433399
5.429735
5.426249
5.422949
5.419843
5.416940
5.414248
5.411771
5.409517
5.407492
5.405701
5.404148
5.402837
5.401771
5.400954
5.400387
5.400071
5.400008
5.400198
5.400639
5.401331
5.402273
5.403462
5.404894
5.406567
5.408476
5.410616
5.412982
5.415567
5.418366
5.421371
5.424575
5.427969
5.431545
5.435295
5.439207
5.443273
5.447483
5.451825
5.456288
5.460863
5.465536
5.470296
5.475131
5.480029
5.484977
5.489964
5.494976
5.500000
5.505024
5.510036
5.515023
5.519971
5.524869
5.529704
5.534464
5.539137
5.543712
5.548175
5.552517
5.556727
5.560793
5.564705
5.568455
5.572031
5.575425
5.578629
5.581634
5.584433
5.587018
5.589384
5.591524
5.593433
5.595106
5.596538
5.597727
5.598669
5.599361
5.599802
5.599992
5.599929
5.599613
5.599046
5.598229
5.597163
5.595852
5.594299
5.592508
5.590483
5.588229
5.585752
5.583060
5.580157
5.577051
5.573751
5.570265
5.566601
5.562769
5.558779
5.554639
5.550362
5.545958
5.541438
5.536812
5.532094
5.527295
5.522427
5.517502
5.512533
5.507533
5.502513
5.497487
5.492467
5.487467
5.482498
5.477573
5.472705
5.467906
5.463188
5.458562
5.454042
5.449638
5.445361
5.441221
5.437231
5.433399
5.429735
5.426249
5.422949
5.419843
5.416940
5.414248
5.411771
5.409517
5.407492
5.405701
5.404148
5.402837
5.401771
5.400954
5.400387
5.400071
5.400008
5.400198
5.400639
5.401331
5.402273
5.403462
5.404894
5.406567
5.408476
5.410616
5.412982
5.415567
5.418366
5.421371
5.424575
5.427969
5.431545
5.435295
5.439207
5.443273
5.447483
5.451825
5.456288
5.460863
5.465536
5.470296
5.475131
5.480029
5.484977
5.489964
5.494976
5.500000
5.505024
5.510036
5.515023
5.519971
5.524869
5.529704
5.534464
5.539137
5.543712
5.548175
5.552517
5.556727
5.560793
5.564705
5.568455
5.572031
5.575425
5.578629
5.581634
5.584433
5.587018
5.589384
5.591524
5.593433
5.595106
5.596538
5.597727
5.598669
5.599361
5.599802
5.599992
5.599929
5.599613
5.599046
5.598229
5.597163
5.595852
5.594299
5.592508
5.590483
5.588229
5.585752
5.583060
5.580157
5.577051
5.573751
5.570265
5.566601
5.562769
5.558779
5.554639
5.550362
5.545958
5.541438
5.536812
5.532094
5.527295
5.522427
5.517502
5.512533
5.507533
5.502513
5.497487
5.492467
5.487467
5.482498
5.477573
5.472705
5.467906
5.463188
5.458562
5.454042
5.449638
5.445361
5.441221
5.437231
5.433399
5.429735
5.426249
5.422949
5.419843
5.416940
5.414248
5.411771
5.409517
5.407492
5.405701
5.404148
5.402837
5.401771
5.400954
5.400387
5.400071
5.400008
5.400198
5.400639
5.401331
5.402273
5.403462
5.404894
5.406567
5.408476
5.410616
5.412982
5.415567
5.418366
5.421371
5.424575
5.427969
5.431545
5.435295
5.439207
5.443273
5.447483
5.451825
5.456288
5.460863
5.465536
5.470296
5.475131
5.480029
5.484977
5.489964
5.494976
5.500000
5.505024
5.510036
5.515023
5.519971
5.524869
5.529704
5.534464
5.539137
5.543712
5.548175
5.552517
5.556727
5.560793
5.564705
5.568455
5.572031
5.575425
5.578629
5.581634
5.584433
5.587018
5.589384
5.591524
5.593433
5.595106
5.596538
5.597727
5.598669
5.599361
5.599802
5.599992
5.599929
5.599613
5.599046
5.598229
5.597163
5.595852
5.594299
5.592508
5.590483
5.588229
5.585752
5.583060
5.580157
5.577051
5.573751
5.570265
5.566601
5.562769
5.558779
5.554639
5.550362
5.545958
5.541438
5.536812
5.532094
5.527295
5.522427
5.517502
5.512533
5.507533
5.502513
5.497487
5.492467
5.487467
5.482498
5.477573
5.472705
5.467906
5.463188
5.458562
5.454042
5.449638
5.445361
5.441221
5.437231
5.433399
5.429735
5.426249
5.422949
5.419843
5.416940
5.414248
5.411771
5.409517
5.407492
5.405701
5.404148
5.402837
5.401771
5.400954
5.400387
5.400071
5.400008
5.400198
5.400639
5.401331
5.402273
5.403462
5.404894
5.406567
5.408476
5.410616
5.412982
5.415567
5.418366
5.421371
5.424575
5.427969
5.431545
5.435295
5.439207
5.443273
5.447483
5.451825
5.456288
5.460863
5.465536
5.470296
5.475131
5.480029
5.484977
5.489964
5.494976
5.500000
5.505024
5.510036
5.515023
5.519971
5.524869
5.529704
5.534464
5.539137
5.543712
5.548175
5.552517
5.556727
5.560793
5.564705
5.568455
5.572031
5.575425
5.578629
5.581634
5.584433
5.587018
5.589384
5.591524
5.593433
5.595106
5.596538
5.597727
5.598669
5.599361
5.599802
5.599992
5.599929
5.599613
5.599046
5.598229
5.597163
5.595852
5.594299
5.592508
5.590483
5.588229
5.585752
5.583060
5.580157
5.577051
5.573751
5.570265
5.566601
5.562769
5.558779
5.554639
5.550362
5.545958
5.541438
5.536812
5.532094
5.527295
5.522427
5.517502
5.512533
5.507533
5.502513
5.497487
5.492467
5.487467
5.482498
5.477573
5.472705
5.467906
5.463188
5.458562
5.454042
5.449638
5.445361
5.441221
5.437231
5.433399
5.429735
5.426249
5.422949
5.419843
5.416940
5.414248
5.411771
5.409517
5.407492
5.405701
5.404148
5.402837
5.401771
5.400954
5.400387
5.400071
5.400008
5.400198
5.400639
5.401331
5.402273
5.403462
5.404894
5.406567
5.408476
5.410616
5.412982
5.415567
5.418366
5.421371
5.424575
5.427969
5.431545
5.435295
5.439207
5.443273
5.447483
5.451825
5.456288
5.460863
5.465536
5.470296
5.475131
5.480029
5.484977
5.489964
5.494976
5.500000
5.505024
5.510036
5.515023
5.519971
5.524869
5.529704
5.534464
5.539137
5.543712
5.548175
5.552517
5.556727
5.560793
5.564705
5.568455
5.572031
5.575425
5.578629
5.581634
5.584433
5.587018
5.589384
5.591524
5.593433
5.595106
5.596538
5.597727
5.598669
5.599361
5.599802
5.599992
5.599929
5.599613
5.599046
5.598229
5.597163
5.595852
5.594299
5.592508
5.590483
5.588229
5.585752
5.583060
5.580157
5.577051
5.573751
5.570265
5.566601
5.562769
5.558779
5.554639
5.550362
5.545958
5.541438
5.536812
5.532094
5.527295
5.522427
5.517502
5.512533
5.507533
5.502513
5.497487
5.492467
5.487467
5.482498
5.477573
5.472705
5.467906
5.463188
5.458562
5.454042
5.449638
5.445361
5.441221
5.437231
5.433399
5.429735
5.426249
5.422949
5.419843
5.416940
5.414248
5.411771
5.409517
5.407492
5.405701
5.404148
5.402837
5.401771
5.400954
5.400387
5.400071
5.400008
5.400198
5.400639
5.401331
5.402273
5.403462
5.404894
5.406567
5.408476
5.410616
5.412982
5.415567
5.418366
5.421371
5.424575
5.427969
5.431545
5.435295
5.439207
5.443273
5.447483
5.451825
5.456288
5.460863
5.465536
5.470296
5.475131
5.480029
5.484977
5.489964
5.494976
5.500000
5.505024
5.510036
5.515023
5.519971
5.524869
5.529704
5.534464
5.539137
5.543712
5.548175
5.552517
5.556727
5.560793
5.564705
5.568455
5.572031
5.575425
5.578629
5.581634
5.584433
5.587018
5.589384
5.591524
5.593433
5.595106
5.596538
5.597727
5.598669
5.599361
5.599802
5.599992
5.599929
5.599613
5.599046
5.598229
5.597163
5.595852
5.594299
5.592508
5.590483
5.588229
5.585752
5.583060
5.580157
5.577051
5.573751
5.570265
5.566601
5.562769
5.558779
5.554639
5.550362
5.545958
5.541438
5.536812
5.532094
5.527295
5.522427
5.517502
5.512533
5.507533
5.502513
5.497487
5.492467
5.487467
5.482498
5.477573
5.472705
5.467906
5.463188
5.458562
5.454042
5.449638
5.445361
5.441221
5.437231
5.433399
5.429735
5.426249
5.422949
5.419843
5.416940
5.414248
5.411771
5.409517
5.407492
5.405701
5.404148
5.402837
5.401771
5.400954
5.400387
5.400071
5.400008
5.400198
5.400639
5.401331
5.402273
5.403462
5.404894
5.406567
5.408476
5.410616
5.412982
5.415567
5.418366
5.421371
5.424575
5.427969
5.431545
5.435295
5.439207
5.443273
5.447483
5.451825
5.456288
5.460863
5.465536
5.470296
5.475131
5.480029
5.484977
5.489964
5.494976
5.500000
5.505024
5.510036
5.515023
5.519971
5.524869
5.529704
5.534464
5.539137
5.543712
5.548175
5.552517
5.556727
5.560793
5.564705
5.568455
5.572031
5.575425
5.578629
5.581634
5.584433
5.587018
5.589384
5.591524
5.593433
5.595106
5.596538
5.597727
5.598669
5.599361
5.599802
5.599992
5.599929
5.599613
5.599046
5.598229
5.597163
5.595852
5.594299
5.592508
5.590483
5.588229
5.585752
5.583060
5.580157
5.577051
5.573751
5.570265
5.566601
5.562769
5.558778
5.554639
5.550362
5.545958
5.541438
5.536812
5.532094
5.527295
5.522427
5.517502
5.512533
5.507533
5.502513
5.497487
5.492467
5.487467
5.482498
5.477573
5.472705
5.467906
5.463188
5.458562
5.454042
5.449638
5.445361
5.441222
5.437231
5.433399
5.429735
5.426249
5.422949
5.419843
5.416940
5.414248
5.411771
5.409517
5.407492
5.405701
5.404148
5.402837
5.401771
5.400954
5.400387
5.400071
5.400008
5.400198
5.400639
5.401331
5.402273
5.403462
5.404894
5.406567
5.408476
5.410616
5.412982
5.415567
5.418366
5.421371
5.424575
5.427969
5.431545
5.435295
5.439207
5.443273
5.447483
5.451825
5.456288
5.460863
5.465536
5.470296
5.475131
5.480029
5.484977
5.489964
5.494976
5.500000
5.505024
5.510036
5.515023
5.519971
5.524869
5.529704
5.534464
5.539137
5.543712
5.548175
5.552517
5.556727
5.560793
5.564705
5.568455
5.572031
5.575425
5.578629
5.581634
5.584433
5.587018
5.589384
5.591524
5.593433
5.595106
5.596538
5.597727
5.598669
5.599361
5.599802
5.599992
5.599929
5.599613
5.599046
5.598229
5.597163
5.595852
5.594299
5.592508
5.590483
5.588229
5.585752
5.583059
5.580157
5.577051
5.573751
5.570265
5.566601
5.562769
5.558778
5.554639
5.550362
5.545958
5.541438
5.536812
5.532094
5.527295
5.522427
5.517502
5.512533
5.507533
5.502513
5.497487
5.492467
5.487467
5.482498
5.477573
5.472705
5.467906
5.463188
5.458563
5.454042
5.449638
5.445361
5.441222
5.437232
5.433400
5.429736
5.426250
5.422950
5.419845
5.416942
5.414249
5.411773
5.409520
5.407495
5.405704
5.404151
5.402841
5.401775
5.400958
5.400392
5.400076
5.400014
5.400204
5.400646
5.401339
5.402281
5.403471
5.404904
5.406578
5.408487
5.410628
5.412994
5.415581
5.418381
5.421386
5.424591
5.427986
5.431563
5.435313
5.439226
5.443292
5.447502
5.451844
5.456308
5.460882
5.465554
5.470313
5.475147
5.480043
5.484989
5.489972
5.494980
5.500000
5.505019
5.510024
5.515003
5.519942
5.524829
5.529652
5.534398
5.539055
5.543611
5.548053
5.552372
5.556554
5.560590
5.564469
5.568180
5.571714
5.575062
5.578214
5.581161
5.583898
5.586414
5.588704
5.590761
5.592580
5.594154
5.595481
5.596555
5.597373
5.597932
5.598232
5.598269
5.598044
5.597558
5.596810
5.595803
5.594539
5.593021
5.591255
5.589244
5.586995
5.584515
5.581811
5.578893
5.575769
5.572452
5.568953
5.565285
5.561461
5.557498
5.553411
5.549217
5.544935
5.540584
5.536185
5.531759
5.527327
5.522913
5.518540
5.514232
5.510011
5.505902
5.501929
5.498113
5.494477
5.491041
5.487823
5.484840
5.482108
5.479637
5.477437
5.475515
5.473873
5.472511
5.471426
5.470611
5.470057
5.469751
5.469680
5.469827
5.470173
5.470700
5.471386
5.472212
5.473156
5.474198
5.475319
5.476500
5.477723
5.478971
5.480232
5.481491
5.482736
5.483958
5.485148
5.486299
5.487405
5.488463
5.489468
5.490419
5.491314
5.492154
5.492937
5.493665
5.494339
5.494960
5.495532
5.496055
5.496533
5.496967
5.497361
5.497717
5.498037
5.498325
5.498581
5.498810
5.499013
5.499192
5.499350
5.499488
5.499609
5.499713
5.499803
5.499880
5.499945
5.500000
