-4.447438
-4.617742
-4.826513
-4.900816
-5.049093
-5.076053
-5.189479
-5.188164
-5.279563
-5.260823
-5.340715
-5.306194
-5.377538
-5.338743
-5.404826
-5.361428
-5.422909
-5.374907
-5.434744
-5.381483
-5.441648
-5.390360
-5.448882
-5.394305
-5.453485
-5.398908
-5.456443
-5.401867
-5.458416
-5.402853
-5.460389
-5.402196
-5.461704
-5.404169
-5.464992
-5.405812
-5.465321
-5.404497
-5.463348
-5.401867
-5.462361
-5.399566
-5.458416
-5.393977
-5.452169
-5.384771
-5.446909
-5.384442
-5.444608
-5.380497
-5.441978
-5.376223
-5.438361
-5.373921
-5.435731
-5.371620
-5.436717
-5.370962
-5.438361
-5.376552
-5.439676
-5.379510
-5.450197
-5.388387
-5.459403
-5.399237
-5.471896
-5.411401
-5.485704
-5.419950
-5.494581
-5.433758
-5.509048
-5.446909
-5.520555
-5.454471
-5.529431
-5.463676
-5.537651
-5.465649
-5.534034
-5.461046
-5.534363
-5.460718
-5.528774
-5.453813
-5.522198
-5.443950
-5.507403
-5.428826
-5.494581
-5.414032
-5.475841
-5.392333
-5.459074
-5.376223
-5.443621
-5.361428
-5.425210
-5.342688
-5.407456
-5.328222
-5.398908
-5.317043
-5.387072
-5.308496
-5.385099
-5.307180
-5.383784
-5.305536
-5.387401
-5.312441
-5.393648
-5.316386
-5.401538
-5.329208
-5.415676
-5.344332
-5.435402
-5.361428
-5.454142
-5.381483
-5.474855
-5.402853
-5.491622
-5.415676
-5.508390
-5.432772
-5.523842
-5.446580
-5.537980
-5.456115
-5.545541
-5.463019
-5.551459
-5.463348
-5.550473
-5.462690
-5.548500
-5.458087
-5.541267
-5.449211
-5.530746
-5.435731
-5.515952
-5.420279
-5.500170
-5.401209
-5.481431
-5.382798
-5.462690
-5.363400
-5.444936
-5.345975
-5.429155
-5.330852
-5.410744
-5.315400
-5.401867
-5.306194
-5.391675
-5.295344
-5.385099
-5.294358
-5.384442
-5.292057
-5.389374
-5.300276
-5.398908
-5.309153
-5.407127
-5.320989
-5.425210
-5.340058
-5.443950
-5.358140
-5.460389
-5.375565
-5.481759
-5.395292
-5.500170
-5.411401
-5.513321
-5.421265
-5.527787
-5.432772
-5.536007
-5.443293
-5.542253
-5.448224
-5.549815
-5.448882
-5.549158
-5.445923
-5.543897
-5.441648
-5.537980
-5.433101
-5.527787
-5.420607
-5.513650
-5.404826
-5.496882
-5.384113
-5.473211
-5.365045
-5.455786
-5.345975
-5.435073
-5.327564
-5.422251
-5.315400
-5.410415
-5.301262
-5.399894
-5.294687
-5.394305
-5.289755
-5.390031
-5.287454
-5.388716
-5.285810
-5.393648
-5.291399
-5.402196
-5.304879
-5.416662
-5.318030
-5.432443
-5.333482
-5.449211
-5.354195
-5.469594
-5.372935
-5.488335
-5.392333
-5.502800
-5.402853
-5.518582
-5.416662
-5.531733
-5.431786
-5.544555
-5.442306
-5.552774
-5.447238
-5.555733
-5.446909
-5.551459
-5.441978
-5.545870
-5.434416
-5.538308
-5.423237
-5.521541
-5.407785
-5.508718
-5.392333
-5.489321
-5.373592
-5.472882
-5.355181
-5.454471
-5.337428
-5.437704
-5.318030
-5.416991
-5.302577
-5.405812
-5.289426
-5.395620
-5.283180
-5.391017
-5.279892
-5.389045
-5.281207
-5.392990
-5.285810
-5.397922
-5.293372
-5.408114
-5.304550
-5.419950
-5.318358
-5.437704
-5.335783
-5.456443
-5.354524
-5.475183
-5.373592
-5.493924
-5.392004
-5.508390
-5.404169
-5.520883
-5.416991
-5.536335
-5.429155
-5.547514
-5.437704
-5.553432
-5.441978
-5.555404
-5.441978
-5.553103
-5.435731
-5.546856
-5.428169
-5.533705
-5.414689
-5.521870
-5.397593
-5.504445
-5.380826
-5.486691
-5.360770
-5.467622
-5.343674
-5.448553
-5.325592
-5.431457
-5.308167
-5.416004
-5.293043
-5.404169
-5.283180
-5.394305
-5.277262
-5.391346
-5.274961
-5.387730
-5.274303
-5.392333
-5.275618
-5.396607
-5.287454
-5.410415
-5.299947
-5.425210
-5.313427
-5.440333
-5.333153
-5.459403
-5.352222
-5.479129
-5.370305
-5.494253
-5.386086
-5.513650
-5.401867
-5.528116
-5.415676
-5.540609
-5.423237
-5.548172
-5.432114
-5.554418
-5.435073
-5.554089
-5.431128
-5.549158
-5.425539
-5.541267
-5.417319
-5.528445
-5.402196
-5.516609
-5.388387
-5.500499
-5.371620
-5.479786
-5.350907
-5.462690
-5.334140
-5.445594
-5.315071
-5.429484
-5.301262
-5.416333
-5.289755
-5.405155
-5.278906
-5.393977
-5.271015
-5.391675
-5.265755
-5.389045
-5.269372
-5.393648
-5.275618
-5.402196
-5.286468
-5.414032
-5.300605
-5.430470
-5.315071
-5.443950
-5.329208
-5.462690
-5.350250
-5.483732
-5.369318
-5.502472
-5.388059
-5.518582
-5.399566
-5.528774
-5.412059
-5.540938
-5.419621
-5.547843
-5.425210
-5.552445
-5.429155
-5.553432
-5.429813
-5.551459
-5.424552
-5.544226
-5.415018
-5.531404
-5.401209
-5.515952
-5.384771
-5.500499
-5.368332
-5.481431
-5.349921
-5.462361
-5.332496
-5.443950
-5.314742
-5.424552
-5.293372
-5.410744
-5.284495
-5.402524
-5.277262
-5.392662
-5.270358
-5.390360
-5.269700
-5.392662
-5.270029
-5.395620
-5.278906
-5.402524
-5.284824
-5.415347
-5.302906
-5.433101
-5.316715
-5.445923
-5.334140
-5.466307
-5.353866
-5.486033
-5.372606
-5.500170
-5.389045
-5.519239
-5.406141
-5.534692
-5.418634
-5.545212
-5.428826
-5.553103
-5.430470
-5.554089
-5.432772
-5.555076
-5.431128
-5.545870
-5.419621
-5.536664
-5.408114
-5.522856
-5.396607
-5.510691
-5.381155
-5.494253
-5.365702
-5.476828
-5.348277
-5.459403
-5.331181
-5.442635
-5.315071
-5.426525
-5.300605
-5.413045
-5.289426
-5.403840
-5.279563
-5.395620
-5.275618
-5.391675
-5.274632
-5.394963
-5.274961
-5.398251
-5.284495
-5.408772
-5.296002
-5.420607
-5.308167
-5.435402
-5.326249
-5.453813
-5.345318
-5.473540
-5.365702
-5.493266
-5.382798
-5.509705
-5.398908
-5.521212
-5.408114
-5.534363
-5.420936
-5.541267
-5.425868
-5.549815
-5.434744
-5.554418
-5.434416
-5.551459
-5.432772
-5.547185
-5.424881
-5.538308
-5.414032
-5.524499
-5.399566
-5.507732
-5.383784
-5.488663
-5.363729
-5.471896
-5.346962
-5.454142
-5.330194
-5.434744
-5.310468
-5.419621
-5.298632
-5.408772
-5.289426
-5.401209
-5.279563
-5.390031
-5.272001
-5.388387
-5.275289
-5.393319
-5.279234
-5.399566
-5.290084
-5.407456
-5.296988
-5.420607
-5.315728
-5.440005
-5.334797
-5.459403
-5.354853
-5.477814
-5.369976
-5.494581
-5.390360
-5.512335
-5.407127
-5.528445
-5.421265
-5.541924
-5.433101
-5.551788
-5.440333
-5.557048
-5.440991
-5.556062
-5.443293
-5.554418
-5.436059
-5.547185
-5.428498
-5.536335
-5.416333
-5.522527
-5.402524
-5.506088
-5.386086
-5.488992
-5.369318
-5.470581
-5.350250
-5.451183
-5.330523
-5.434087
-5.316715
-5.419292
-5.302248
-5.407127
-5.293372
-5.400223
-5.288111
-5.396278
-5.286468
-5.394963
-5.285152
-5.394963
-5.290741
-5.404826
-5.301262
-5.416333
-5.313756
-5.430141
-5.330852
-5.448553
-5.349263
-5.466964
-5.367675
-5.485375
-5.387072
-5.504116
-5.402853
-5.518253
-5.415018
-5.529760
-5.429155
-5.543569
-5.440991
-5.552774
-5.447896
-5.557706
-5.452169
-5.557377
-5.449539
-5.550144
-5.442635
-5.540938
-5.431128
-5.532062
-5.421265
-5.517595
-5.405155
-5.500828
-5.388059
-5.484389
-5.371291
-5.462361
-5.350250
-5.446251
-5.335126
-5.430470
-5.321318
-5.417648
-5.308496
-5.406799
-5.299947
-5.399566
-5.294687
-5.395949
-5.293043
-5.395949
-5.295344
-5.400881
-5.298632
-5.407127
-5.309811
-5.417977
-5.321318
-5.431786
-5.339729
-5.449868
-5.355839
-5.467293
-5.372606
-5.484389
-5.392662
-5.503129
-5.407785
-5.517924
-5.424881
-5.533377
-5.439019
-5.545541
-5.449868
-5.550802
-5.454471
-5.557706
-5.457758
-5.557706
-5.455786
-5.553761
-5.450197
-5.544555
-5.439676
-5.533048
-5.427511
-5.518910
-5.407456
-5.495896
-5.390031
-5.479458
-5.372935
-5.462361
-5.352551
-5.441320
-5.333811
-5.425539
-5.320989
-5.411730
-5.307509
-5.400552
-5.301262
-5.395949
-5.296988
-5.392004
-5.293043
-5.391017
-5.294029
-5.394963
-5.304550
-5.406799
-5.313756
-5.415676
-5.328879
-5.434416
-5.347291
-5.452498
-5.367346
-5.472225
-5.385428
-5.490965
-5.403182
-5.507732
-5.419950
-5.523185
-5.435731
-5.538308
-5.448882
-5.549158
-5.454800
-5.553432
-5.462033
-5.558692
-5.464005
-5.558034
-5.458745
-5.549815
-5.447896
-5.539294
-5.437375
-5.525815
-5.426854
-5.512664
-5.410415
-5.495568
-5.393648
-5.474197
-5.374250
-5.457430
-5.357154
-5.440991
-5.341044
-5.424881
-5.324276
-5.407456
-5.313098
-5.400552
-5.306523
-5.394963
-5.302906
-5.393319
-5.304879
-5.396278
-5.308496
-5.401867
-5.313756
-5.411073
-5.328879
-5.425868
-5.344003
-5.440991
-5.359455
-5.455786
-5.376552
-5.475183
-5.395620
-5.494253
-5.416004
-5.512335
-5.432772
-5.526144
-5.446251
-5.538966
-5.457430
-5.550473
-5.467293
-5.557048
-5.470910
-5.558363
-5.471567
-5.556719
-5.467622
-5.548829
-5.457101
-5.538966
-5.443293
-5.522856
-5.431128
-5.508061
-5.415018
-5.490965
-5.394305
-5.469923
-5.373921
-5.449868
-5.355510
-5.432772
-5.341702
-5.414689
-5.328550
-5.406470
-5.320660
-5.399237
-5.313756
-5.394305
-5.312441
-5.392990
-5.309482
-5.393977
-5.314413
-5.398908
-5.324276
-5.410744
-5.337428
-5.424881
-5.353538
-5.439347
-5.366360
-5.458087
-5.388387
-5.479458
-5.409429
-5.495896
-5.425539
-5.513321
-5.443293
-5.529760
-5.454800
-5.539294
-5.465978
-5.547843
-5.474855
-5.555733
-5.479786
-5.557377
-5.478471
-5.553432
-5.474197
-5.543897
-5.463676
-5.535020
-5.447896
-5.518582
-5.435731
-5.504445
-5.420279
-5.483074
-5.400223
-5.466964
-5.383456
-5.448882
-5.368003
-5.433101
-5.350578
-5.415676
-5.337428
-5.406799
-5.329537
-5.396935
-5.322304
-5.390689
-5.317701
-5.391017
-5.320660
-5.395292
-5.325921
-5.400223
-5.335455
-5.414689
-5.350907
-5.429155
-5.368003
-5.447238
-5.387072
-5.466636
-5.401867
-5.483403
-5.419950
-5.500170
-5.436717
-5.515952
-5.454800
-5.531404
-5.469265
-5.543569
-5.480115
-5.549487
-5.485375
-5.553103
-5.486691
-5.554747
-5.486033
-5.550802
-5.479786
-5.543569
-5.471896
-5.531404
-5.458745
-5.517595
-5.443293
-5.500828
-5.426196
-5.477814
-5.404497
-5.459074
-5.385099
-5.439676
-5.368989
-5.425210
-5.351893
-5.410087
-5.339400
-5.398908
-5.333811
-5.390689
-5.324934
-5.386415
-5.324605
-5.387072
-5.324605
-5.391346
-5.332825
-5.398579
-5.345318
-5.414032
-5.358140
-5.429155
-5.377867
-5.447567
-5.397922
-5.466964
-5.413703
-5.483732
-5.430141
-5.500499
-5.448882
-5.513321
-5.461046
-5.529431
-5.477156
-5.538308
-5.481759
-5.545870
-5.491293
-5.547514
-5.491951
-5.549158
-5.488992
-5.543897
-5.484718
-5.537651
-5.473868
-5.522527
-5.459731
-5.508718
-5.444936
-5.493266
-5.428169
-5.475183
-5.411073
-5.454471
-5.392004
-5.438032
-5.376223
-5.422251
-5.360113
-5.408442
-5.349263
-5.394963
-5.335783
-5.386086
-5.333153
-5.382470
-5.332496
-5.386086
-5.337099
-5.393977
-5.343345
-5.398251
-5.354853
-5.414689
-5.370962
-5.431128
-5.386744
-5.447567
-5.408114
-5.467950
-5.426854
-5.487348
-5.446909
-5.505431
-5.463348
-5.520555
-5.474855
-5.532390
-5.489321
-5.543897
-5.498198
-5.549815
-5.503129
-5.553103
-5.504773
-5.551788
-5.498855
-5.543897
-5.491951
-5.531404
-5.476828
-5.514307
-5.462690
-5.501157
-5.447238
-5.485375
-5.430141
-5.467950
-5.414032
-5.447567
-5.394634
-5.431457
-5.377867
-5.414689
-5.364716
-5.402853
-5.354524
-5.392004
-5.344989
-5.387072
-5.342030
-5.384771
-5.342688
-5.387401
-5.348606
-5.394634
-5.357154
-5.405484
-5.366360
-5.416662
-5.380497
-5.431786
-5.401209
-5.451183
-5.420279
-5.469594
-5.437704
-5.488006
-5.457430
-5.505760
-5.472553
-5.519239
-5.487348
-5.532390
-5.498527
-5.542253
-5.503458
-5.545870
-5.510034
-5.547514
-5.508390
-5.544555
-5.506088
-5.539294
-5.493924
-5.526472
-5.480773
-5.511349
-5.468608
-5.495239
-5.452169
-5.478471
-5.434416
-5.460718
-5.412388
-5.439676
-5.397593
-5.424224
-5.378853
-5.407785
-5.365702
-5.391017
-5.354524
-5.383784
-5.348935
-5.380497
-5.347620
-5.381155
-5.349921
-5.384113
-5.356496
-5.390689
-5.366031
-5.403840
-5.379839
-5.416662
-5.394963
-5.435073
-5.413703
-5.453813
-5.428498
-5.467950
-5.449211
-5.488335
-5.467622
-5.504773
-5.481431
-5.518582
-5.496882
-5.527459
-5.506088
-5.538966
-5.513979
-5.544226
-5.517924
-5.542253
-5.515623
-5.540938
-5.510691
-5.533048
-5.497869
-5.516609
-5.485047
-5.504445
-5.470910
-5.484389
-5.451841
-5.467950
-5.433429
-5.450197
-5.413703
-5.429484
-5.398908
-5.413703
-5.384771
-5.401538
-5.373264
-5.387730
-5.362414
-5.381483
-5.355181
-5.375894
-5.354853
-5.377538
-5.358140
-5.382141
-5.365373
-5.391017
-5.375565
-5.402524
-5.390360
-5.416333
-5.406470
-5.434744
-5.425539
-5.453485
-5.443950
-5.472553
-5.462361
-5.489321
-5.480115
-5.504445
-5.492280
-5.517267
-5.506088
-5.529431
-5.516609
-5.537651
-5.522856
-5.540609
-5.523842
-5.539952
-5.522198
-5.535020
-5.516938
-5.525815
-5.505431
-5.510034
-5.490307
-5.497869
-5.475841
-5.480444
-5.457101
-5.462690
-5.440005
-5.441978
-5.421594
-5.426196
-5.403182
-5.408772
-5.389374
-5.394963
-5.377867
-5.384771
-5.370305
-5.377538
-5.365045
-5.374907
-5.365373
-5.376223
-5.367675
-5.378853
-5.373264
-5.387072
-5.380826
-5.395949
-5.395949
-5.413703
-5.413374
-5.431786
-5.433429
-5.448882
-5.451512
-5.467950
-5.470581
-5.487020
-5.486362
-5.502472
-5.502800
-5.511677
-5.512006
-5.522856
-5.521541
-5.531404
-5.527459
-5.535349
-5.529760
-5.531075
-5.525157
-5.526144
-5.514965
-5.515623
-5.506088
-5.504116
-5.492938
-5.489650
-5.478143
-5.473211
-5.457430
-5.452827
-5.440662
-5.433101
-5.423237
-5.414032
-5.404826
-5.399894
-5.392004
-5.386086
-5.376552
-5.373264
-5.369647
-5.368003
-5.362743
-5.361099
-5.362085
-5.362743
-5.367675
-5.371949
-5.372935
-5.379182
-5.387730
-5.391675
-5.398908
-5.408772
-5.420279
-5.428826
-5.440991
-5.448882
-5.461046
-5.468608
-5.478471
-5.485375
-5.492609
-5.498198
-5.506746
-5.511020
-5.516280
-5.518582
-5.527130
-5.527130
-5.532719
-5.526801
-5.528774
-5.524499
-5.526801
-5.518582
-5.519897
-5.510034
-5.506746
-5.494581
-5.493595
-5.480115
-5.476499
-5.461704
-5.458745
-5.443621
-5.440005
-5.421594
-5.418306
-5.404826
-5.405155
-5.390689
-5.387730
-5.376880
-5.380168
-5.369647
-5.370962
-5.362085
-5.368003
-5.360442
-5.370634
-5.364387
-5.373921
-5.369976
-5.384771
-5.382141
-5.399237
-5.396607
-5.411730
-5.411073
-5.431457
-5.430141
-5.451512
-5.450197
-5.471567
-5.468279
-5.488335
-5.484718
-5.504445
-5.500170
-5.514307
-5.508718
-5.527787
-5.518582
-5.532390
-5.521870
-5.537651
-5.524499
-5.537980
-5.521541
-5.532719
-5.511349
-5.521541
-5.502143
-5.510362
-5.488006
-5.492280
-5.466636
-5.475183
-5.450854
-5.458745
-5.433429
-5.441320
-5.412716
-5.419292
-5.396278
-5.406799
-5.379182
-5.392990
-5.370305
-5.384113
-5.359127
-5.374907
-5.354195
-5.372606
-5.354853
-5.376552
-5.360442
-5.384113
-5.368003
-5.393648
-5.379510
-5.408442
-5.391017
-5.422251
-5.409758
-5.441320
-5.428498
-5.456443
-5.440662
-5.473868
-5.460718
-5.493595
-5.478471
-5.508061
-5.491622
-5.522198
-5.503129
-5.532719
-5.508061
-5.536664
-5.514307
-5.541924
-5.516609
-5.542253
-5.512006
-5.536335
-5.503458
-5.525815
-5.490307
-5.510362
-5.471896
-5.493266
-5.455457
-5.472553
-5.436388
-5.454471
-5.415676
-5.437704
-5.398908
-5.420936
-5.382141
-5.402853
-5.368003
-5.393977
-5.358469
-5.386744
-5.352880
-5.382798
-5.348935
-5.381483
-5.348277
-5.384113
-5.353866
-5.388059
-5.360442
-5.400881
-5.373592
-5.415347
-5.389045
-5.429484
-5.404826
-5.449539
-5.423237
-5.467622
-5.441648
-5.484389
-5.458087
-5.503787
-5.475183
-5.519239
-5.488663
-5.532719
-5.498855
-5.541924
-5.506746
-5.546856
-5.509705
-5.548829
-5.508718
-5.545870
-5.503458
-5.538966
-5.494581
-5.528445
-5.481102
-5.512006
-5.463676
-5.497211
-5.446580
-5.476170
-5.425868
-5.455128
-5.405812
-5.438032
-5.388059
-5.423237
-5.370962
-5.405812
-5.358140
-5.396607
-5.348606
-5.389374
-5.343345
-5.386415
-5.336770
-5.383456
-5.340058
-5.388716
-5.346962
-5.397264
-5.354195
-5.407456
-5.368003
-5.422580
-5.383456
-5.439347
-5.401867
-5.458416
-5.420279
-5.477814
-5.437046
-5.492938
-5.453485
-5.510691
-5.469265
-5.523513
-5.479786
-5.536007
-5.491293
-5.543569
-5.496554
-5.549487
-5.499513
-5.547185
-5.492609
-5.543897
-5.489650
-5.533377
-5.477814
-5.523842
-5.465978
-5.511349
-5.451512
-5.493266
-5.428498
-5.473868
-5.412388
-5.457430
-5.395292
-5.440333
-5.375565
-5.421922
-5.361099
-5.409100
-5.349592
-5.396278
-5.337428
-5.387730
-5.331510
-5.386744
-5.329865
-5.386744
-5.333482
-5.391675
-5.339071
-5.398908
-5.348935
-5.413045
-5.363400
-5.428498
-5.380168
-5.446580
-5.399237
-5.465978
-5.417319
-5.484389
-5.433758
-5.501814
-5.450854
-5.518253
-5.466636
-5.531404
-5.477814
-5.541924
-5.485047
-5.547843
-5.490307
-5.552774
-5.492938
-5.549815
-5.487677
-5.546527
-5.482417
-5.535349
-5.469265
-5.520883
-5.453485
-5.508390
-5.437375
-5.491951
-5.420279
-5.473868
-5.399566
-5.454471
-5.383784
-5.437375
-5.366360
-5.420936
-5.351236
-5.408772
-5.340058
-5.398908
-5.330852
-5.391675
-5.322961
-5.388059
-5.320003
-5.388387
-5.325592
-5.394305
-5.333482
-5.405155
-5.346304
-5.419950
-5.361099
-5.434087
-5.376223
-5.452498
-5.392662
-5.469923
-5.410744
-5.488006
-5.429484
-5.507075
-5.446251
-5.522856
-5.460060
-5.534692
-5.470910
-5.546199
-5.480444
-5.550144
-5.483403
-5.554089
-5.483732
-5.550144
-5.478471
-5.546199
-5.467293
-5.535349
-5.454800
-5.520883
-5.441320
-5.503787
-5.424881
-5.486691
-5.406470
-5.469923
-5.386744
-5.450854
-5.370962
-5.435731
-5.351236
-5.417977
-5.338743
-5.406470
-5.328879
-5.398579
-5.321975
-5.389045
-5.315400
-5.388716
-5.315400
-5.392662
-5.320989
-5.399566
-5.328879
-5.409758
-5.340715
-5.424224
-5.353538
-5.435731
-5.364387
-5.453156
-5.382141
-5.472225
-5.404826
-5.490307
-5.420936
-5.508061
-5.433758
-5.519239
-5.448882
-5.534692
-5.457430
-5.542911
-5.467622
-5.551130
-5.470581
-5.553432
-5.472553
-5.547843
-5.465649
-5.540609
-5.456115
-5.532719
-5.443621
-5.518910
-5.428498
-5.503787
-5.411730
-5.486362
-5.393648
-5.468279
-5.376223
-5.447896
-5.355839
-5.432443
-5.338414
-5.416004
-5.323619
-5.403182
-5.312441
-5.393977
-5.307509
-5.386415
-5.301591
-5.387730
-5.304550
-5.393648
-5.310797
-5.400552
-5.320660
-5.412388
-5.329537
-5.425210
-5.347291
-5.443293
-5.365045
-5.462033
-5.382470
-5.481102
-5.402196
-5.496882
-5.416004
-5.513650
-5.432443
-5.529102
-5.446580
-5.537651
-5.449868
-5.546527
-5.460060
-5.553103
-5.462033
-5.554089
-5.462361
-5.551788
-5.457430
-5.544555
-5.448882
-5.534692
-5.433758
-5.518582
-5.415676
-5.500499
-5.398579
-5.483074
-5.381155
-5.463019
-5.361757
-5.444936
-5.344989
-5.426525
-5.328222
-5.415018
-5.314413
-5.403511
-5.304221
-5.392004
-5.296988
-5.390031
-5.296331
-5.392004
-5.296331
-5.392662
-5.302577
-5.403511
-5.314413
-5.416004
-5.327893
-5.427840
-5.341372
-5.446251
-5.360113
-5.466307
-5.379510
-5.482088
-5.395949
-5.499513
-5.412059
-5.516609
-5.427840
-5.528116
-5.434087
-5.539294
-5.442964
-5.546856
-5.452827
-5.554747
-5.456772
-5.556391
-5.454800
-5.551459
-5.446909
-5.542582
-5.437375
-5.527787
-5.417977
-5.511677
-5.403840
-5.493924
-5.382798
-5.472882
-5.364387
-5.457430
-5.348277
-5.441648
-5.332825
-5.426196
-5.315728
-5.411730
-5.305865
-5.403182
-5.298304
-5.392662
-5.288111
-5.390031
-5.287125
-5.391017
-5.291399
-5.396935
-5.298304
-5.406141
-5.310797
-5.419950
-5.323290
-5.435402
-5.342030
-5.453156
-5.360113
-5.467950
-5.374907
-5.485047
-5.390360
-5.505102
-5.409429
-5.522198
-5.425539
-5.536664
-5.435073
-5.546199
-5.440991
-5.549487
-5.444279
-5.552774
-5.448553
-5.554418
-5.447896
-5.546856
-5.438032
-5.538966
-5.427511
-5.524499
-5.410087
-5.508718
-5.395292
-5.492609
-5.378195
-5.475841
-5.356825
-5.455457
-5.339729
-5.435073
-5.322633
-5.422580
-5.309811
-5.409758
-5.297317
-5.400881
-5.290413
-5.394305
-5.286468
-5.392990
-5.286468
-5.394305
-5.290741
-5.400881
-5.295016
-5.408772
-5.308496
-5.423237
-5.323948
-5.439019
-5.340715
-5.457430
-5.358469
-5.473540
-5.374907
-5.493266
-5.390689
-5.509376
-5.408772
-5.525815
-5.422580
-5.539294
-5.434087
-5.549487
-5.440662
-5.555076
-5.447238
-5.557706
-5.447567
-5.557377
-5.444608
-5.551459
-5.434416
-5.540281
-5.421265
-5.523842
-5.406470
-5.510034
-5.388716
-5.490965
-5.370305
-5.468608
-5.350578
-5.452498
-5.333482
-5.436388
-5.318030
-5.422251
-5.305208
-5.410415
-5.293372
-5.397593
-5.283837
-5.392662
-5.277591
-5.388716
-5.279892
-5.394305
-5.285152
-5.401209
-5.293043
-5.412388
-5.306523
-5.426196
-5.321975
-5.443950
-5.336441
-5.460060
-5.352880
-5.477485
-5.373592
-5.496225
-5.388387
-5.512335
-5.403840
-5.525157
-5.418963
-5.540281
-5.426854
-5.548500
-5.438032
-5.554747
-5.440991
-5.556062
-5.440333
-5.554418
-5.437046
-5.548172
-5.427511
-5.537322
-5.412059
-5.517595
-5.395620
-5.502800
-5.378524
-5.484060
-5.360113
-5.467293
-5.343674
-5.450854
-5.327564
-5.432772
-5.310468
-5.419292
-5.297975
-5.407127
-5.284166
-5.397593
-5.277262
-5.392662
-5.275947
-5.392004
-5.277919
-5.394963
-5.281865
-5.404169
-5.293043
-5.415676
-5.305865
-5.430799
-5.320331
-5.448224
-5.338414
-5.462033
-5.350907
-5.480115
-5.371291
-5.499842
-5.388387
-5.516609
-5.405155
-5.532719
-5.417319
-5.543569
-5.425210
-5.550473
-5.432772
-5.552774
-5.433101
-5.554089
-5.429484
-5.550144
-5.425868
-5.543897
-5.417977
-5.529760
-5.400223
-5.514965
-5.387072
-5.500170
-5.369318
-5.481431
-5.351236
-5.463019
-5.333153
-5.445594
-5.317043
-5.426854
-5.296988
-5.413703
-5.287783
-5.404169
-5.279563
-5.395620
-5.272988
-5.393648
-5.269700
-5.392990
-5.273316
-5.395949
-5.278906
-5.406470
-5.291070
-5.416333
-5.303893
-5.434087
-5.319016
-5.450526
-5.337428
-5.466964
-5.353866
-5.485704
-5.369647
-5.502800
-5.388059
-5.519568
-5.403840
-5.533048
-5.416662
-5.543240
-5.420936
-5.546856
-5.429155
-5.554418
-5.432443
-5.555733
-5.429155
-5.551130
-5.424552
-5.543240
-5.414689
-5.531733
-5.400552
-5.516280
-5.385428
-5.498527
-5.367675
-5.481102
-5.349263
-5.462033
-5.330852
-5.441320
-5.311454
-5.424881
-5.294029
-5.410415
-5.284824
-5.401538
-5.277262
-5.396607
-5.273645
-5.393977
-5.273316
-5.396607
-5.277262
-5.400552
-5.284166
-5.410744
-5.295673
-5.424224
-5.307180
-5.435402
-5.324276
-5.454471
-5.343345
-5.472882
-5.361757
-5.492938
-5.380497
-5.510362
-5.392662
-5.523842
-5.410087
-5.537980
-5.422251
-5.548172
-5.430141
-5.555404
-5.432772
-5.556062
-5.432114
-5.553432
-5.429813
-5.547843
-5.423237
-5.539952
-5.413703
-5.527130
-5.396935
-5.511020
-5.381483
-5.492280
-5.364716
-5.476499
-5.347620
-5.457758
-5.330523
-5.443293
-5.317043
-5.430470
-5.303564
-5.417977
-5.293043
-5.410415
-5.288440
-5.406141
-5.286468
-5.406141
-5.288440
-5.409758
-5.293701
-5.416991
-5.301920
-5.425868
-5.311783
-5.435731
-5.323290
-5.448224
-5.333482
-5.456772
-5.343674
-5.469923
-5.353209
-5.479129
-5.365702
-5.488663
-5.374250
-5.495568
-5.376880
-5.499184
-5.382798
-5.501814
-5.383784
-5.503129
-5.384442
-5.501485
-5.381812
-5.499513
-5.380168
-5.495568
-5.376223
-5.493266
-5.373264
-5.488992
-5.368003
-5.485375
-5.366360
-5.483403
-5.365045
-5.479129
-5.358469
-5.475841
-5.357811
-5.474197
-5.357482
-5.474197
-5.357154
-5.473540
-5.355181
-5.473211
-5.356496
-5.474526
-5.358140
-5.474197
-5.357482
-5.475513
-5.355181
-5.473868
-5.358798
-5.475183
-5.358798
-5.475841
-5.359784
-5.476499
-5.361099
-5.477156
-5.361428
-5.477814
-5.362743
-5.478471
-5.358798
-5.474855
-5.357154
-5.472225
-5.355839
-5.473540
-5.359784
-5.476170
-5.360770
-5.476828
-5.362414
-5.478471
-5.359455
-5.476170
-5.362085
-5.477156
-5.362414
-5.478143
-5.364716
-5.475513
-5.358469
-5.470910
-5.357811
-5.469594
-5.358469
-5.473868
-5.360770
-5.476170
-5.362414
-5.476828
-5.362743
-5.476828
-5.363729
-5.477814
-5.365373
-5.479129
-5.366688
-5.475841
-5.365045
-5.478143
-5.366031
-5.479129
-5.367017
-5.479458
-5.365702
-5.478143
-5.365373
-5.474197
-5.363729
-5.476828
-5.365373
-5.474526
-5.360442
-5.471238
-5.357811
-5.472225
-5.362743
-5.471238
-5.359455
-5.471896
-5.362085
-5.473868
-5.365045
-5.474526
-5.364716
-5.474526
-5.365045
-5.473211
-5.365045
-5.476499
-5.366360
-5.477156
-5.367675
-5.477156
-5.365702
-5.476499
-5.368332
-5.477156
-5.368989
-5.478471
-5.370305
-5.478800
-5.371291
-5.479129
-5.371620
-5.480115
-5.372277
-5.479129
-5.371620
-5.479786
-5.372606
-5.479786
-5.373264
-5.479786
-5.372277
-5.479786
-5.372935
-5.479129
-5.374250
-5.480115
-5.370962
-5.478143
-5.372277
-5.476828
-5.369976
-5.476828
-5.372277
-5.475183
-5.368332
-5.471567
-5.368003
-5.470581
-5.369318
-5.474526
-5.369647
-5.474526
-5.372277
-5.476499
-5.369976
-5.475841
-5.373264
-5.477156
-5.374579
-5.478471
-5.376223
-5.475513
-5.374579
-5.477814
-5.375237
-5.477156
-5.375894
-5.479129
-5.373592
-5.473540
-5.372606
-5.473868
-5.369318
-5.473540
-5.373921
-5.476170
-5.375237
-5.477156
-5.377867
-5.477814
-5.376880
-5.478471
-5.376880
-5.476170
-5.372606
-5.475513
-5.376223
-5.476170
-5.377209
-5.478143
-5.377867
-5.478143
-5.377538
-5.477814
-5.379510
-5.479129
-5.380168
-5.479786
-5.380826
-5.476828
-5.376552
-5.473211
-5.372606
-5.469594
-5.373921
-5.474197
-5.376880
-5.476170
-5.379182
-5.477485
-5.380826
-5.475183
-5.377867
-5.473540
-5.374250
-5.472225
-5.372606
-5.472882
-5.377538
-5.475183
-5.379510
-5.477485
-5.381812
-5.476828
-5.380826
-5.478143
-5.382470
-5.478471
-5.382798
-5.479786
-5.382141
-5.474526
-5.377538
-5.473540
-5.378524
-5.471238
-5.379510
-5.474855
-5.380826
-5.476499
-5.383127
-5.478143
-5.383784
-5.478143
-5.384442
-5.475841
-5.379839
-5.471567
-5.381155
-5.476170
-5.382470
-5.476828
-5.384442
-5.478471
-5.385428
-5.477485
-5.385428
-5.478143
-5.383784
-5.474197
-5.383127
-5.476499
-5.385099
-5.476499
-5.385099
-5.477485
-5.385757
-5.477814
-5.387401
-5.478143
-5.387730
-5.479129
-5.389374
-5.476828
-5.388387
-5.478800
-5.389374
-5.479458
-5.390360
-5.480115
-5.387401
-5.477485
-5.389045
-5.478471
-5.391017
-5.479458
-5.390031
-5.479129
-5.391017
-5.478143
-5.387072
-5.475513
-5.390031
-5.476170
-5.386415
-5.471567
-5.385757
-5.471567
-5.387401
-5.475183
-5.388716
-5.475183
-5.390689
-5.477156
-5.389374
-5.476499
-5.392662
-5.477485
-5.393977
-5.478800
-5.394963
-5.478143
-5.392333
-5.476828
-5.390360
-5.471238
-5.387730
-5.473211
-5.392004
-5.474855
-5.393319
-5.476170
-5.394634
-5.477156
-5.395620
-5.478143
-5.396935
-5.478143
-5.397593
-5.479129
-5.397593
-5.474855
-5.392004
-5.469594
-5.391017
-5.468937
-5.391675
-5.473540
-5.394634
-5.475183
-5.397264
-5.476828
-5.399237
-5.474855
-5.396935
-5.472553
-5.394963
-5.472553
-5.393648
-5.473540
-5.396935
-5.474855
-5.398908
-5.476828
-5.401538
-5.476828
-5.398251
-5.474197
-5.396935
-5.470252
-5.394305
-5.471567
-5.398579
-5.473211
-5.400552
-5.475183
-5.401867
-5.472225
-5.401209
-5.474855
-5.402853
-5.476170
-5.404169
-5.477814
-5.404169
-5.472553
-5.398908
-5.468937
-5.395949
-5.468937
-5.400223
-5.471896
-5.401209
-5.473211
-5.403511
-5.474526
-5.403840
-5.474855
-5.406141
-5.476170
-5.407127
-5.476828
-5.407785
-5.475183
-5.407456
-5.476170
-5.408114
-5.475841
-5.409429
-5.475841
-5.406141
-5.473868
-5.404169
-5.468608
-5.405155
-5.472553
-5.403840
-5.470910
-5.406141
-5.472553
-5.408772
-5.474855
-5.406141
-5.472225
-5.409100
-5.474526
-5.411730
-5.476170
-5.411401
-5.475183
-5.412388
-5.475841
-5.413374
-5.475513
-5.413703
-5.475183
-5.411730
-5.472882
-5.411073
-5.471238
-5.411073
-5.472225
-5.408772
-5.466636
-5.405484
-5.467950
-5.410087
-5.466964
-5.409100
-5.469594
-5.411730
-5.472225
-5.414032
-5.470581
-5.413374
-5.472553
-5.415018
-5.473211
-5.417648
-5.471567
-5.415347
-5.473211
-5.416333
-5.473868
-5.418634
-5.473211
-5.417319
-5.473868
-5.418634
-5.473868
-5.419292
-5.474197
-5.415676
-5.470910
-5.416333
-5.467622
-5.412059
-5.468608
-5.415347
-5.466307
-5.412388
-5.463676
-5.411401
-5.464663
-5.415018
-5.467950
-5.416004
-5.468279
-5.417977
-5.468608
-5.418634
-5.470910
-5.420607
-5.470581
-5.422251
-5.472553
-5.423566
-5.469923
-5.421594
-5.470252
-5.420607
-5.465978
-5.420279
-5.469923
-5.420936
-5.468608
-5.421594
-5.468608
-5.420936
-5.468937
-5.422580
-5.469923
-5.424552
-5.470910
-5.425539
-5.470910
-5.421922
-5.467622
-5.419950
-5.462361
-5.417648
-5.464334
-5.422580
-5.466307
-5.423237
-5.467293
-5.425868
-5.468279
-5.426525
-5.469923
-5.427840
-5.469923
-5.428826
-5.470581
-5.428169
-5.468937
-5.428498
-5.469265
-5.427183
-5.467293
-5.428498
-5.467293
-5.424552
-5.462361
-5.423237
-5.460718
-5.424881
-5.464334
-5.426525
-5.464992
-5.427840
-5.465978
-5.428169
-5.466636
-5.430470
-5.467293
-5.431457
-5.467950
-5.432772
-5.467622
-5.432772
-5.467950
-5.433429
-5.467622
-5.434416
-5.468279
-5.430799
-5.464992
-5.431786
-5.464663
-5.428826
-5.463676
-5.432114
-5.461704
-5.428826
-5.457758
-5.427183
-5.456115
-5.428826
-5.460060
-5.430470
-5.461704
-5.432443
-5.463019
-5.431786
-5.462690
-5.434744
-5.464005
-5.436059
-5.465321
-5.437704
-5.464334
-5.433758
-5.458416
-5.429155
-5.454800
-5.430470
-5.459074
-5.432443
-5.458087
-5.433758
-5.460060
-5.435073
-5.460718
-5.437704
-5.462033
-5.438361
-5.463019
-5.439676
-5.462361
-5.439347
-5.463019
-5.440333
-5.463348
-5.441320
-5.463676
-5.438361
-5.461046
-5.438032
-5.456115
-5.435731
-5.454142
-5.436059
-5.457758
-5.439019
-5.460060
-5.441648
-5.461375
-5.442964
-5.460060
-5.440005
-5.458087
-5.441648
-5.460389
-5.441648
-5.459074
-5.442964
-5.459403
-5.439347
-5.454800
-5.440333
-5.457430
-5.439347
-5.452169
-5.438032
-5.453156
-5.440991
-5.455786
-5.441320
-5.454800
-5.442635
-5.456115
-5.444279
-5.458087
-5.445923
-5.458745
-5.445265
-5.454142
-5.442635
-5.455457
-5.445265
-5.454800
-5.443950
-5.454800
-5.444608
-5.451512
-5.443950
-5.454142
-5.446251
-5.451841
-5.444608
-5.454471
-5.446909
-5.455457
-5.447238
-5.455786
-5.445923
-5.451512
-5.445923
-5.454142
-5.447896
-5.454800
-5.448553
-5.454800
-5.449868
-5.455128
-5.448882
-5.454471
-5.449539
-5.455457
-5.450526
-5.455457
-5.448882
-5.452827
-5.449211
-5.453156
-5.450854
-5.453485
-5.446909
-5.449868
-5.446580
-5.450197
-5.448882
-5.450526
-5.448882
-5.451841
-5.447567
-5.448553
-5.446909
-5.446580
-5.447567
-5.449539
-5.450197
-5.450854
-5.449211
-5.450526
-5.452169
-5.451183
-5.452498
-5.451841
-5.452827
-5.452827
-5.454471
-5.452169
-5.452498
-5.450854
-5.453156
-5.451512
-5.452498
-5.449868
-5.453485
-5.448882
-5.451841
-5.448553
-5.449868
-5.447238
-5.452498
-5.448882
-5.449539
-5.446580
-5.451183
-5.445594
-5.452827
-5.447896
-5.451183
-5.445265
-5.451841
-5.443621
-5.451841
-5.445265
-5.450197
-5.443293
-5.451512
-5.442964
-5.451512
-5.444608
-5.451841
-5.442964
-5.452169
-5.444608
-5.453156
-5.444608
-5.450854
-5.441648
-5.453156
-5.444279
-5.453813
-5.441320
-5.449211
-5.439676
-5.452498
-5.442306
-5.454471
-5.440333
-5.450526
-5.439676
-5.453485
-5.442635
-5.455457
-5.440005
-5.450854
-5.440005
-5.454142
-5.442306
-5.457430
-5.442306
-5.453156
-5.436717
-5.453156
-5.439676
-5.455786
-5.441320
-5.456115
-5.439347
-5.456443
-5.440991
-5.458416
-5.441978
-5.460389
-5.443293
-5.460389
-5.442964
-5.457430
-5.440991
-5.459403
-5.441978
-5.460389
-5.440005
-5.458416
-5.436717
-5.457758
-5.438690
-5.460060
-5.436059
-5.457430
-5.436059
-5.454142
-5.435402
-5.457101
-5.433758
-5.456772
-5.436059
-5.458745
-5.434087
-5.455786
-5.432114
-5.457758
-5.435402
-5.460389
-5.436717
-5.461375
-5.437046
-5.462690
-5.436388
-5.462361
-5.437046
-5.463676
-5.437704
-5.464334
-5.436059
-5.459731
-5.434744
-5.462033
-5.435073
-5.462690
-5.430799
-5.459074
-5.429484
-5.459731
-5.431457
-5.458416
-5.429813
-5.460718
-5.431786
-5.461704
-5.430141
-5.461704
-5.431128
-5.463676
-5.433101
-5.465321
-5.434087
-5.465321
-5.432772
-5.462033
-5.428498
-5.460060
-5.427840
-5.462033
-5.426525
-5.462690
-5.429484
-5.464992
-5.429155
-5.463676
-5.429155
-5.464992
-5.429813
-5.466307
-5.430141
-5.467293
-5.429813
-5.467293
-5.426196
-5.461704
-5.425539
-5.464334
-5.426525
-5.462033
-5.423237
-5.463019
-5.421922
-5.463019
-5.423895
-5.461375
-5.422580
-5.464334
-5.425210
-5.466307
-5.422251
-5.463348
-5.422580
-5.465321
-5.424552
-5.467950
-5.422909
-5.465978
-5.424552
-5.467622
-5.424881
-5.469594
-5.425868
-5.469265
-5.424552
-5.468279
-5.421265
-5.466636
-5.423566
-5.468608
-5.422251
-5.467950
-5.422580
-5.468937
-5.421265
-5.464992
-5.419292
-5.467293
-5.420936
-5.468937
-5.421922
-5.469594
-5.420936
-5.469265
-5.420607
-5.469594
-5.420936
-5.466636
-5.415347
-5.465978
-5.416991
-5.468279
-5.418963
-5.469594
-5.419292
-5.469923
-5.416333
-5.467950
-5.416333
-5.465321
-5.411401
-5.464663
-5.414032
-5.467293
-5.416333
-5.469594
-5.417977
-5.469923
-5.417319
-5.466636
-5.414361
-5.465978
-5.413045
-5.466964
-5.412388
-5.467293
-5.414032
-5.469923
-5.415676
-5.469923
-5.415347
-5.471238
-5.413703
-5.468279
-5.414032
-5.470581
-5.413703
-5.469265
-5.414032
-5.470910
-5.414361
-5.470252
-5.413374
-5.470252
-5.412716
-5.468279
-5.410744
-5.470252
-5.412059
-5.466307
-5.410087
-5.469265
-5.411730
-5.472225
-5.412059
-5.472225
-5.410744
-5.471238
-5.410087
-5.467622
-5.408442
-5.466636
-5.407127
-5.468937
-5.409100
-5.471238
-5.409100
-5.471238
-5.409429
-5.472225
-5.406470
-5.470910
-5.408442
-5.471238
-5.409100
-5.468937
-5.406470
-5.466964
-5.404826
-5.469594
-5.405484
-5.468937
-5.406141
-5.471238
-5.404826
-5.467293
-5.403511
-5.469594
-5.404826
-5.471567
-5.406470
-5.473211
-5.406799
-5.473211
-5.406470
-5.470581
-5.404169
-5.472225
-5.405155
-5.473211
-5.401867
-5.470581
-5.399894
-5.469923
-5.402196
-5.472225
-5.400223
-5.470252
-5.401209
-5.470581
-5.402196
-5.472553
-5.398908
-5.469923
-5.399237
-5.467950
-5.398908
-5.471238
-5.398579
-5.470910
-5.399894
-5.468608
-5.398251
-5.471238
-5.398908
-5.467950
-5.395620
-5.469923
-5.397264
-5.471896
-5.398908
-5.468608
-5.393977
-5.465649
-5.393319
-5.469923
-5.396278
-5.472553
-5.396607
-5.469265
-5.395292
-5.472225
-5.396935
-5.472553
-5.396607
-5.469923
-5.394963
-5.473211
-5.396607
-5.473868
-5.396935
-5.475183
-5.397264
-5.475841
-5.394963
-5.472882
-5.394963
-5.474526
-5.394963
-5.474855
-5.392333
-5.469594
-5.389702
-5.470910
-5.391346
-5.471896
-5.392004
-5.472882
-5.392004
-5.469265
-5.389045
-5.467950
-5.387730
-5.471896
-5.390360
-5.473540
-5.387072
-5.470252
-5.388716
-5.472553
-5.389702
-5.474526
-5.390031
-5.474855
-5.391346
-5.475183
-5.389045
-5.475183
-5.389702
-5.476828
-5.390360
-5.475183
-5.386086
-5.472553
-5.386744
-5.474526
-5.388387
-5.471238
-5.385099
-5.469594
-5.383127
-5.472225
-5.385428
-5.471238
-5.383127
-5.472553
-5.379839
-5.470252
-5.381812
-5.468937
-5.380826
-5.471567
-5.378853
-5.470252
-5.381483
-5.472553
-5.379839
-5.470910
-5.376880
-5.470581
-5.379839
-5.473868
-5.381812
-5.473868
-5.381483
-5.474855
-5.383127
-5.476170
-5.383456
-5.477156
-5.383127
-5.477485
-5.380826
-5.471896
-5.375237
-5.471896
-5.378853
-5.472553
-5.377209
-5.474526
-5.378524
-5.473211
-5.375237
-5.471896
-5.376880
-5.473868
-5.378524
-5.475513
-5.379510
-5.476499
-5.376552
-5.473868
-5.377538
-5.474855
-5.377209
-5.473868
-5.377209
-5.475183
-5.375237
-5.475183
-5.377209
-5.476170
-5.377538
-5.474526
-5.376880
-5.475841
-5.372935
-5.470910
-5.370962
-5.472225
-5.374250
-5.474526
-5.375565
-5.475841
-5.376223
-5.475841
-5.372606
-5.473211
-5.371291
-5.473540
-5.372935
-5.470910
-5.372277
-5.473540
-5.374250
-5.475841
-5.373921
-5.476828
-5.374579
-5.476170
-5.374907
-5.477814
-5.375237
-5.477156
-5.374907
-5.473868
-5.369647
-5.473868
-5.372277
-5.475841
-5.369318
-5.472882
-5.370634
-5.474197
-5.368661
-5.470581
-5.368332
-5.472882
-5.370634
-5.475183
-5.372277
-5.476170
-5.371949
-5.475841
-5.370634
-5.475513
-5.367675
-5.473868
-5.366360
-5.472882
-5.368661
-5.474526
-5.370305
-5.475513
-5.369647
-5.475841
-5.369647
-5.472882
-5.364716
-5.473211
-5.367017
-5.470910
-5.365702
-5.473540
-5.368332
-5.475183
-5.367346
-5.475183
-5.368661
-5.473868
-5.364058
-5.473211
-5.367017
-5.474197
-5.366360
-5.475513
-5.368661
-5.475841
-5.367017
-5.474197
-5.367675
-5.475841
-5.367017
-5.475841
-5.368332
-5.476828
-5.368003
-5.475183
-5.367017
-5.476828
-5.366360
-5.474197
-5.366031
-5.475183
-5.366360
-5.475841
-5.367675
-5.477156
-5.368003
-5.473540
-5.365702
-5.476170
-5.367017
-5.476499
-5.367675
-5.476828
-5.367017
-5.473868
-5.361428
-5.473540
-5.364387
-5.474526
-5.363400
-5.474526
-5.364058
-5.475183
-5.363729
-5.475513
-5.364387
-5.475183
-5.361757
-5.473211
-5.363400
-5.474855
-5.360770
-5.473540
-5.363072
-5.475183
-5.363072
-5.473540
-5.364058
-5.476170
-5.360442
-5.472553
-5.362085
-5.474855
-5.362743
-5.473540
-5.362085
-5.475183
-5.362743
-5.474526
-5.363400
-5.476170
-5.362085
-5.473211
-5.361099
-5.474855
-5.361757
-5.474855
-5.362414
-5.476828
-5.363729
-5.478143
-5.363729
-5.477156
-5.362414
-5.474855
-5.360113
-5.472225
-5.356167
-5.471567
-5.358798
-5.473540
-5.359127
-5.474855
-5.362085
-5.475513
-5.361099
-5.476170
-5.361428
-5.477156
-5.362414
-5.477814
-5.362743
-5.474197
-5.359784
-5.474526
-5.356496
-5.470910
-5.356825
-5.473540
-5.357811
-5.474197
-5.359455
-5.476170
-5.359127
-5.474197
-5.358798
-5.476828
-5.359784
-5.475841
-5.359455
-5.477156
-5.359127
-5.474526
-5.356167
-5.474855
-5.357154
-5.473868
-5.356825
-5.475841
-5.358469
-5.477156
-5.359784
-5.477814
-5.355181
-5.475183
-5.357811
-5.474855
-5.354195
-5.474197
-5.355839
-5.475841
-5.356167
-5.476170
-5.358140
-5.477485
-5.356825
-5.474855
-5.356167
-5.476499
-5.355181
-5.474526
-5.355839
-5.476170
-5.355839
-5.476828
-5.356825
-5.477814
-5.357154
-5.473868
-5.353866
-5.475841
-5.352880
-5.470910
-5.349921
-5.472882
-5.353209
-5.475183
-5.354524
-5.476828
-5.355181
-5.473211
-5.351893
-5.475183
-5.353209
-5.474855
-5.352551
-5.474855
-5.353209
-5.475513
-5.354195
-5.476828
-5.355510
-5.476499
-5.353209
-5.475841
-5.353866
-5.475841
-5.353209
-5.474526
-5.353538
-5.476499
-5.354195
-5.477814
-5.355510
-5.478143
-5.355510
-5.475183
-5.352551
-5.472882
-5.351236
-5.474855
-5.348277
-5.471896
-5.350578
-5.474855
-5.350907
-5.471567
-5.350250
-5.474526
-5.352551
-5.475183
-5.353538
-5.476828
-5.354195
-5.473868
-5.352551
-5.475183
-5.352880
-5.475513
-5.352551
-5.475841
-5.353538
-5.476828
-5.354853
-5.477814
-5.355510
-5.478143
-5.352880
-5.475183
-5.352551
-5.472225
-5.350907
-5.469923
-5.349921
-5.473868
-5.352880
-5.476170
-5.354853
-5.477156
-5.354853
-5.476828
-5.351565
-5.471567
-5.350907
-5.473868
-5.349921
-5.472882
-5.352551
-5.475513
-5.353866
-5.475513
-5.353866
-5.476828
-5.351236
-5.471238
-5.351565
-5.474526
-5.353538
-5.472225
-5.351565
-5.474855
-5.352222
-5.472225
-5.348606
-5.472225
-5.350907
-5.474526
-5.354195
-5.476828
-5.354195
-5.476499
-5.355510
-5.473868
-5.353209
-5.475513
-5.355510
-5.476499
-5.354195
-5.476170
-5.355510
-5.476170
-5.354524
-5.475183
-5.354853
-5.476828
-5.355839
-5.477485
-5.356825
-5.478143
-5.356825
-5.477156
-5.356825
-5.478143
-5.353538
-5.472882
-5.352880
-5.474526
-5.354853
-5.476828
-5.356825
-5.478471
-5.356825
-5.477485
-5.354195
-5.474197
-5.352222
-5.474855
-5.354195
-5.473868
-5.355181
-5.476170
-5.357482
-5.476499
-5.355181
-5.476499
-5.356825
-5.476170
-5.356825
-5.477814
-5.357482
-5.477156
-5.356825
-5.477156
-5.357482
-5.477156
-5.355839
-5.476828
-5.356825
-5.476828
-5.355181
-5.475513
-5.357811
-5.476828
-5.354524
-5.476170
-5.357482
-5.477485
-5.357811
-5.477156
-5.358140
-5.478143
-5.355181
-5.472225
-5.354524
-5.474526
-5.353538
-5.473211
-5.355181
-5.476170
-5.358140
-5.476828
-5.358140
-5.478471
-5.355181
-5.471567
-5.354853
-5.475183
-5.356496
-5.473868
-5.356825
-5.475841
-5.358469
-5.477485
-5.358798
-5.477485
-5.356496
-5.475841
-5.357154
-5.474855
-5.356496
-5.475513
-5.358140
-5.473211
-5.353209
-5.469265
-5.353538
-5.469923
-5.353866
-5.474197
-5.357482
-5.476499
-5.359127
-5.477814
-5.358140
-5.475841
-5.359127
-5.477156
-5.360442
-5.477814
-5.360442
-5.475183
-5.359455
-5.477485
-5.359784
-5.477156
-5.361099
-5.477814
-5.357482
-5.474526
-5.354853
-5.470910
-5.354195
-5.473211
-5.356496
-5.472225
-5.354853
-5.472882
-5.354195
-5.472882
-5.357811
-5.474526
-5.358798
-5.476499
-5.360770
-5.476170
-5.361099
-5.477156
-5.360770
-5.477814
-5.361428
-5.473540
-5.359127
-5.475513
-5.358469
-5.471896
-5.356496
-5.472225
-5.358140
-5.474526
-5.357811
-5.471896
-5.355839
-5.470252
-5.356825
-5.473211
-5.355510
-5.472225
-5.354524
-5.468608
-5.356167
-5.472882
-5.357811
-5.474197
-5.359127
-5.473540
-5.360770
-5.475183
-5.359784
-5.476499
-5.362085
-5.477485
-5.363400
-5.477485
-5.363072
-5.478800
-5.365045
-5.479786
-5.365045
-5.478800
-5.364387
-5.479129
-5.365373
-5.479786
-5.365702
-5.479458
-5.364058
-5.478143
-5.365702
-5.479786
-5.367017
-5.479786
-5.365702
-5.479129
-5.365702
-5.480115
-5.366360
-5.479786
-5.363729
-5.478471
-5.365045
-5.478800
-5.365702
-5.478471
-5.363400
-5.477814
-5.364387
-5.475183
-5.360113
-5.471238
-5.359455
-5.474197
-5.359455
-5.474197
-5.361428
-5.473868
-5.362743
-5.475513
-5.363072
-5.477156
-5.365702
-5.478800
-5.366688
-5.475513
-5.364716
-5.477156
-5.363400
-5.476170
-5.361099
-5.474197
-5.363400
-5.472225
-5.361428
-5.474197
-5.362085
-5.475513
-5.364058
-5.476170
-5.365702
-5.478471
-5.368332
-5.479786
-5.367017
-5.478800
-5.367675
-5.479786
-5.368989
-5.480115
-5.367346
-5.478800
-5.367017
-5.475841
-5.365702
-5.477485
-5.365045
-5.477485
-5.366688
-5.476499
-5.366688
-5.477814
-5.364387
-5.476499
-5.366688
-5.476828
-5.367675
-5.478800
-5.368661
-5.477814
-5.368661
-5.479129
-5.369647
-5.480444
-5.369647
-5.477814
-5.369647
-5.475513
-5.364716
-5.473211
-5.365045
-5.475513
-5.366031
-5.475841
-5.368332
-5.478800
-5.369318
-5.479129
-5.369318
-5.479129
-5.370634
-5.480444
-5.371620
-5.478800
-5.370305
-5.479458
-5.368332
-5.475183
-5.365045
-5.472553
-5.365373
-5.475183
-5.366031
-5.474526
-5.366688
-5.475841
-5.368003
-5.477156
-5.368332
-5.477814
-5.369647
-5.477485
-5.369976
-5.477814
-5.369647
-5.478471
-5.371291
-5.479129
-5.371949
-5.478800
-5.371949
-5.475513
-5.368989
-5.477156
-5.369318
-5.477156
-5.368332
-5.477485
-5.370962
-5.479129
-5.372606
-5.475513
-5.370305
-5.475183
-5.369647
-5.477814
-5.371291
-5.478143
-5.370305
-5.477814
-5.369318
-5.474526
-5.367017
-5.472882
-5.368332
-5.473540
-5.369318
-5.476499
-5.371291
-5.478143
-5.371949
-5.478800
-5.369976
-5.476170
-5.369318
-5.476499
-5.370962
-5.473540
-5.370305
-5.476828
-5.371620
-5.478471
-5.369318
-5.475841
-5.369976
-5.476828
-5.372277
-5.478471
-5.373264
-5.478471
-5.373264
-5.480115
-5.371291
-5.474197
-5.367017
-5.474197
-5.368661
-5.475183
-5.371620
-5.478143
-5.373592
-5.474197
-5.371291
-5.476170
-5.370962
-5.477156
-5.372277
-5.478471
-5.372606
-5.478143
-5.374579
-5.479129
-5.374250
-5.476170
-5.372935
-5.476828
-5.373592
-5.478800
-5.374907
-5.480115
-5.372935
-5.477814
-5.372935
-5.477814
-5.372935
-5.478471
-5.374250
-5.475841
-5.372935
-5.477814
-5.374579
-5.478800
-5.370305
-5.476170
-5.369976
-5.475841
-5.373592
-5.477814
-5.374579
-5.475513
-5.373592
-5.476828
-5.370305
-5.472225
-5.368661
-5.473540
-5.368989
-5.474526
-5.373264
-5.477814
-5.374907
-5.477485
-5.374579
-5.474197
-5.373264
-5.477485
-5.374907
-5.478800
-5.374579
-5.479129
-5.371620
-5.476170
-5.373921
-5.477814
-5.373921
-5.478143
-5.375565
-5.474855
-5.371291
-5.473868
-5.372277
-5.473868
-5.372606
-5.476828
-5.375237
-5.478143
-5.372935
-5.477156
-5.371291
-5.476170
-5.374907
-5.478143
-5.375894
-5.476828
-5.375237
-5.475841
-5.374250
-5.476828
-5.375237
-5.478471
-5.375237
-5.478800
-5.374907
-5.475841
-5.371291
-5.475841
-5.372935
-5.475841
-5.374579
-5.478800
-5.376880
-5.475513
-5.374907
-5.476828
-5.375565
-5.478471
-5.377209
-5.479129
-5.374579
-5.477485
-5.375565
-5.474855
-5.372606
-5.474855
-5.374579
-5.473211
-5.373592
-5.476170
-5.375237
-5.477156
-5.375565
-5.478143
-5.374250
-5.477156
-5.376223
-5.478143
-5.376552
-5.475183
-5.375237
-5.477485
-5.376223
-5.477814
-5.373592
-5.475183
-5.375237
-5.474197
-5.374579
-5.476499
-5.375237
-5.477156
-5.376223
-5.477485
-5.377538
-5.479129
-5.379182
-5.479786
-5.375894
-5.478143
-5.377209
-5.479786
-5.378853
-5.480115
-5.375894
-5.478143
-5.377209
-5.475513
-5.372606
-5.471238
-5.372935
-5.473868
-5.374579
-5.476170
-5.376880
-5.478471
-5.375237
-5.477156
-5.374250
-5.475841
-5.376880
-5.477814
-5.377867
-5.477814
-5.377538
-5.475183
-5.374250
-5.474855
-5.376223
-5.476828
-5.375894
-5.477814
-5.378853
-5.478471
-5.378195
-5.478471
-5.378195
-5.477814
-5.378524
-5.478800
-5.379182
-5.479458
-5.378195
-5.479129
-5.376880
-5.474526
-5.372606
-5.473868
-5.374907
-5.475841
-5.377209
-5.478471
-5.379510
-5.479129
-5.375565
-5.477485
-5.376552
-5.477156
-5.376223
-5.477485
-5.378524
-5.478471
-5.378853
-5.475513
-5.374250
-5.474197
-5.375894
-5.475183
-5.377867
-5.478143
-5.378853
-5.478471
-5.375237
-5.477156
-5.374250
-5.475841
-5.376880
-5.477814
-5.378853
-5.476828
-5.378195
-5.478143
-5.379510
-5.479458
-5.380497
-5.476170
-5.378524
-5.474855
-5.376552
-5.477814
-5.378853
-5.478800
-5.379510
-5.479129
-5.380168
-5.479129
-5.380497
-5.480444
-5.377867
-5.478800
-5.377867
-5.475513
-5.377867
-5.476828
-5.378853
-5.477156
-5.379182
-5.475183
-5.374579
-5.473540
-5.375894
-5.474526
-5.377538
-5.477156
-5.379510
-5.479458
-5.377538
-5.477485
-5.375894
-5.476499
-5.378853
-5.477485
-5.379510
-5.474197
-5.377538
-5.476499
-5.377209
-5.473540
-5.376552
-5.476499
-5.374907
-5.474855
-5.378195
-5.478143
-5.379510
-5.474855
-5.378524
-5.474197
-5.377209
-5.477156
-5.378853
-5.477156
-5.377209
-5.476828
-5.375894
-5.474197
-5.376223
-5.475513
-5.377867
-5.475513
-5.378524
-5.477156
-5.379839
-5.475513
-5.378853
-5.477156
-5.379510
-5.478471
-5.380826
-5.479458
-5.380497
-5.479786
-5.381483
-5.478143
-5.379510
-5.476828
-5.380168
-5.478143
-5.379510
-5.478471
-5.381483
-5.480115
-5.382141
-5.478471
-5.381483
-5.475513
-5.378853
-5.478143
-5.380497
-5.478800
-5.380826
-5.479458
-5.381812
-5.478800
-5.381483
-5.477814
-5.380826
-5.475183
-5.379839
-5.477814
-5.380826
-5.479129
-5.379510
-5.478471
-5.380826
-5.477814
-5.379510
-5.474855
-5.378853
-5.476828
-5.378524
-5.477156
-5.380497
-5.478471
-5.381483
-5.474855
-5.379839
-5.478471
-5.382141
-5.479786
-5.383127
-5.478471
-5.380497
-5.478471
-5.381155
-5.478143
-5.380497
-5.478471
-5.381812
-5.477485
-5.379510
-5.477485
-5.381483
-5.477156
-5.380826
-5.478800
-5.382470
-5.480115
-5.383784
-5.480773
-5.383784
-5.476499
-5.381155
-5.477485
-5.377209
-5.473540
-5.379182
-5.476828
-5.378853
-5.476170
-5.380168
-5.478471
-5.378195
-5.475841
-5.380168
-5.478143
-5.383456
-5.479786
-5.383456
-5.480115
-5.380826
-5.477156
-5.379182
-5.473540
-5.376552
-5.474526
-5.379182
-5.476170
-5.380826
-5.478143
-5.382141
-5.479129
-5.378853
-5.476170
-5.380497
-5.473540
-5.376223
-5.472882
-5.378853
-5.475513
-5.381155
-5.477814
-5.382798
-5.479458
-5.382141
-5.477814
-5.382798
-5.477156
-5.378524
-5.471896
-5.377209
-5.475183
-5.380168
-5.477814
-5.382798
-5.479129
-5.383127
-5.477814
-5.381812
-5.479129
-5.380497
-5.476170
-5.378524
-5.476499
-5.381155
-5.477485
-5.382798
-5.477485
-5.382470
-5.478800
-5.383456
-5.479458
-5.384113
-5.480444
-5.384442
-5.480444
-5.381483
-5.476828
-5.381155
-5.474855
-5.378524
-5.474526
-5.379839
-5.476828
-5.382470
-5.478800
-5.383127
-5.479129
-5.383456
-5.478800
-5.382798
-5.479129
-5.384113
-5.480115
-5.383456
-5.479129
-5.383456
-5.478471
-5.380497
-5.473868
-5.378524
-5.475513
-5.381812
-5.478143
-5.383784
-5.478800
-5.383456
-5.479129
-5.382798
-5.478471
-5.383784
-5.479786
-5.384442
-5.479458
-5.380497
-5.476170
-5.379510
-5.476499
-5.382141
-5.474855
-5.379510
-5.476170
-5.380168
-5.474197
-5.379182
-5.472882
-5.379182
-5.475513
-5.381812
-5.475841
-5.377867
-5.470910
-5.377209
-5.474197
-5.380826
-5.475841
-5.378853
-5.472882
-5.378195
-5.474526
-5.381155
-5.475513
-5.381155
-5.477485
-5.382798
-5.475183
-5.380168
-5.475183
-5.381812
-5.477156
-5.382798
-5.478143
-5.384113
-5.480115
-5.384442
-5.475513
-5.380826
-5.475841
-5.382798
-5.477814
-5.382798
-5.478800
-5.384771
-5.479458
-5.385428
-5.480115
-5.385757
-5.476170
-5.382470
-5.474197
-5.377867
-5.471238
-5.379182
-5.475513
-5.380497
-5.475513
-5.382470
-5.477485
-5.383456
-5.478471
-5.385428
-5.479458
-5.385757
-5.480115
-5.387401
-5.477814
-5.385099
-5.479458
-5.385757
-5.480115
-5.386744
-5.480115
-5.384442
-5.479786
-5.386415
-5.479786
-5.386086
-5.480444
-5.385428
-5.478471
-5.384113
-5.475183
-5.379510
-5.472553
-5.381155
-5.476170
-5.382470
-5.476170
-5.383784
-5.478471
-5.384442
-5.478800
-5.385757
-5.479458
-5.386744
-5.480773
-5.387401
-5.476828
-5.384442
-5.476828
-5.381155
-5.473211
-5.382470
-5.476170
-5.380168
-5.470910
-5.378853
-5.472553
-5.377209
-5.473211
-5.382141
-5.475183
-5.382798
-5.476828
-5.383784
-5.477156
-5.385757
-5.478800
-5.386086
-5.479129
-5.387401
-5.476828
-5.385428
-5.478800
-5.385757
-5.479129
-5.387072
-5.479458
-5.387401
-5.480115
-5.387730
-5.480444
-5.387730
-5.480444
-5.385428
-5.478800
-5.387072
-5.479458
-5.388059
-5.480444
-5.387072
-5.479458
-5.388059
-5.479786
-5.388716
-5.480773
-5.389702
-5.478143
-5.387072
-5.479129
-5.387730
-5.479458
-5.388716
-5.479458
-5.386086
-5.478143
-5.385099
-5.473540
-5.383784
-5.477156
-5.385099
-5.473540
-5.381155
-5.470910
-5.378524
-5.472553
-5.383456
-5.474526
-5.384113
-5.475513
-5.385099
-5.473540
-5.385428
-5.477485
-5.387730
-5.478800
-5.388387
-5.480115
-5.390031
-5.477814
-5.387401
-5.474197
-5.381483
-5.470910
-5.383127
-5.474855
-5.385099
-5.476170
-5.386744
-5.478471
-5.388716
-5.477485
-5.384771
-5.473540
-5.383784
-5.474197
-5.382798
-5.474855
-5.387072
-5.476828
-5.388059
-5.478471
-5.390360
-5.479458
-5.386086
-5.476499
-5.383784
-5.470910
-5.380826
-5.472553
-5.384442
-5.470581
-5.382470
-5.472225
-5.384113
-5.474526
-5.387072
-5.475841
-5.388059
-5.477156
-5.389374
-5.477485
-5.388716
-5.478471
-5.389702
-5.479129
-5.391346
-5.480444
-5.392333
-5.477814
-5.389702
-5.474526
-5.384771
-5.473868
-5.387072
-5.475841
-5.384771
-5.471567
-5.384113
-5.472225
-5.386086
-5.475841
-5.387072
-5.474197
-5.386415
-5.474855
-5.384113
-5.474526
-5.387730
-5.474855
-5.387072
-5.475183
-5.387401
-5.476170
-5.390360
-5.477156
-5.389045
-5.476170
-5.388716
-5.476828
-5.391346
-5.476499
-5.389045
-5.475513
-5.387730
-5.476499
-5.390360
-5.474197
-5.385099
-5.471567
-5.386086
-5.472553
-5.388059
-5.474526
-5.385757
-5.473540
-5.388059
-5.472553
-5.388716
-5.475841
-5.387072
-5.472553
-5.387072
-5.470910
-5.387730
-5.475513
-5.385428
-5.470252
-5.384113
-5.468608
-5.386086
-5.473868
-5.386086
-5.469923
-5.383784
-5.468937
-5.385428
-5.473211
-5.386086
-5.469594
-5.383456
-5.468608
-5.383784
-5.471896
-5.387401
-5.470910
-5.383784
-5.468279
-5.382141
-5.470910
-5.387401
-5.469923
-5.384771
-5.471567
-5.388387
-5.473540
-5.391017
-5.476499
-5.389045
-5.473211
-5.389702
-5.474526
-5.391675
-5.476828
-5.392004
-5.477156
-5.392990
-5.477814
-5.391346
-5.477156
-5.394305
-5.478143
-5.394305
-5.478143
-5.392662
-5.477485
-5.394305
-5.478471
-5.394963
-5.477814
-5.394305
-5.478143
-5.395949
-5.479129
-5.395620
-5.478471
-5.393319
-5.478143
-5.394963
-5.474526
-5.390360
-5.472553
-5.389045
-5.474197
-5.391675
-5.472225
-5.387401
-5.468608
-5.385757
-5.471567
-5.390360
-5.473540
-5.392004
-5.474526
-5.393319
-5.476828
-5.393977
-5.476828
-5.395949
-5.478471
-5.397264
-5.479786
-5.396935
-5.479129
-5.397593
-5.479129
-5.397593
-5.479129
-5.394963
-5.477485
-5.396935
-5.477814
-5.396278
-5.477156
-5.395620
-5.477814
-5.395949
-5.474197
-5.394305
-5.473211
-5.393319
-5.475513
-5.393648
-5.471567
-5.389374
-5.469594
-5.391675
-5.474197
-5.390689
-5.472882
-5.393648
-5.475183
-5.395949
-5.477156
-5.393977
-5.475841
-5.396607
-5.476828
-5.397922
-5.478800
-5.396607
-5.477485
-5.398251
-5.478143
-5.398908
-5.476828
-5.398251
-5.479458
-5.397264
-5.476499
-5.397593
-5.474526
-5.397593
-5.474855
-5.396935
-5.476499
-5.397593
-5.478143
-5.399566
-5.474526
-5.397922
-5.476828
-5.399237
-5.478143
-5.399894
-5.478143
-5.400552
-5.478800
-5.400552
-5.478800
-5.400223
-5.478471
-5.400881
-5.476499
-5.397264
-5.475841
-5.395620
-5.475841
-5.397593
-5.473868
-5.397593
-5.475183
-5.398579
-5.477156
-5.397264
-5.475841
-5.400552
-5.477485
-5.400881
-5.476499
-5.401538
-5.478471
-5.400223
-5.476499
-5.399894
-5.474526
-5.400552
-5.476170
-5.396607
-5.470910
-5.394634
-5.471238
-5.397593
-5.471896
-5.397593
-5.474526
-5.400223
-5.476828
-5.402196
-5.477156
-5.402524
-5.479129
-5.403182
-5.477814
-5.399894
-5.476499
-5.399237
-5.474526
-5.400881
-5.475841
-5.402196
-5.476828
-5.403182
-5.478143
-5.403840
-5.478143
-5.402853
-5.477814
-5.402524
-5.476828
-5.403511
-5.478143
-5.404497
-5.478471
-5.405484
-5.478471
-5.400223
-5.472553
-5.398251
-5.473868
-5.400881
-5.475183
-5.402196
-5.475841
-5.403511
-5.475513
-5.404497
-5.475841
-5.403511
-5.475841
-5.404497
-5.477485
-5.405155
-5.478471
-5.406470
-5.477485
-5.404497
-5.475841
-5.404497
-5.476828
-5.401538
-5.474197
-5.403182
-5.475841
-5.405812
-5.476170
-5.406141
-5.477156
-5.406470
-5.477156
-5.406141
-5.477814
-5.406141
-5.476499
-5.406799
-5.477485
-5.407785
-5.478143
-5.409100
-5.478800
-5.407127
-5.476828
-5.405812
-5.473540
-5.405155
-5.472553
-5.404497
-5.474855
-5.406470
-5.476170
-5.403840
-5.474197
-5.404826
-5.473540
-5.401538
-5.471567
-5.404826
-5.470581
-5.404169
-5.473868
-5.406470
-5.474855
-5.403840
-5.474526
-5.403840
-5.472882
-5.406799
-5.475513
-5.408442
-5.476499
-5.408772
-5.473211
-5.405155
-5.473868
-5.407456
-5.473868
-5.408114
-5.473868
-5.403511
-5.468937
-5.404497
-5.472225
-5.407456
-5.474855
-5.408114
-5.471567
