5.500000
5.500124
5.500269
5.500437
5.500628
5.500844
5.501081
5.501342
5.501623
5.501921
5.502234
5.502558
5.502886
5.503212
5.503528
5.503824
5.504091
5.504315
5.504484
5.504584
5.504599
5.504513
5.504309
5.503970
5.503480
5.502822
5.501982
5.500947
5.499706
5.498253
5.496586
5.494706
5.492622
5.490349
5.487908
5.485330
5.482652
5.479921
5.477191
5.474524
5.471990
5.469661
5.467618
5.465941
5.464712
5.464008
5.463904
5.464464
5.465744
5.467784
5.470611
5.474232
5.478638
5.483797
5.489658
5.496151
5.503188
5.510661
5.518450
5.526423
5.534438
5.542348
5.550004
5.557257
5.563966
5.569995
5.575220
5.579530
5.582829
5.585039
5.586102
5.585977
5.584644
5.582106
5.578382
5.573514
5.567558
5.560591
5.552706
5.544008
5.534615
5.524656
5.514269
5.503596
5.492785
5.481984
5.471344
5.461010
5.451125
5.441824
5.433236
5.425477
5.418654
5.412861
5.408177
5.404666
5.402378
5.401344
5.401581
5.403088
5.405846
5.409821
5.414962
5.421205
5.428469
5.436662
5.445677
5.455399
5.465702
5.476454
5.487517
5.498748
5.510003
5.521136
5.532005
5.542470
5.552396
5.561656
5.570129
5.577709
5.584297
5.589809
5.594173
5.597334
5.599251
5.599899
5.599269
5.597371
5.594226
5.589877
5.584379
5.577801
5.570228
5.561756
5.552494
5.542561
5.532083
5.521194
5.510033
5.498744
5.487470
5.476356
5.465543
5.455170
5.445370
5.436268
5.427980
5.420612
5.414258
5.408999
5.404904
5.402024
5.400395
5.400039
5.400961
5.403148
5.406573
5.411191
5.416945
5.423759
5.431548
5.440212
5.449639
5.459711
5.470297
5.481262
5.492467
5.503769
5.515022
5.526083
5.536812
5.547070
5.556726
5.565658
5.573750
5.580901
5.587018
5.592022
5.595851
5.598456
5.599802
5.599873
5.598668
5.596202
5.592507
5.587630
5.581634
5.574594
5.566601
5.557757
5.548175
5.537978
5.527295
5.516263
5.505024
5.493721
5.482498
5.471498
5.460863
5.450727
5.441222
5.432467
5.424575
5.417647
5.411771
5.407022
5.403462
5.401135
5.400071
5.400284
5.401772
5.404513
5.408476
5.413608
5.419843
5.427103
5.435295
5.444313
5.454042
5.464359
5.475131
5.486221
5.497487
5.508785
5.519971
5.530902
5.541438
5.551444
5.560793
5.569366
5.577051
5.583753
5.589384
5.593874
5.597163
5.599212
5.599992
5.599495
5.597727
5.594710
5.590483
5.585099
5.578629
5.571154
5.562769
5.553583
5.543712
5.533282
5.522427
5.511286
5.500000
5.488714
5.477573
5.466718
5.456288
5.446417
5.437231
5.428846
5.421371
5.414901
5.409517
5.405290
5.402273
5.400505
5.400008
5.400788
5.402837
5.406126
5.410616
5.416247
5.422949
5.430634
5.439207
5.448556
5.458562
5.469098
5.480029
5.491215
5.502513
5.513779
5.524869
5.535641
5.545958
5.555687
5.564705
5.572897
5.580157
5.586392
5.591524
5.595487
5.598229
5.599716
5.599929
5.598865
5.596538
5.592978
5.588229
5.582353
5.575425
5.567533
5.558778
5.549273
5.539137
5.528502
5.517502
5.506279
5.494976
5.483737
5.472705
5.462022
5.451825
5.442243
5.433399
5.425406
5.418366
5.412369
5.407492
5.403797
5.401331
5.400126
5.400198
5.401544
5.404148
5.407977
5.412982
5.419098
5.426249
5.434341
5.443273
5.452929
5.463188
5.473916
5.484977
5.496231
5.507533
5.518738
5.529704
5.540291
5.550362
5.559791
5.568455
5.576244
5.583060
5.588814
5.593433
5.596859
5.599046
5.599968
5.599613
5.597985
5.595106
5.591011
5.585752
5.579399
5.572031
5.563742
5.554639
5.544838
5.534464
5.523650
5.512533
5.501256
5.489964
5.478799
5.467906
5.457422
5.447483
5.438214
5.429735
5.422154
5.415567
5.410059
5.405701
5.402547
5.400639
5.400000
5.400639
5.402547
5.405701
5.410059
5.415567
5.422154
5.429735
5.438214
5.447483
5.457422
5.467906
5.478799
5.489964
5.501256
5.512533
5.523650
5.534464
5.544838
5.554639
5.563742
5.572031
5.579399
5.585752
5.591011
5.595106
5.597985
5.599613
5.599968
5.599046
5.596859
5.593433
5.588814
5.583060
5.576244
5.568455
5.559791
5.550362
5.540291
5.529704
5.518738
5.507533
5.496231
5.484977
5.473916
5.463188
5.452929
5.443273
5.434341
5.426249
5.419098
5.412982
5.407977
5.404148
5.401544
5.400198
5.400126
5.401331
5.403797
5.407492
5.412369
5.418366
5.425406
5.433399
5.442243
5.451825
5.462022
5.472705
5.483737
5.494976
5.506279
5.517502
5.528502
5.539137
5.549273
5.558779
5.567533
5.575425
5.582353
5.588229
5.592978
5.596538
5.598865
5.599929
5.599716
5.598229
5.595487
5.591524
5.586392
5.580157
5.572897
5.564705
5.555687
5.545958
5.535641
5.524869
5.513779
5.502513
5.491215
5.480029
5.469098
5.458562
5.448556
5.439207
5.430634
5.422949
5.416247
5.410616
5.406126
5.402837
5.400788
5.400008
5.400505
5.402273
5.405290
5.409517
5.414901
5.421371
5.428846
5.437231
5.446417
5.456288
5.466718
5.477573
5.488714
5.500000
5.511286
5.522427
5.533282
5.543712
5.553583
5.562769
5.571154
5.578629
5.585099
5.590483
5.594710
5.597727
5.599495
5.599992
5.599212
5.597163
5.593874
5.589384
5.583753
5.577051
5.569366
5.560793
5.551444
5.541438
5.530902
5.519971
5.508785
5.497487
5.486221
5.475131
5.464359
5.454042
5.444313
5.435295
5.427103
5.419843
5.413608
5.408476
5.404513
5.401771
5.400284
5.400071
5.401135
5.403462
5.407022
5.411771
5.417647
5.424575
5.432467
5.441221
5.450727
5.460863
5.471498
5.482498
5.493721
5.505024
5.516263
5.527295
5.537978
5.548175
5.557757
5.566601
5.574594
5.581634
5.587631
5.592508
5.596203
5.598669
5.599874
5.599802
5.598456
5.595852
5.592023
5.587018
5.580902
5.573751
5.565659
5.556727
5.547071
5.536812
5.526084
5.515023
5.503769
5.492467
5.481262
5.470296
5.459709
5.449638
5.440209
5.431545
5.423756
5.416940
5.411186
5.406567
5.403141
5.400954
5.400032
5.400387
5.402015
5.404894
5.408989
5.414248
5.420601
5.427969
5.436257
5.445361
5.455162
5.465536
5.476350
5.487467
5.498744
5.510036
5.521201
5.532094
5.542578
5.552517
5.561786
5.570265
5.577846
5.584433
5.589941
5.594299
5.597453
5.599361
5.600000
5.599361
5.597453
5.594299
5.589941
5.584433
5.577846
5.570265
5.561786
5.552517
5.542578
5.532094
5.521201
5.510036
5.498744
5.487467
5.476350
5.465536
5.455162
5.445361
5.436257
5.427969
5.420601
5.414248
5.408989
5.404894
5.402015
5.400387
5.400032
5.400954
5.403141
5.406567
5.411186
5.416940
5.423756
5.431545
5.440209
5.449638
5.459709
5.470296
5.481262
5.492467
5.503769
5.515023
5.526084
5.536812
5.547071
5.556727
5.565659
5.573751
5.580902
5.587018
5.592023
5.595852
5.598456
5.599802
5.599874
5.598669
5.596203
5.592508
5.587631
5.581634
5.574594
5.566601
5.557757
5.548175
5.537978
5.527295
5.516263
5.505024
5.493721
5.482498
5.471498
5.460863
5.450727
5.441221
5.432467
5.424575
5.417647
5.411771
5.407022
5.403462
5.401135
5.400071
5.400284
5.401771
5.404513
5.408476
5.413608
5.419843
5.427103
5.435295
5.444313
5.454042
5.464359
5.475131
5.486221
5.497487
5.508785
5.519971
5.530902
5.541438
5.551444
5.560793
5.569366
5.577051
5.583753
5.589384
5.593874
5.597163
5.599212
5.599992
5.599495
5.597727
5.594710
5.590483
5.585099
5.578629
5.571154
5.562769
5.553583
5.543712
5.533282
5.522427
5.511286
5.500000
5.488714
5.477573
5.466718
5.456288
5.446417
5.437231
5.428846
5.421371
5.414901
5.409517
5.405290
5.402273
5.400505
5.400008
5.400788
5.402837
5.406126
5.410616
5.416247
5.422949
5.430634
5.439207
5.448556
5.458562
5.469098
5.480029
5.491215
5.502513
5.513779
5.524869
5.535641
5.545958
5.555687
5.564705
5.572897
5.580157
5.586392
5.591524
5.595487
5.598229
5.599716
5.599929
5.598865
5.596538
5.592978
5.588229
5.582353
5.575425
5.567533
5.558779
5.549273
5.539137
5.528502
5.517502
5.506279
5.494976
5.483737
5.472705
5.462022
5.451825
5.442243
5.433399
5.425406
5.418366
5.412369
5.407492
5.403797
5.401331
5.400126
5.400198
5.401544
5.404148
5.407977
5.412982
5.419098
5.426249
5.434341
5.443273
5.452929
5.463188
5.473916
5.484977
5.496231
5.507533
5.518738
5.529704
5.540291
5.550362
5.559791
5.568455
5.576244
5.583060
5.588814
5.593433
5.596859
5.599046
5.599968
5.599613
5.597985
5.595106
5.591011
5.585752
5.579399
5.572031
5.563743
5.554639
5.544838
5.534464
5.523650
5.512533
5.501256
5.489964
5.478799
5.467906
5.457422
5.447483
5.438214
5.429735
5.422154
5.415567
5.410059
5.405701
5.402547
5.400639
5.400000
5.400639
5.402547
5.405701
5.410059
5.415567
5.422154
5.429735
5.438214
5.447483
5.457422
5.467906
5.478799
5.489964
5.501256
5.512533
5.523650
5.534464
5.544838
5.554639
5.563743
5.572031
5.579399
5.585752
5.591011
5.595106
5.597985
5.599613
5.599968
5.599046
5.596859
5.593433
5.588814
5.583060
5.576244
5.568455
5.559791
5.550362
5.540291
5.529704
5.518738
5.507533
5.496231
5.484977
5.473916
5.463188
5.452929
5.443273
5.434341
5.426249
5.419098
5.412982
5.407977
5.404148
5.401544
5.400198
5.400126
5.401331
5.403797
5.407492
5.412369
5.418366
5.425406
5.433399
5.442243
5.451825
5.462022
5.472705
5.483737
5.494976
5.506279
5.517502
5.528502
5.539137
5.549273
5.558779
5.567533
5.575425
5.582353
5.588229
5.592978
5.596538
5.598865
5.599929
5.599716
5.598229
5.595487
5.591524
5.586392
5.580157
5.572897
5.564705
5.555687
5.545958
5.535641
5.524869
5.513779
5.502513
5.491215
5.480029
5.469098
5.458562
5.448556
5.439207
5.430634
5.422949
5.416247
5.410616
5.406126
5.402837
5.400788
5.400008
5.400505
5.402273
5.405290
5.409517
5.414901
5.421371
5.428846
5.437231
5.446417
5.456288
5.466718
5.477573
5.488714
5.500000
5.511286
5.522427
5.533282
5.543712
5.553583
5.562769
5.571154
5.578629
5.585099
5.590483
5.594710
5.597727
5.599495
5.599992
5.599212
5.597163
5.593874
5.589384
5.583753
5.577051
5.569366
5.560793
5.551444
5.541438
5.530902
5.519971
5.508785
5.497487
5.486221
5.475131
5.464359
5.454042
5.444313
5.435295
5.427103
5.419843
5.413608
5.408476
5.404513
5.401771
5.400284
5.400071
5.401135
5.403462
5.407022
5.411771
5.417647
5.424575
5.432467
5.441221
5.450727
5.460863
5.471498
5.482498
5.493721
5.505024
5.516263
5.527295
5.537978
5.548175
5.557757
5.566601
5.574594
5.581634
5.587631
5.592508
5.596203
5.598669
5.599874
5.599802
5.598456
5.595852
5.592023
5.587018
5.580902
5.573751
5.565659
5.556727
5.547071
5.536812
5.526084
5.515023
5.503769
5.492467
5.481262
5.470296
5.459709
5.449638
5.440209
5.431545
5.423756
5.416940
5.411186
5.406567
5.403141
5.400954
5.400032
5.400387
5.402015
5.404894
5.408989
5.414248
5.420601
5.427969
5.436257
5.445361
5.455162
5.465536
5.476350
5.487467
5.498744
5.510036
5.521201
5.532094
5.542578
5.552517
5.561786
5.570265
5.577846
5.584433
5.589941
5.594299
5.597453
5.599361
5.600000
5.599361
5.597453
5.594299
5.589941
5.584433
5.577846
5.570265
5.561786
5.552517
5.542578
5.532094
5.521201
5.510036
5.498744
5.487467
5.476350
5.465536
5.455162
5.445361
5.436257
5.427969
5.420601
5.414248
5.408989
5.404894
5.402015
5.400387
5.400032
5.400954
5.403141
5.406567
5.411186
5.416940
5.423756
5.431545
5.440209
5.449638
5.459709
5.470296
5.481262
5.492467
5.503769
5.515023
5.526084
5.536812
5.547071
5.556727
5.565659
5.573751
5.580902
5.587018
5.592023
5.595852
5.598456
5.599802
5.599874
5.598669
5.596203
5.592508
5.587631
5.581634
5.574594
5.566601
5.557757
5.548175
5.537978
5.527295
5.516263
5.505024
5.493721
5.482498
5.471498
5.460863
5.450727
5.441221
5.432467
5.424575
5.417647
5.411771
5.407022
5.403462
5.401135
5.400071
5.400284
5.401771
5.404513
5.408476
5.413608
5.419843
5.427103
5.435295
5.444313
5.454042
5.464359
5.475131
5.486221
5.497487
5.508785
5.519971
5.530902
5.541438
5.551444
5.560793
5.569366
5.577051
5.583753
5.589384
5.593874
5.597163
5.599212
5.599992
5.599495
5.597727
5.594710
5.590483
5.585099
5.578629
5.571154
5.562769
5.553583
5.543712
5.533282
5.522427
5.511286
5.500000
5.488714
5.477573
5.466718
5.456288
5.446417
5.437231
5.428846
5.421371
5.414901
5.409517
5.405290
5.402273
5.400505
5.400008
5.400788
5.402837
5.406126
5.410616
5.416247
5.422949
5.430634
5.439207
5.448556
5.458562
5.469098
5.480029
5.491215
5.502513
5.513779
5.524869
5.535641
5.545958
5.555687
5.564705
5.572897
5.580157
5.586392
5.591524
5.595487
5.598229
5.599716
5.599929
5.598865
5.596538
5.592978
5.588229
5.582353
5.575425
5.567533
5.558779
5.549273
5.539137
5.528502
5.517502
5.506279
5.494976
5.483737
5.472705
5.462022
5.451825
5.442243
5.433399
5.425406
5.418366
5.412369
5.407492
5.403797
5.401331
5.400126
5.400198
5.401544
5.404148
5.407977
5.412982
5.419098
5.426249
5.434341
5.443273
5.452929
5.463188
5.473916
5.484977
5.496231
5.507533
5.518738
5.529704
5.540291
5.550362
5.559791
5.568455
5.576244
5.583060
5.588814
5.593433
5.596859
5.599046
5.599968
5.599613
5.597985
5.595106
5.591011
5.585752
5.579399
5.572031
5.563743
5.554639
5.544838
5.534464
5.523650
5.512533
5.501256
5.489964
5.478799
5.467906
5.457422
5.447483
5.438214
5.429735
5.422154
5.415567
5.410059
5.405701
5.402547
5.400639
5.400000
5.400639
5.402547
5.405701
5.410059
5.415567
5.422154
5.429735
5.438214
5.447483
5.457422
5.467906
5.478799
5.489964
5.501256
5.512533
5.523650
5.534464
5.544838
5.554639
5.563743
5.572031
5.579399
5.585752
5.591011
5.595106
5.597985
5.599613
5.599968
5.599046
5.596859
5.593433
5.588814
5.583060
5.576244
5.568455
5.559791
5.550362
5.540291
5.529704
5.518738
5.507533
5.496231
5.484977
5.473916
5.463188
5.452929
5.443273
5.434341
5.426249
5.419098
5.412982
5.407977
5.404148
5.401544
5.400198
5.400126
5.401331
5.403797
5.407492
5.412369
5.418366
5.425406
5.433399
5.442243
5.451825
5.462022
5.472705
5.483737
5.494976
5.506279
5.517502
5.528502
5.539137
5.549273
5.558779
5.567533
5.575425
5.582353
5.588229
5.592978
5.596538
5.598865
5.599929
5.599716
5.598229
5.595487
5.591524
5.586392
5.580157
5.572897
5.564705
5.555687
5.545958
5.535641
5.524869
5.513779
5.502513
5.491215
5.480029
5.469098
5.458562
5.448556
5.439207
5.430634
5.422949
5.416247
5.410616
5.406126
5.402837
5.400788
5.400008
5.400505
5.402273
5.405290
5.409517
5.414901
5.421371
5.428846
5.437231
5.446417
5.456288
5.466718
5.477573
5.488714
5.500000
5.511286
5.522427
5.533282
5.543712
5.553583
5.562769
5.571154
5.578629
5.585099
5.590483
5.594710
5.597727
5.599495
5.599992
5.599212
5.597163
5.593874
5.589384
5.583753
5.577051
5.569366
5.560793
5.551444
5.541438
5.530902
5.519971
5.508785
5.497487
5.486221
5.475131
5.464359
5.454042
5.444313
5.435295
5.427103
5.419843
5.413608
5.408476
5.404513
5.401771
5.400284
5.400071
5.401135
5.403462
5.407022
5.411771
5.417647
5.424575
5.432467
5.441221
5.450727
5.460863
5.471498
5.482498
5.493721
5.505024
5.516263
5.527295
5.537978
5.548175
5.557757
5.566601
5.574594
5.581634
5.587631
5.592508
5.596203
5.598669
5.599874
5.599802
5.598456
5.595852
5.592023
5.587018
5.580902
5.573751
5.565659
5.556727
5.547071
5.536812
5.526084
5.515023
5.503769
5.492467
5.481262
5.470296
5.459709
5.449638
5.440209
5.431545
5.423756
5.416940
5.411186
5.406567
5.403141
5.400954
5.400032
5.400387
5.402015
5.404894
5.408989
5.414248
5.420601
5.427969
5.436257
5.445361
5.455162
5.465536
5.476350
5.487467
5.498744
5.510036
5.521201
5.532094
5.542578
5.552517
5.561786
5.570265
5.577846
5.584433
5.589941
5.594299
5.597453
5.599361
5.600000
5.599361
5.597453
5.594299
5.589941
5.584433
5.577846
5.570265
5.561786
5.552517
5.542578
5.532094
5.521201
5.510036
5.498744
5.487467
5.476350
5.465536
5.455162
5.445361
5.436257
5.427969
5.420601
5.414248
5.408989
5.404894
5.402015
5.400387
5.400032
5.400954
5.403141
5.406567
5.411186
5.416940
5.423756
5.431545
5.440209
5.449638
5.459709
5.470296
5.481262
5.492467
5.503769
5.515023
5.526084
5.536812
5.547071
5.556727
5.565659
5.573751
5.580902
5.587018
5.592023
5.595852
5.598456
5.599802
5.599874
5.598669
5.596203
5.592508
5.587631
5.581634
5.574594
5.566601
5.557757
5.548175
5.537978
5.527295
5.516263
5.505024
5.493721
5.482498
5.471498
5.460863
5.450727
5.441221
5.432467
5.424575
5.417647
5.411771
5.407022
5.403462
5.401135
5.400071
5.400284
5.401771
5.404513
5.408476
5.413608
5.419843
5.427103
5.435295
5.444313
5.454042
5.464359
5.475131
5.486221
5.497487
5.508785
5.519971
5.530902
5.541438
5.551444
5.560793
5.569366
5.577051
5.583753
5.589384
5.593874
5.597163
5.599212
5.599992
5.599495
5.597727
5.594710
5.590483
5.585099
5.578629
5.571154
5.562769
5.553583
5.543712
5.533282
5.522427
5.511286
5.500000
5.488714
5.477573
5.466718
5.456288
5.446417
5.437231
5.428846
5.421371
5.414901
5.409517
5.405290
5.402273
5.400505
5.400008
5.400788
5.402837
5.406126
5.410616
5.416247
5.422949
5.430634
5.439207
5.448556
5.458562
5.469098
5.480029
5.491215
5.502513
5.513779
5.524869
5.535641
5.545958
5.555687
5.564705
5.572897
5.580157
5.586392
5.591524
5.595487
5.598229
5.599716
5.599929
5.598865
5.596538
5.592978
5.588229
5.582353
5.575425
5.567533
5.558779
5.549273
5.539137
5.528502
5.517502
5.506279
5.494976
5.483737
5.472705
5.462022
5.451825
5.442243
5.433399
5.425406
5.418366
5.412369
5.407492
5.403797
5.401331
5.400126
5.400198
5.401544
5.404148
5.407977
5.412982
5.419098
5.426249
5.434341
5.443273
5.452929
5.463188
5.473916
5.484977
5.496231
5.507533
5.518738
5.529704
5.540291
5.550362
5.559791
5.568455
5.576244
5.583060
5.588814
5.593433
5.596859
5.599046
5.599968
5.599613
5.597985
5.595106
5.591011
5.585752
5.579399
5.572031
5.563742
5.554639
5.544838
5.534464
5.523650
5.512533
5.501256
5.489964
5.478799
5.467906
5.457422
5.447483
5.438214
5.429735
5.422154
5.415567
5.410059
5.405701
5.402547
5.400639
5.400000
5.400639
5.402547
5.405701
5.410059
5.415567
5.422154
5.429735
5.438214
5.447483
5.457422
5.467906
5.478799
5.489964
5.501256
5.512533
5.523650
5.534464
5.544838
5.554639
5.563742
5.572031
5.579399
5.585752
5.591011
5.595106
5.597985
5.599613
5.599968
5.599046
5.596859
5.593433
5.588814
5.583060
5.576244
5.568455
5.559791
5.550362
5.540291
5.529704
5.518738
5.507533
5.496231
5.484977
5.473916
5.463188
5.452929
5.443273
5.434341
5.426249
5.419098
5.412982
5.407977
5.404148
5.401544
5.400198
5.400126
5.401331
5.403797
5.407492
5.412369
5.418366
5.425406
5.433399
5.442243
5.451825
5.462022
5.472705
5.483737
5.494976
5.506279
5.517502
5.528502
5.539137
5.549273
5.558778
5.567533
5.575425
5.582353
5.588229
5.592978
5.596538
5.598865
5.599929
5.599716
5.598229
5.595487
5.591524
5.586392
5.580157
5.572897
5.564705
5.555687
5.545958
5.535641
5.524869
5.513779
5.502513
5.491215
5.480029
5.469098
5.458562
5.448556
5.439207
5.430634
5.422949
5.416247
5.410616
5.406126
5.402837
5.400788
5.400008
5.400505
5.402273
5.405290
5.409517
5.414901
5.421371
5.428846
5.437231
5.446417
5.456288
5.466718
5.477573
5.488714
5.500000
5.511286
5.522427
5.533282
5.543712
5.553583
5.562769
5.571154
5.578629
5.585099
5.590483
5.594710
5.597727
5.599495
5.599992
5.599211
5.597163
5.593874
5.589384
5.583753
5.577051
5.569366
5.560793
5.551444
5.541438
5.530901
5.519971
5.508785
5.497487
5.486221
5.475131
5.464359
5.454042
5.444313
5.435295
5.427104
5.419844
5.413608
5.408476
5.404514
5.401772
5.400285
5.400072
5.401135
5.403462
5.407023
5.411772
5.417647
5.424576
5.432467
5.441222
5.450728
5.460863
5.471498
5.482498
5.493721
5.505024
5.516263
5.527295
5.537977
5.548174
5.557755
5.566598
5.574591
5.581630
5.587626
5.592502
5.596197
5.598661
5.599866
5.599794
5.598447
5.595842
5.592013
5.587008
5.580891
5.573740
5.565648
5.556717
5.547061
5.536805
5.526078
5.515019
5.503768
5.492470
5.481268
5.470307
5.459726
5.449660
5.440238
5.431582
5.423800
5.416994
5.411249
5.406639
5.403224
5.401045
5.400133
5.400497
5.402134
5.405021
5.409122
5.414385
5.420741
5.428108
5.436392
5.445487
5.455276
5.465631
5.476422
5.487509
5.498748
5.509996
5.521108
5.531940
5.542353
5.552214
5.561394
5.569777
5.577254
5.583729
5.589119
5.593356
5.596385
5.598169
5.598687
5.597932
5.595919
5.592674
5.588244
5.582691
5.576089
5.568530
5.560117
5.550966
5.541203
5.530962
5.520383
5.509614
5.498801
5.488095
5.477644
5.467593
5.458079
5.449234
5.441177
5.434018
5.427852
5.422758
5.418797
5.416015
5.414435
5.414062
5.414880
5.416854
5.419928
5.424027
5.429060
5.434916
5.441476
5.448605
5.456161
5.463999
5.471968
5.479921
5.487717
5.495221
5.502310
5.508876
5.514829
5.520093
5.524616
5.528363
5.531322
5.533496
5.534910
5.535601
5.535622
5.535038
5.533918
5.532341
5.530387
5.528136
5.525667
5.523054
5.520367
5.517667
5.515012
5.512446
5.510010
5.507734
5.505641
5.503747
5.502061
5.500587
5.499323
5.498263
5.497397
5.496713
5.496197
5.495834
5.495606
5.495498
5.495492
5.495574
5.495726
5.495936
5.496189
5.496474
5.496781
5.497099
5.497421
5.497740
5.498050
5.498346
5.498625
5.498885
5.499124
5.499339
5.499532
5.499701
5.499849
5.499975
