5.500000
5.500082
5.500180
5.500295
5.500427
5.500579
5.500753
5.500950
5.501171
5.501417
5.501690
5.501992
5.502322
5.502681
5.503070
5.503488
5.503933
5.504406
5.504903
5.505421
5.505957
5.506505
5.507061
5.507615
5.508160
5.508686
5.509181
5.509633
5.510027
5.510347
5.510578
5.510699
5.510692
5.510536
5.510211
5.509695
5.508968
5.508010
5.506802
5.505328
5.503574
5.501529
5.499186
5.496542
5.493602
5.490373
5.486870
5.483112
5.479127
5.474947
5.470611
5.466162
5.461648
5.457121
5.452637
5.448251
5.444022
5.440006
5.436259
5.432834
5.429782
5.427148
5.424974
5.423296
5.422143
5.421539
5.421503
5.422044
5.423169
5.424876
5.427158
5.430004
5.433394
5.437307
5.441716
5.446589
5.451893
5.457589
5.463637
5.469994
5.476615
5.483456
5.490468
5.497602
5.504813
5.512050
5.519267
5.526414
5.533446
5.540318
5.546986
5.553406
5.559538
5.565345
5.570790
5.575839
5.580460
5.584627
5.588312
5.591495
5.594154
5.596276
5.597846
5.598855
5.599298
5.599170
5.598473
5.597211
5.595390
5.593022
5.590119
5.586699
5.582782
5.578389
5.573546
5.568281
5.562624
5.556607
5.550265
5.543635
5.536753
5.529661
5.522397
5.515004
5.507524
5.500000
5.492474
5.484990
5.477590
5.470317
5.463211
5.456314
5.449665
5.443301
5.437259
5.431573
5.426276
5.421398
5.416966
5.413006
5.409541
5.406589
5.404168
5.402292
5.400971
5.400213
5.400023
5.400400
5.401343
5.402848
5.404904
5.407501
5.410624
5.414254
5.418372
5.422954
5.427973
5.433403
5.439210
5.445363
5.451827
5.458564
5.465537
5.472706
5.480030
5.487467
5.494976
5.502513
5.510036
5.517502
5.524868
5.532094
5.539137
5.545958
5.552517
5.558778
5.564705
5.570264
5.575425
5.580156
5.584432
5.588229
5.591524
5.594298
5.596538
5.598228
5.599361
5.599928
5.599929
5.599361
5.598228
5.596538
5.594299
5.591524
5.588229
5.584433
5.580157
5.575425
5.570265
5.564705
5.558778
5.552517
5.545958
5.539137
5.532094
5.524869
5.517502
5.510036
5.502513
5.494976
5.487467
5.480029
5.472705
5.465536
5.458562
5.451825
5.445361
5.439207
5.433399
5.427969
5.422949
5.418366
5.414248
5.410616
5.407492
5.404894
5.402837
5.401331
5.400387
5.400008
5.400198
5.400954
5.402273
5.404148
5.406567
5.409517
5.412982
5.416940
5.421371
5.426249
5.431545
5.437231
5.443273
5.449638
5.456288
5.463188
5.470296
5.477573
5.484977
5.492467
5.500000
5.507533
5.515023
5.522427
5.529704
5.536812
5.543712
5.550362
5.556727
5.562769
5.568455
5.573751
5.578629
5.583060
5.587018
5.590483
5.593433
5.595852
5.597727
5.599046
5.599802
5.599992
5.599613
5.598669
5.597163
5.595106
5.592508
5.589384
5.585752
5.581634
5.577051
5.572031
5.566601
5.560793
5.554639
5.548175
5.541438
5.534464
5.527295
5.519971
5.512533
5.505024
5.497487
5.489964
5.482498
5.475131
5.467906
5.460863
5.454042
5.447483
5.441222
5.435295
5.429735
5.424575
5.419843
5.415567
5.411771
5.408476
5.405701
5.403462
5.401771
5.400639
5.400071
5.400071
5.400639
5.401771
5.403462
5.405701
5.408476
5.411771
5.415567
5.419843
5.424575
5.429735
5.435295
5.441222
5.447483
5.454042
5.460863
5.467906
5.475131
5.482498
5.489964
5.497487
5.505024
5.512533
5.519971
5.527295
5.534464
5.541438
5.548175
5.554639
5.560793
5.566601
5.572031
5.577051
5.581634
5.585752
5.589384
5.592508
5.595106
5.597163
5.598669
5.599613
5.599992
5.599802
5.599046
5.597727
5.595852
5.593433
5.590483
5.587018
5.583060
5.578629
5.573751
5.568455
5.562769
5.556727
5.550362
5.543712
5.536812
5.529704
5.522427
5.515023
5.507533
5.500000
5.492467
5.484977
5.477573
5.470296
5.463188
5.456288
5.449638
5.443273
5.437231
5.431545
5.426249
5.421371
5.416940
5.412982
5.409517
5.406567
5.404148
5.402273
5.400954
5.400198
5.400008
5.400387
5.401331
5.402837
5.404894
5.407492
5.410616
5.414248
5.418366
5.422949
5.427969
5.433399
5.439207
5.445361
5.451825
5.458562
5.465536
5.472705
5.480029
5.487467
5.494976
5.502513
5.510036
5.517502
5.524869
5.532094
5.539137
5.545958
5.552517
5.558779
5.564705
5.570265
5.575425
5.580157
5.584433
5.588229
5.591524
5.594299
5.596538
5.598229
5.599361
5.599929
5.599929
5.599361
5.598229
5.596538
5.594299
5.591524
5.588229
5.584433
5.580157
5.575425
5.570265
5.564705
5.558779
5.552517
5.545958
5.539137
5.532094
5.524869
5.517502
5.510036
5.502513
5.494976
5.487467
5.480029
5.472705
5.465536
5.458562
5.451825
5.445361
5.439207
5.433399
5.427969
5.422949
5.418366
5.414248
5.410616
5.407492
5.404894
5.402837
5.401331
5.400387
5.400008
5.400198
5.400954
5.402273
5.404148
5.406567
5.409517
5.412982
5.416940
5.421371
5.426249
5.431545
5.437231
5.443273
5.449638
5.456288
5.463188
5.470296
5.477573
5.484977
5.492467
5.500000
5.507533
5.515023
5.522427
5.529704
5.536812
5.543712
5.550362
5.556727
5.562769
5.568455
5.573751
5.578629
5.583060
5.587018
5.590483
5.593433
5.595852
5.597727
5.599046
5.599802
5.599992
5.599613
5.598669
5.597163
5.595106
5.592508
5.589384
5.585752
5.581634
5.577051
5.572031
5.566601
5.560793
5.554639
5.548175
5.541438
5.534464
5.527295
5.519971
5.512533
5.505024
5.497487
5.489964
5.482498
5.475131
5.467906
5.460863
5.454042
5.447483
5.441221
5.435295
5.429735
5.424575
5.419843
5.415567
5.411771
5.408476
5.405701
5.403462
5.401771
5.400639
5.400071
5.400071
5.400639
5.401771
5.403462
5.405701
5.408476
5.411771
5.415567
5.419843
5.424575
5.429735
5.435295
5.441221
5.447483
5.454042
5.460863
5.467906
5.475131
5.482498
5.489964
5.497487
5.505024
5.512533
5.519971
5.527295
5.534464
5.541438
5.548175
5.554639
5.560793
5.566601
5.572031
5.577051
5.581634
5.585752
5.589384
5.592508
5.595106
5.597163
5.598669
5.599613
5.599992
5.599802
5.599046
5.597727
5.595852
5.593433
5.590483
5.587018
5.583060
5.578629
5.573751
5.568455
5.562769
5.556727
5.550362
5.543712
5.536812
5.529704
5.522427
5.515023
5.507533
5.500000
5.492467
5.484977
5.477573
5.470296
5.463188
5.456288
5.449638
5.443273
5.437231
5.431545
5.426249
5.421371
5.416940
5.412982
5.409517
5.406567
5.404148
5.402273
5.400954
5.400198
5.400008
5.400387
5.401331
5.402837
5.404894
5.407492
5.410616
5.414248
5.418366
5.422949
5.427969
5.433399
5.439207
5.445361
5.451825
5.458562
5.465536
5.472705
5.480029
5.487467
5.494976
5.502513
5.510036
5.517502
5.524869
5.532094
5.539137
5.545958
5.552517
5.558779
5.564705
5.570265
5.575425
5.580157
5.584433
5.588229
5.591524
5.594299
5.596538
5.598229
5.599361
5.599929
5.599929
5.599361
5.598229
5.596538
5.594299
5.591524
5.588229
5.584433
5.580157
5.575425
5.570265
5.564705
5.558779
5.552517
5.545958
5.539137
5.532094
5.524869
5.517502
5.510036
5.502513
5.494976
5.487467
5.480029
5.472705
5.465536
5.458562
5.451825
5.445361
5.439207
5.433399
5.427969
5.422949
5.418366
5.414248
5.410616
5.407492
5.404894
5.402837
5.401331
5.400387
5.400008
5.400198
5.400954
5.402273
5.404148
5.406567
5.409517
5.412982
5.416940
5.421371
5.426249
5.431545
5.437231
5.443273
5.449638
5.456288
5.463188
5.470296
5.477573
5.484977
5.492467
5.500000
5.507533
5.515023
5.522427
5.529704
5.536812
5.543712
5.550362
5.556727
5.562769
5.568455
5.573751
5.578629
5.583060
5.587018
5.590483
5.593433
5.595852
5.597727
5.599046
5.599802
5.599992
5.599613
5.598669
5.597163
5.595106
5.592508
5.589384
5.585752
5.581634
5.577051
5.572031
5.566601
5.560793
5.554639
5.548175
5.541438
5.534464
5.527295
5.519971
5.512533
5.505024
5.497487
5.489964
5.482498
5.475131
5.467906
5.460863
5.454042
5.447483
5.441221
5.435295
5.429735
5.424575
5.419843
5.415567
5.411771
5.408476
5.405701
5.403462
5.401771
5.400639
5.400071
5.400071
5.400639
5.401771
5.403462
5.405701
5.408476
5.411771
5.415567
5.419843
5.424575
5.429735
5.435295
5.441221
5.447483
5.454042
5.460863
5.467906
5.475131
5.482498
5.489964
5.497487
5.505024
5.512533
5.519971
5.527295
5.534464
5.541438
5.548175
5.554639
5.560793
5.566601
5.572031
5.577051
5.581634
5.585752
5.589384
5.592508
5.595106
5.597163
5.598669
5.599613
5.599992
5.599802
5.599046
5.597727
5.595852
5.593433
5.590483
5.587018
5.583060
5.578629
5.573751
5.568455
5.562769
5.556727
5.550362
5.543712
5.536812
5.529704
5.522427
5.515023
5.507533
5.500000
5.492467
5.484977
5.477573
5.470296
5.463188
5.456288
5.449638
5.443273
5.437231
5.431545
5.426249
5.421371
5.416940
5.412982
5.409517
5.406567
5.404148
5.402273
5.400954
5.400198
5.400008
5.400387
5.401331
5.402837
5.404894
5.407492
5.410616
5.414248
5.418366
5.422949
5.427969
5.433399
5.439207
5.445361
5.451825
5.458562
5.465536
5.472705
5.480029
5.487467
5.494976
5.502513
5.510036
5.517502
5.524869
5.532094
5.539137
5.545958
5.552517
5.558779
5.564705
5.570265
5.575425
5.580157
5.584433
5.588229
5.591524
5.594299
5.596538
5.598229
5.599361
5.599929
5.599929
5.599361
5.598229
5.596538
5.594299
5.591524
5.588229
5.584433
5.580157
5.575425
5.570265
5.564705
5.558779
5.552517
5.545958
5.539137
5.532094
5.524869
5.517502
5.510036
5.502513
5.494976
5.487467
5.480029
5.472705
5.465536
5.458562
5.451825
5.445361
5.439207
5.433399
5.427969
5.422949
5.418366
5.414248
5.410616
5.407492
5.404894
5.402837
5.401331
5.400387
5.400008
5.400198
5.400954
5.402273
5.404148
5.406567
5.409517
5.412982
5.416940
5.421371
5.426249
5.431545
5.437231
5.443273
5.449638
5.456288
5.463188
5.470296
5.477573
5.484977
5.492467
5.500000
5.507533
5.515023
5.522427
5.529704
5.536812
5.543712
5.550362
5.556727
5.562769
5.568455
5.573751
5.578629
5.583060
5.587018
5.590483
5.593433
5.595852
5.597727
5.599046
5.599802
5.599992
5.599613
5.598669
5.597163
5.595106
5.592508
5.589384
5.585752
5.581634
5.577051
5.572031
5.566601
5.560793
5.554639
5.548175
5.541438
5.534464
5.527295
5.519971
5.512533
5.505024
5.497487
5.489964
5.482498
5.475131
5.467906
5.460863
5.454042
5.447483
5.441221
5.435295
5.429735
5.424575
5.419843
5.415567
5.411771
5.408476
5.405701
5.403462
5.401771
5.400639
5.400071
5.400071
5.400639
5.401771
5.403462
5.405701
5.408476
5.411771
5.415567
5.419843
5.424575
5.429735
5.435295
5.441221
5.447483
5.454042
5.460863
5.467906
5.475131
5.482498
5.489964
5.497487
5.505024
5.512533
5.519971
5.527295
5.534464
5.541438
5.548175
5.554639
5.560793
5.566601
5.572031
5.577051
5.581634
5.585752
5.589384
5.592508
5.595106
5.597163
5.598669
5.599613
5.599992
5.599802
5.599046
5.597727
5.595852
5.593433
5.590483
5.587018
5.583060
5.578629
5.573751
5.568455
5.562769
5.556727
5.550362
5.543712
5.536812
5.529704
5.522427
5.515023
5.507533
5.500000
5.492467
5.484977
5.477573
5.470296
5.463188
5.456288
5.449638
5.443273
5.437231
5.431545
5.426249
5.421371
5.416940
5.412982
5.409517
5.406567
5.404148
5.402273
5.400954
5.400198
5.400008
5.400387
5.401331
5.402837
5.404894
5.407492
5.410616
5.414248
5.418366
5.422949
5.427969
5.433399
5.439207
5.445361
5.451825
5.458562
5.465536
5.472705
5.480029
5.487467
5.494976
5.502513
5.510036
5.517502
5.524869
5.532094
5.539137
5.545958
5.552517
5.558779
5.564705
5.570265
5.575425
5.580157
5.584433
5.588229
5.591524
5.594299
5.596538
5.598229
5.599361
5.599929
5.599929
5.599361
5.598229
5.596538
5.594299
5.591524
5.588229
5.584433
5.580157
5.575425
5.570265
5.564705
5.558779
5.552517
5.545958
5.539137
5.532094
5.524869
5.517502
5.510036
5.502513
5.494976
5.487467
5.480029
5.472705
5.465536
5.458562
5.451825
5.445361
5.439207
5.433399
5.427969
5.422949
5.418366
5.414248
5.410616
5.407492
5.404894
5.402837
5.401331
5.400387
5.400008
5.400198
5.400954
5.402273
5.404148
5.406567
5.409517
5.412982
5.416940
5.421371
5.426249
5.431545
5.437231
5.443273
5.449638
5.456288
5.463188
5.470296
5.477573
5.484977
5.492467
5.500000
5.507533
5.515023
5.522427
5.529704
5.536812
5.543712
5.550362
5.556727
5.562769
5.568455
5.573751
5.578629
5.583060
5.587018
5.590483
5.593433
5.595852
5.597727
5.599046
5.599802
5.599992
5.599613
5.598669
5.597163
5.595106
5.592508
5.589384
5.585752
5.581634
5.577051
5.572031
5.566601
5.560793
5.554639
5.548175
5.541438
5.534464
5.527295
5.519971
5.512533
5.505024
5.497487
5.489964
5.482498
5.475131
5.467906
5.460863
5.454042
5.447483
5.441221
5.435295
5.429735
5.424575
5.419843
5.415567
5.411771
5.408476
5.405701
5.403462
5.401771
5.400639
5.400071
5.400071
5.400639
5.401771
5.403462
5.405701
5.408476
5.411771
5.415567
5.419843
5.424575
5.429735
5.435295
5.441221
5.447483
5.454042
5.460863
5.467906
5.475131
5.482498
5.489964
5.497487
5.505024
5.512533
5.519971
5.527295
5.534464
5.541438
5.548175
5.554639
5.560793
5.566601
5.572031
5.577051
5.581634
5.585752
5.589384
5.592508
5.595106
5.597163
5.598669
5.599613
5.599992
5.599802
5.599046
5.597727
5.595852
5.593433
5.590483
5.587018
5.583060
5.578629
5.573751
5.568455
5.562769
5.556727
5.550362
5.543712
5.536812
5.529704
5.522427
5.515023
5.507533
5.500000
5.492467
5.484977
5.477573
5.470296
5.463188
5.456288
5.449638
5.443273
5.437231
5.431545
5.426249
5.421371
5.416940
5.412982
5.409517
5.406567
5.404148
5.402273
5.400954
5.400198
5.400008
5.400387
5.401331
5.402837
5.404894
5.407492
5.410616
5.414248
5.418366
5.422949
5.427969
5.433399
5.439207
5.445361
5.451825
5.458562
5.465536
5.472705
5.480029
5.487467
5.494976
5.502513
5.510036
5.517502
5.524869
5.532094
5.539137
5.545958
5.552517
5.558779
5.564705
5.570265
5.575425
5.580157
5.584433
5.588229
5.591524
5.594299
5.596538
5.598229
5.599361
5.599929
5.599929
5.599361
5.598229
5.596538
5.594299
5.591524
5.588229
5.584433
5.580157
5.575425
5.570265
5.564705
5.558779
5.552517
5.545958
5.539137
5.532094
5.524869
5.517502
5.510036
5.502513
5.494976
5.487467
5.480029
5.472705
5.465536
5.458562
5.451825
5.445361
5.439207
5.433399
5.427969
5.422949
5.418366
5.414248
5.410616
5.407492
5.404894
5.402837
5.401331
5.400387
5.400008
5.400198
5.400954
5.402273
5.404148
5.406567
5.409517
5.412982
5.416940
5.421371
5.426249
5.431545
5.437231
5.443273
5.449638
5.456288
5.463188
5.470296
5.477573
5.484977
5.492467
5.500000
5.507533
5.515023
5.522427
5.529704
5.536812
5.543712
5.550362
5.556727
5.562769
5.568455
5.573751
5.578629
5.583060
5.587018
5.590483
5.593433
5.595852
5.597727
5.599046
5.599802
5.599992
5.599613
5.598669
5.597163
5.595106
5.592508
5.589384
5.585752
5.581634
5.577051
5.572031
5.566601
5.560793
5.554639
5.548175
5.541438
5.534464
5.527295
5.519971
5.512533
5.505024
5.497487
5.489964
5.482498
5.475131
5.467906
5.460863
5.454042
5.447483
5.441221
5.435295
5.429735
5.424575
5.419843
5.415567
5.411771
5.408476
5.405701
5.403462
5.401771
5.400639
5.400071
5.400071
5.400639
5.401771
5.403462
5.405701
5.408476
5.411771
5.415567
5.419843
5.424575
5.429735
5.435295
5.441221
5.447483
5.454042
5.460863
5.467906
5.475131
5.482498
5.489964
5.497487
5.505024
5.512533
5.519971
5.527295
5.534464
5.541438
5.548175
5.554639
5.560793
5.566601
5.572031
5.577051
5.581634
5.585752
5.589384
5.592508
5.595106
5.597163
5.598669
5.599613
5.599992
5.599802
5.599046
5.597727
5.595852
5.593433
5.590483
5.587018
5.583060
5.578629
5.573751
5.568455
5.562769
5.556727
5.550362
5.543712
5.536812
5.529704
5.522427
5.515023
5.507533
5.500000
5.492467
5.484977
5.477573
5.470296
5.463188
5.456288
5.449638
5.443273
5.437231
5.431545
5.426249
5.421371
5.416940
5.412982
5.409517
5.406567
5.404148
5.402273
5.400954
5.400198
5.400008
5.400387
5.401331
5.402837
5.404894
5.407492
5.410616
5.414248
5.418366
5.422949
5.427969
5.433399
5.439207
5.445361
5.451825
5.458562
5.465536
5.472705
5.480029
5.487467
5.494976
5.502513
5.510036
5.517502
5.524869
5.532094
5.539137
5.545958
5.552517
5.558779
5.564705
5.570265
5.575425
5.580157
5.584433
5.588229
5.591524
5.594299
5.596538
5.598229
5.599361
5.599929
5.599929
5.599361
5.598229
5.596538
5.594299
5.591524
5.588229
5.584433
5.580157
5.575425
5.570265
5.564705
5.558779
5.552517
5.545958
5.539137
5.532094
5.524869
5.517502
5.510036
5.502513
5.494976
5.487467
5.480029
5.472705
5.465536
5.458562
5.451825
5.445361
5.439207
5.433399
5.427969
5.422949
5.418366
5.414248
5.410616
5.407492
5.404894
5.402837
5.401331
5.400387
5.400008
5.400198
5.400954
5.402273
5.404148
5.406567
5.409517
5.412982
5.416940
5.421371
5.426249
5.431545
5.437231
5.443273
5.449638
5.456288
5.463188
5.470296
5.477573
5.484977
5.492467
5.500000
5.507533
5.515023
5.522427
5.529704
5.536812
5.543712
5.550362
5.556727
5.562769
5.568455
5.573751
5.578629
5.583060
5.587018
5.590483
5.593433
5.595852
5.597727
5.599046
5.599802
5.599992
5.599613
5.598669
5.597163
5.595106
5.592508
5.589384
5.585752
5.581634
5.577051
5.572031
5.566601
5.560793
5.554639
5.548175
5.541438
5.534464
5.527295
5.519971
5.512533
5.505024
5.497487
5.489964
5.482498
5.475131
5.467906
5.460863
5.454042
5.447483
5.441221
5.435295
5.429735
5.424575
5.419843
5.415567
5.411771
5.408476
5.405701
5.403462
5.401771
5.400639
5.400071
5.400071
5.400639
5.401771
5.403462
5.405701
5.408476
5.411771
5.415567
5.419843
5.424575
5.429735
5.435295
5.441221
5.447483
5.454042
5.460863
5.467906
5.475131
5.482498
5.489964
5.497487
5.505024
5.512533
5.519971
5.527295
5.534464
5.541438
5.548175
5.554639
5.560793
5.566601
5.572031
5.577051
5.581634
5.585752
5.589384
5.592508
5.595106
5.597163
5.598669
5.599613
5.599992
5.599802
5.599046
5.597727
5.595852
5.593433
5.590483
5.587018
5.583060
5.578629
5.573751
5.568455
5.562769
5.556727
5.550362
5.543712
5.536812
5.529704
5.522427
5.515023
5.507533
5.500000
5.492467
5.484977
5.477573
5.470296
5.463188
5.456288
5.449638
5.443273
5.437231
5.431545
5.426249
5.421371
5.416940
5.412982
5.409517
5.406567
5.404148
5.402273
5.400954
5.400198
5.400008
5.400387
5.401331
5.402837
5.404894
5.407492
5.410616
5.414248
5.418366
5.422949
5.427969
5.433399
5.439207
5.445361
5.451825
5.458562
5.465536
5.472705
5.480029
5.487467
5.494976
5.502513
5.510036
5.517502
5.524869
5.532094
5.539137
5.545958
5.552517
5.558779
5.564705
5.570265
5.575425
5.580157
5.584433
5.588229
5.591524
5.594299
5.596538
5.598229
5.599361
5.599929
5.599929
5.599361
5.598229
5.596538
5.594299
5.591524
5.588229
5.584433
5.580157
5.575425
5.570265
5.564705
5.558779
5.552517
5.545958
5.539137
5.532094
5.524869
5.517502
5.510036
5.502513
5.494976
5.487467
5.480029
5.472705
5.465536
5.458562
5.451825
5.445361
5.439207
5.433399
5.427969
5.422949
5.418366
5.414248
5.410616
5.407492
5.404894
5.402837
5.401331
5.400387
5.400008
5.400198
5.400954
5.402273
5.404148
5.406567
5.409517
5.412982
5.416940
5.421371
5.426249
5.431545
5.437231
5.443273
5.449638
5.456288
5.463188
5.470296
5.477573
5.484977
5.492467
5.500000
5.507533
5.515023
5.522427
5.529704
5.536812
5.543712
5.550362
5.556727
5.562769
5.568455
5.573751
5.578629
5.583060
5.587018
5.590483
5.593433
5.595852
5.597727
5.599046
5.599802
5.599992
5.599613
5.598669
5.597163
5.595106
5.592508
5.589384
5.585752
5.581634
5.577051
5.572031
5.566601
5.560793
5.554639
5.548175
5.541438
5.534464
5.527295
5.519971
5.512533
5.505024
5.497487
5.489964
5.482498
5.475131
5.467906
5.460863
5.454042
5.447483
5.441221
5.435295
5.429735
5.424575
5.419843
5.415567
5.411771
5.408476
5.405701
5.403462
5.401771
5.400639
5.400071
5.400071
5.400639
5.401771
5.403462
5.405701
5.408476
5.411771
5.415567
5.419843
5.424575
5.429735
5.435295
5.441221
5.447483
5.454042
5.460863
5.467906
5.475131
5.482498
5.489964
5.497487
5.505024
5.512533
5.519971
5.527295
5.534464
5.541438
5.548175
5.554639
5.560793
5.566601
5.572031
5.577051
5.581634
5.585752
5.589384
5.592508
5.595106
5.597163
5.598669
5.599613
5.599992
5.599802
5.599046
5.597727
5.595852
5.593433
5.590483
5.587018
5.583060
5.578629
5.573751
5.568455
5.562769
5.556727
5.550362
5.543712
5.536812
5.529704
5.522427
5.515023
5.507533
5.500000
5.492467
5.484977
5.477573
5.470296
5.463188
5.456288
5.449638
5.443273
5.437231
5.431545
5.426249
5.421371
5.416940
5.412982
5.409517
5.406567
5.404148
5.402273
5.400954
5.400198
5.400008
5.400387
5.401331
5.402837
5.404894
5.407492
5.410616
5.414248
5.418366
5.422949
5.427969
5.433399
5.439207
5.445361
5.451825
5.458562
5.465536
5.472705
5.480029
5.487467
5.494976
5.502513
5.510036
5.517502
5.524869
5.532094
5.539137
5.545958
5.552517
5.558779
5.564705
5.570265
5.575425
5.580157
5.584433
5.588229
5.591524
5.594299
5.596538
5.598229
5.599361
5.599929
5.599929
5.599361
5.598229
5.596538
5.594299
5.591524
5.588229
5.584433
5.580157
5.575425
5.570265
5.564705
5.558779
5.552517
5.545958
5.539137
5.532094
5.524869
5.517502
5.510036
5.502513
5.494976
5.487467
5.480029
5.472705
5.465536
5.458562
5.451825
5.445361
5.439207
5.433399
5.427969
5.422949
5.418366
5.414248
5.410616
5.407492
5.404894
5.402837
5.401331
5.400387
5.400008
5.400198
5.400954
5.402273
5.404148
5.406567
5.409517
5.412982
5.416940
5.421371
5.426249
5.431545
5.437231
5.443273
5.449638
5.456288
5.463188
5.470296
5.477573
5.484977
5.492467
5.500000
5.507533
5.515023
5.522427
5.529704
5.536812
5.543712
5.550362
5.556727
5.562769
5.568455
5.573751
5.578629
5.583060
5.587018
5.590483
5.593433
5.595852
5.597727
5.599046
5.599802
5.599992
5.599613
5.598669
5.597163
5.595106
5.592508
5.589384
5.585752
5.581634
5.577051
5.572031
5.566601
5.560793
5.554639
5.548175
5.541438
5.534464
5.527295
5.519971
5.512533
5.505024
5.497487
5.489964
5.482498
5.475131
5.467906
5.460863
5.454042
5.447483
5.441221
5.435295
5.429735
5.424575
5.419843
5.415567
5.411771
5.408476
5.405701
5.403462
5.401771
5.400639
5.400071
5.400071
5.400639
5.401771
5.403462
5.405701
5.408476
5.411771
5.415567
5.419843
5.424575
5.429735
5.435295
5.441221
5.447483
5.454042
5.460863
5.467906
5.475131
5.482498
5.489964
5.497487
5.505024
5.512533
5.519971
5.527295
5.534464
5.541438
5.548175
5.554639
5.560793
5.566601
5.572031
5.577051
5.581634
5.585752
5.589384
5.592508
5.595106
5.597163
5.598669
5.599613
5.599992
5.599802
5.599046
5.597727
5.595852
5.593433
5.590483
5.587018
5.583060
5.578629
5.573751
5.568455
5.562769
5.556727
5.550362
5.543712
5.536812
5.529704
5.522427
5.515023
5.507533
5.500000
5.492467
5.484977
5.477573
5.470296
5.463188
5.456288
5.449638
5.443273
5.437231
5.431545
5.426249
5.421371
5.416940
5.412982
5.409517
5.406567
5.404148
5.402273
5.400954
5.400198
5.400008
5.400387
5.401331
5.402837
5.404894
5.407492
5.410616
5.414248
5.418366
5.422949
5.427969
5.433399
5.439207
5.445361
5.451825
5.458562
5.465536
5.472705
5.480029
5.487467
5.494976
5.502513
5.510036
5.517502
5.524869
5.532094
5.539137
5.545958
5.552517
5.558779
5.564705
5.570265
5.575425
5.580157
5.584433
5.588229
5.591524
5.594299
5.596538
5.598229
5.599361
5.599929
5.599929
5.599361
5.598229
5.596538
5.594299
5.591524
5.588229
5.584433
5.580157
5.575425
5.570265
5.564705
5.558779
5.552517
5.545958
5.539137
5.532094
5.524869
5.517502
5.510036
5.502513
5.494976
5.487467
5.480029
5.472705
5.465536
5.458562
5.451825
5.445361
5.439207
5.433399
5.427969
5.422949
5.418366
5.414248
5.410616
5.407492
5.404894
5.402837
5.401331
5.400387
5.400008
5.400198
5.400954
5.402273
5.404148
5.406567
5.409517
5.412982
5.416940
5.421371
5.426249
5.431545
5.437231
5.443273
5.449638
5.456288
5.463188
5.470296
5.477573
5.484977
5.492467
5.500000
5.507533
5.515023
5.522427
5.529704
5.536812
5.543712
5.550362
5.556727
5.562769
5.568455
5.573751
5.578629
5.583060
5.587018
5.590483
5.593433
5.595852
5.597727
5.599046
5.599802
5.599992
5.599613
5.598669
5.597163
5.595106
5.592508
5.589384
5.585752
5.581634
5.577051
5.572031
5.566601
5.560793
5.554639
5.548175
5.541438
5.534464
5.527295
5.519971
5.512533
5.505024
5.497487
5.489964
5.482498
5.475131
5.467906
5.460863
5.454042
5.447483
5.441221
5.435295
5.429735
5.424575
5.419843
5.415567
5.411771
5.408476
5.405701
5.403462
5.401771
5.400639
5.400071
5.400071
5.400639
5.401771
5.403462
5.405701
5.408476
5.411771
5.415567
5.419843
5.424575
5.429735
5.435295
5.441221
5.447483
5.454042
5.460863
5.467906
5.475131
5.482498
5.489964
5.497487
5.505024
5.512533
5.519971
5.527295
5.534464
5.541438
5.548175
5.554639
5.560793
5.566601
5.572031
5.577051
5.581634
5.585752
5.589384
5.592508
5.595106
5.597163
5.598669
5.599613
5.599992
5.599802
5.599046
5.597727
5.595852
5.593433
5.590483
5.587018
5.583060
5.578629
5.573751
5.568455
5.562769
5.556727
5.550362
5.543712
5.536812
5.529704
5.522427
5.515023
5.507533
5.500000
5.492467
5.484977
5.477573
5.470296
5.463188
5.456288
5.449638
5.443273
5.437231
5.431545
5.426249
5.421371
5.416940
5.412982
5.409517
5.406567
5.404148
5.402273
5.400954
5.400198
5.400008
5.400387
5.401331
5.402837
5.404894
5.407492
5.410616
5.414248
5.418366
5.422949
5.427969
5.433399
5.439207
5.445361
5.451825
5.458562
5.465536
5.472705
5.480029
5.487467
5.494976
5.502513
5.510036
5.517502
5.524869
5.532094
5.539137
5.545958
5.552517
5.558779
5.564705
5.570265
5.575425
5.580157
5.584433
5.588229
5.591524
5.594299
5.596538
5.598229
5.599361
5.599929
5.599929
5.599361
5.598229
5.596538
5.594299
5.591524
5.588229
5.584433
5.580157
5.575425
5.570265
5.564705
5.558779
5.552517
5.545958
5.539137
5.532094
5.524869
5.517502
5.510036
5.502513
5.494976
5.487467
5.480029
5.472705
5.465536
5.458562
5.451825
5.445361
5.439207
5.433399
5.427969
5.422949
5.418366
5.414248
5.410616
5.407492
5.404894
5.402837
5.401331
5.400387
5.400008
5.400198
5.400954
5.402273
5.404148
5.406567
5.409517
5.412982
5.416940
5.421371
5.426249
5.431545
5.437231
5.443273
5.449638
5.456288
5.463188
5.470296
5.477573
5.484977
5.492467
5.500000
5.507533
5.515023
5.522427
5.529704
5.536812
5.543712
5.550362
5.556727
5.562769
5.568455
5.573751
5.578629
5.583060
5.587018
5.590483
5.593433
5.595852
5.597727
5.599046
5.599802
5.599992
5.599613
5.598669
5.597163
5.595106
5.592508
5.589384
5.585752
5.581634
5.577051
5.572031
5.566601
5.560793
5.554639
5.548175
5.541438
5.534464
5.527295
5.519971
5.512533
5.505024
5.497487
5.489964
5.482498
5.475131
5.467906
5.460863
5.454042
5.447483
5.441221
5.435295
5.429735
5.424575
5.419843
5.415567
5.411771
5.408476
5.405701
5.403462
5.401771
5.400639
5.400071
5.400071
5.400639
5.401771
5.403462
5.405701
5.408476
5.411771
5.415567
5.419843
5.424575
5.429735
5.435295
5.441221
5.447483
5.454042
5.460863
5.467906
5.475131
5.482498
5.489964
5.497487
5.505024
5.512533
5.519971
5.527295
5.534464
5.541438
5.548175
5.554639
5.560793
5.566601
5.572031
5.577051
5.581634
5.585752
5.589384
5.592508
5.595106
5.597163
5.598669
5.599613
5.599992
5.599802
5.599046
5.597727
5.595852
5.593433
5.590483
5.587018
5.583060
5.578629
5.573751
5.568455
5.562769
5.556727
5.550362
5.543712
5.536812
5.529704
5.522427
5.515023
5.507533
5.500000
5.492467
5.484977
5.477573
5.470296
5.463188
5.456288
5.449638
5.443273
5.437231
5.431545
5.426249
5.421371
5.416940
5.412982
5.409517
5.406567
5.404148
5.402273
5.400954
5.400198
5.400008
5.400387
5.401331
5.402837
5.404894
5.407492
5.410616
5.414248
5.418366
5.422949
5.427969
5.433399
5.439207
5.445361
5.451825
5.458562
5.465536
5.472705
5.480029
5.487467
5.494976
5.502513
5.510036
5.517502
5.524869
5.532094
5.539137
5.545958
5.552517
5.558779
5.564705
5.570265
5.575425
5.580157
5.584433
5.588229
5.591524
5.594299
5.596538
5.598229
5.599361
5.599929
5.599929
5.599361
5.598229
5.596538
5.594299
5.591524
5.588229
5.584433
5.580157
5.575425
5.570265
5.564705
5.558778
5.552517
5.545958
5.539137
5.532094
5.524869
5.517502
5.510036
5.502513
5.494976
5.487467
5.480029
5.472705
5.465536
5.458562
5.451825
5.445361
5.439207
5.433399
5.427969
5.422949
5.418366
5.414248
5.410616
5.407492
5.404894
5.402837
5.401331
5.400387
5.400008
5.400198
5.400954
5.402273
5.404148
5.406567
5.409517
5.412982
5.416940
5.421371
5.426249
5.431545
5.437231
5.443273
5.449638
5.456288
5.463188
5.470296
5.477573
5.484977
5.492467
5.500000
5.507533
5.515023
5.522427
5.529704
5.536812
5.543712
5.550362
5.556727
5.562769
5.568455
5.573751
5.578629
5.583060
5.587018
5.590483
5.593433
5.595852
5.597727
5.599046
5.599802
5.599992
5.599613
5.598669
5.597163
5.595106
5.592508
5.589384
5.585752
5.581634
5.577051
5.572031
5.566601
5.560793
5.554639
5.548175
5.541438
5.534464
5.527295
5.519971
5.512533
5.505024
5.497487
5.489964
5.482498
5.475131
5.467906
5.460863
5.454042
5.447483
5.441222
5.435295
5.429735
5.424575
5.419843
5.415567
5.411771
5.408476
5.405701
5.403462
5.401771
5.400639
5.400071
5.400071
5.400639
5.401771
5.403462
5.405701
5.408476
5.411771
5.415567
5.419843
5.424575
5.429735
5.435295
5.441222
5.447483
5.454042
5.460863
5.467906
5.475131
5.482498
5.489964
5.497487
5.505024
5.512533
5.519971
5.527295
5.534464
5.541438
5.548175
5.554639
5.560793
5.566601
5.572031
5.577051
5.581634
5.585752
5.589384
5.592508
5.595106
5.597163
5.598669
5.599613
5.599992
5.599802
5.599046
5.597727
5.595852
5.593433
5.590483
5.587018
5.583060
5.578629
5.573751
5.568455
5.562769
5.556727
5.550362
5.543712
5.536812
5.529704
5.522427
5.515023
5.507533
5.500000
5.492467
5.484977
5.477573
5.470296
5.463188
5.456288
5.449638
5.443273
5.437231
5.431545
5.426249
5.421371
5.416941
5.412982
5.409517
5.406567
5.404148
5.402274
5.400954
5.400198
5.400008
5.400387
5.401332
5.402837
5.404895
5.407493
5.410616
5.414248
5.418366
5.422949
5.427970
5.433399
5.439208
5.445361
5.451825
5.458563
5.465536
5.472705
5.480030
5.487467
5.494976
5.502513
5.510036
5.517502
5.524868
5.532093
5.539136
5.545956
5.552515
5.558775
5.564702
5.570261
5.575420
5.580151
5.584426
5.588222
5.591516
5.594289
5.596528
5.598217
5.599348
5.599914
5.599913
5.599343
5.598210
5.596518
5.594277
5.591501
5.588204
5.584407
5.580130
5.575397
5.570237
5.564677
5.558750
5.552489
5.545931
5.539112
5.532072
5.524850
5.517488
5.510027
5.502511
5.494981
5.487482
5.480056
5.472745
5.465591
5.458635
5.451918
5.445476
5.439348
5.433568
5.428170
5.423183
5.418639
5.414561
5.410975
5.407899
5.405353
5.403350
5.401902
5.401018
5.400702
5.400957
5.401779
5.403165
5.405107
5.407590
5.410603
5.414124
5.418135
5.422609
5.427519
5.432836
5.438526
5.444554
5.450881
5.457469
5.464275
5.471255
5.478364
5.485557
5.492785
5.500000
5.507155
5.514200
5.521089
5.527771
5.534203
5.540338
5.546133
5.551546
5.556540
5.561078
5.565128
5.568662
5.571657
5.574093
5.575957
5.577240
5.577940
5.578060
5.577610
5.576607
5.575073
5.573037
5.570533
5.567601
5.564287
5.560639
5.556711
5.552557
5.548236
5.543803
5.539316
5.534830
5.530396
5.526065
5.521880
5.517880
5.514100
5.510566
5.507300
5.504318
5.501628
5.499236
5.497138
5.495330
5.493803
5.492541
5.491530
5.490751
5.490186
5.489813
5.489613
5.489563
5.489645
5.489840
5.490128
5.490492
5.490917
5.491388
5.491893
5.492419
5.492958
5.493499
5.494035
5.494562
5.495072
5.495563
5.496030
5.496472
5.496887
5.497274
5.497633
5.497963
5.498265
5.498539
5.498787
5.499010
5.499208
5.499384
5.499538
5.499673
5.499790
5.499890
5.499975
