5.500000
5.500034
5.500075
5.500124
5.500180
5.500246
5.500323
5.500412
5.500513
5.500630
5.500763
5.500915
5.501087
5.501282
5.501502
5.501750
5.502028
5.502340
5.502688
5.503077
5.503509
5.503988
5.504518
5.505104
5.505749
5.506458
5.507235
5.508084
5.509009
5.510015
5.511106
5.512285
5.513555
5.514917
5.516376
5.517931
5.519583
5.521330
5.523171
5.525103
5.527120
5.529217
5.531387
5.533620
5.535906
5.538234
5.540589
5.542959
5.545328
5.547680
5.550000
5.552270
5.554474
5.556597
5.558622
5.560535
5.562323
5.563972
5.565471
5.566812
5.567986
5.568985
5.569807
5.570446
5.570900
5.571170
5.571255
5.571157
5.570878
5.570423
5.569795
5.569000
5.568042
5.566927
5.565662
5.564253
5.562706
5.561028
5.559225
5.557303
5.555270
5.553132
5.550894
5.548564
5.546147
5.543649
5.541076
5.538433
5.535725
5.532959
5.530138
5.527269
5.524356
5.521403
5.518415
5.515397
5.512353
5.509287
5.506204
5.503107
5.500000
5.496888
5.493773
5.490661
5.487554
5.484456
5.481370
5.478301
5.475251
5.472224
5.469223
5.466250
5.463311
5.460406
5.457541
5.454716
5.451936
5.449203
5.446521
5.443891
5.441316
5.438799
5.436343
5.433949
5.431622
5.429361
5.427171
5.425052
5.423008
5.421040
5.419150
5.417340
5.415612
5.413968
5.412408
5.410935
5.409551
5.408256
5.407051
5.405938
5.404919
5.403993
5.403162
5.402427
5.401789
5.401247
5.400803
5.400457
5.400209
5.400061
5.400010
5.400059
5.400206
5.400452
5.400795
5.401237
5.401777
5.402413
5.403146
5.403975
5.404898
5.405915
5.407025
5.408227
5.409520
5.410902
5.412371
5.413928
5.415569
5.417294
5.419100
5.420986
5.422950
5.424990
5.427104
5.429290
5.431546
5.433869
5.436258
5.438710
5.441222
5.443792
5.446418
5.449096
5.451825
5.454601
5.457422
5.460285
5.463188
5.466126
5.469099
5.472101
5.475131
5.478186
5.481262
5.484356
5.487467
5.490589
5.493721
5.496859
5.500000
5.503141
5.506279
5.509411
5.512533
5.515644
5.518738
5.521814
5.524869
5.527899
5.530902
5.533874
5.536812
5.539715
5.542578
5.545399
5.548175
5.550904
5.553583
5.556208
5.558778
5.561291
5.563742
5.566131
5.568455
5.570711
5.572897
5.575011
5.577051
5.579016
5.580902
5.582708
5.584433
5.586074
5.587631
5.589101
5.590483
5.591775
5.592978
5.594088
5.595106
5.596029
5.596859
5.597592
5.598229
5.598769
5.599212
5.599556
5.599802
5.599951
5.600000
5.599951
5.599802
5.599556
5.599212
5.598769
5.598229
5.597592
5.596859
5.596029
5.595106
5.594088
5.592978
5.591775
5.590483
5.589101
5.587631
5.586074
5.584433
5.582708
5.580902
5.579016
5.577051
5.575011
5.572897
5.570711
5.568455
5.566131
5.563742
5.561291
5.558778
5.556208
5.553583
5.550904
5.548175
5.545399
5.542578
5.539715
5.536812
5.533874
5.530902
5.527899
5.524869
5.521814
5.518738
5.515644
5.512533
5.509411
5.506279
5.503141
5.500000
5.496859
5.493721
5.490589
5.487467
5.484356
5.481262
5.478186
5.475131
5.472101
5.469098
5.466126
5.463188
5.460285
5.457422
5.454601
5.451825
5.449096
5.446417
5.443792
5.441222
5.438709
5.436258
5.433869
5.431545
5.429289
5.427103
5.424989
5.422949
5.420984
5.419098
5.417292
5.415567
5.413926
5.412369
5.410899
5.409517
5.408225
5.407022
5.405912
5.404894
5.403971
5.403141
5.402408
5.401771
5.401231
5.400788
5.400444
5.400198
5.400049
5.400000
5.400049
5.400198
5.400444
5.400788
5.401231
5.401771
5.402408
5.403141
5.403971
5.404894
5.405912
5.407022
5.408225
5.409517
5.410899
5.412369
5.413926
5.415567
5.417292
5.419098
5.420984
5.422949
5.424989
5.427103
5.429289
5.431545
5.433869
5.436258
5.438709
5.441222
5.443792
5.446417
5.449096
5.451825
5.454601
5.457422
5.460285
5.463188
5.466126
5.469098
5.472101
5.475131
5.478186
5.481262
5.484356
5.487467
5.490589
5.493721
5.496859
5.500000
5.503141
5.506279
5.509411
5.512533
5.515644
5.518738
5.521814
5.524869
5.527899
5.530902
5.533874
5.536812
5.539715
5.542578
5.545399
5.548175
5.550904
5.553583
5.556208
5.558779
5.561291
5.563743
5.566131
5.568455
5.570711
5.572897
5.575011
5.577051
5.579016
5.580902
5.582708
5.584433
5.586074
5.587631
5.589101
5.590483
5.591775
5.592978
5.594088
5.595106
5.596029
5.596859
5.597592
5.598229
5.598769
5.599212
5.599556
5.599802
5.599951
5.600000
5.599951
5.599802
5.599556
5.599212
5.598769
5.598229
5.597592
5.596859
5.596029
5.595106
5.594088
5.592978
5.591775
5.590483
5.589101
5.587631
5.586074
5.584433
5.582708
5.580902
5.579016
5.577051
5.575011
5.572897
5.570711
5.568455
5.566131
5.563743
5.561291
5.558779
5.556208
5.553583
5.550904
5.548175
5.545399
5.542578
5.539715
5.536812
5.533874
5.530902
5.527899
5.524869
5.521814
5.518738
5.515644
5.512533
5.509411
5.506279
5.503141
5.500000
5.496859
5.493721
5.490589
5.487467
5.484356
5.481262
5.478186
5.475131
5.472101
5.469098
5.466126
5.463188
5.460285
5.457422
5.454601
5.451825
5.449096
5.446417
5.443792
5.441221
5.438709
5.436257
5.433869
5.431545
5.429289
5.427103
5.424989
5.422949
5.420984
5.419098
5.417292
5.415567
5.413926
5.412369
5.410899
5.409517
5.408225
5.407022
5.405912
5.404894
5.403971
5.403141
5.402408
5.401771
5.401231
5.400788
5.400444
5.400198
5.400049
5.400000
5.400049
5.400198
5.400444
5.400788
5.401231
5.401771
5.402408
5.403141
5.403971
5.404894
5.405912
5.407022
5.408225
5.409517
5.410899
5.412369
5.413926
5.415567
5.417292
5.419098
5.420984
5.422949
5.424989
5.427103
5.429289
5.431545
5.433869
5.436257
5.438709
5.441221
5.443792
5.446417
5.449096
5.451825
5.454601
5.457422
5.460285
5.463188
5.466126
5.469098
5.472101
5.475131
5.478186
5.481262
5.484356
5.487467
5.490589
5.493721
5.496859
5.500000
5.503141
5.506279
5.509411
5.512533
5.515644
5.518738
5.521814
5.524869
5.527899
5.530902
5.533874
5.536812
5.539715
5.542578
5.545399
5.548175
5.550904
5.553583
5.556208
5.558779
5.561291
5.563743
5.566131
5.568455
5.570711
5.572897
5.575011
5.577051
5.579016
5.580902
5.582708
5.584433
5.586074
5.587631
5.589101
5.590483
5.591775
5.592978
5.594088
5.595106
5.596029
5.596859
5.597592
5.598229
5.598769
5.599212
5.599556
5.599802
5.599951
5.600000
5.599951
5.599802
5.599556
5.599212
5.598769
5.598229
5.597592
5.596859
5.596029
5.595106
5.594088
5.592978
5.591775
5.590483
5.589101
5.587631
5.586074
5.584433
5.582708
5.580902
5.579016
5.577051
5.575011
5.572897
5.570711
5.568455
5.566131
5.563743
5.561291
5.558779
5.556208
5.553583
5.550904
5.548175
5.545399
5.542578
5.539715
5.536812
5.533874
5.530902
5.527899
5.524869
5.521814
5.518738
5.515644
5.512533
5.509411
5.506279
5.503141
5.500000
5.496859
5.493721
5.490589
5.487467
5.484356
5.481262
5.478186
5.475131
5.472101
5.469098
5.466126
5.463188
5.460285
5.457422
5.454601
5.451825
5.449096
5.446417
5.443792
5.441221
5.438709
5.436257
5.433869
5.431545
5.429289
5.427103
5.424989
5.422949
5.420984
5.419098
5.417292
5.415567
5.413926
5.412369
5.410899
5.409517
5.408225
5.407022
5.405912
5.404894
5.403971
5.403141
5.402408
5.401771
5.401231
5.400788
5.400444
5.400198
5.400049
5.400000
5.400049
5.400198
5.400444
5.400788
5.401231
5.401771
5.402408
5.403141
5.403971
5.404894
5.405912
5.407022
5.408225
5.409517
5.410899
5.412369
5.413926
5.415567
5.417292
5.419098
5.420984
5.422949
5.424989
5.427103
5.429289
5.431545
5.433869
5.436257
5.438709
5.441221
5.443792
5.446417
5.449096
5.451825
5.454601
5.457422
5.460285
5.463188
5.466126
5.469098
5.472101
5.475131
5.478186
5.481262
5.484356
5.487467
5.490589
5.493721
5.496859
5.500000
5.503141
5.506279
5.509411
5.512533
5.515644
5.518738
5.521814
5.524869
5.527899
5.530902
5.533874
5.536812
5.539715
5.542578
5.545399
5.548175
5.550904
5.553583
5.556208
5.558779
5.561291
5.563743
5.566131
5.568455
5.570711
5.572897
5.575011
5.577051
5.579016
5.580902
5.582708
5.584433
5.586074
5.587631
5.589101
5.590483
5.591775
5.592978
5.594088
5.595106
5.596029
5.596859
5.597592
5.598229
5.598769
5.599212
5.599556
5.599802
5.599951
5.600000
5.599951
5.599802
5.599556
5.599212
5.598769
5.598229
5.597592
5.596859
5.596029
5.595106
5.594088
5.592978
5.591775
5.590483
5.589101
5.587631
5.586074
5.584433
5.582708
5.580902
5.579016
5.577051
5.575011
5.572897
5.570711
5.568455
5.566131
5.563743
5.561291
5.558779
5.556208
5.553583
5.550904
5.548175
5.545399
5.542578
5.539715
5.536812
5.533874
5.530902
5.527899
5.524869
5.521814
5.518738
5.515644
5.512533
5.509411
5.506279
5.503141
5.500000
5.496859
5.493721
5.490589
5.487467
5.484356
5.481262
5.478186
5.475131
5.472101
5.469098
5.466126
5.463188
5.460285
5.457422
5.454601
5.451825
5.449096
5.446417
5.443792
5.441221
5.438709
5.436257
5.433869
5.431545
5.429289
5.427103
5.424989
5.422949
5.420984
5.419098
5.417292
5.415567
5.413926
5.412369
5.410899
5.409517
5.408225
5.407022
5.405912
5.404894
5.403971
5.403141
5.402408
5.401771
5.401231
5.400788
5.400444
5.400198
5.400049
5.400000
5.400049
5.400198
5.400444
5.400788
5.401231
5.401771
5.402408
5.403141
5.403971
5.404894
5.405912
5.407022
5.408225
5.409517
5.410899
5.412369
5.413926
5.415567
5.417292
5.419098
5.420984
5.422949
5.424989
5.427103
5.429289
5.431545
5.433869
5.436257
5.438709
5.441221
5.443792
5.446417
5.449096
5.451825
5.454601
5.457422
5.460285
5.463188
5.466126
5.469098
5.472101
5.475131
5.478186
5.481262
5.484356
5.487467
5.490589
5.493721
5.496859
5.500000
5.503141
5.506279
5.509411
5.512533
5.515644
5.518738
5.521814
5.524869
5.527899
5.530902
5.533874
5.536812
5.539715
5.542578
5.545399
5.548175
5.550904
5.553583
5.556208
5.558779
5.561291
5.563743
5.566131
5.568455
5.570711
5.572897
5.575011
5.577051
5.579016
5.580902
5.582708
5.584433
5.586074
5.587631
5.589101
5.590483
5.591775
5.592978
5.594088
5.595106
5.596029
5.596859
5.597592
5.598229
5.598769
5.599212
5.599556
5.599802
5.599951
5.600000
5.599951
5.599802
5.599556
5.599212
5.598769
5.598229
5.597592
5.596859
5.596029
5.595106
5.594088
5.592978
5.591775
5.590483
5.589101
5.587631
5.586074
5.584433
5.582708
5.580902
5.579016
5.577051
5.575011
5.572897
5.570711
5.568455
5.566131
5.563743
5.561291
5.558779
5.556208
5.553583
5.550904
5.548175
5.545399
5.542578
5.539715
5.536812
5.533874
5.530902
5.527899
5.524869
5.521814
5.518738
5.515644
5.512533
5.509411
5.506279
5.503141
5.500000
5.496859
5.493721
5.490589
5.487467
5.484356
5.481262
5.478186
5.475131
5.472101
5.469098
5.466126
5.463188
5.460285
5.457422
5.454601
5.451825
5.449096
5.446417
5.443792
5.441221
5.438709
5.436257
5.433869
5.431545
5.429289
5.427103
5.424989
5.422949
5.420984
5.419098
5.417292
5.415567
5.413926
5.412369
5.410899
5.409517
5.408225
5.407022
5.405912
5.404894
5.403971
5.403141
5.402408
5.401771
5.401231
5.400788
5.400444
5.400198
5.400049
5.400000
5.400049
5.400198
5.400444
5.400788
5.401231
5.401771
5.402408
5.403141
5.403971
5.404894
5.405912
5.407022
5.408225
5.409517
5.410899
5.412369
5.413926
5.415567
5.417292
5.419098
5.420984
5.422949
5.424989
5.427103
5.429289
5.431545
5.433869
5.436257
5.438709
5.441221
5.443792
5.446417
5.449096
5.451825
5.454601
5.457422
5.460285
5.463188
5.466126
5.469098
5.472101
5.475131
5.478186
5.481262
5.484356
5.487467
5.490589
5.493721
5.496859
5.500000
5.503141
5.506279
5.509411
5.512533
5.515644
5.518738
5.521814
5.524869
5.527899
5.530902
5.533874
5.536812
5.539715
5.542578
5.545399
5.548175
5.550904
5.553583
5.556208
5.558779
5.561291
5.563743
5.566131
5.568455
5.570711
5.572897
5.575011
5.577051
5.579016
5.580902
5.582708
5.584433
5.586074
5.587631
5.589101
5.590483
5.591775
5.592978
5.594088
5.595106
5.596029
5.596859
5.597592
5.598229
5.598769
5.599212
5.599556
5.599802
5.599951
5.600000
5.599951
5.599802
5.599556
5.599212
5.598769
5.598229
5.597592
5.596859
5.596029
5.595106
5.594088
5.592978
5.591775
5.590483
5.589101
5.587631
5.586074
5.584433
5.582708
5.580902
5.579016
5.577051
5.575011
5.572897
5.570711
5.568455
5.566131
5.563743
5.561291
5.558779
5.556208
5.553583
5.550904
5.548175
5.545399
5.542578
5.539715
5.536812
5.533874
5.530902
5.527899
5.524869
5.521814
5.518738
5.515644
5.512533
5.509411
5.506279
5.503141
5.500000
5.496859
5.493721
5.490589
5.487467
5.484356
5.481262
5.478186
5.475131
5.472101
5.469098
5.466126
5.463188
5.460285
5.457422
5.454601
5.451825
5.449096
5.446417
5.443792
5.441221
5.438709
5.436257
5.433869
5.431545
5.429289
5.427103
5.424989
5.422949
5.420984
5.419098
5.417292
5.415567
5.413926
5.412369
5.410899
5.409517
5.408225
5.407022
5.405912
5.404894
5.403971
5.403141
5.402408
5.401771
5.401231
5.400788
5.400444
5.400198
5.400049
5.400000
5.400049
5.400198
5.400444
5.400788
5.401231
5.401771
5.402408
5.403141
5.403971
5.404894
5.405912
5.407022
5.408225
5.409517
5.410899
5.412369
5.413926
5.415567
5.417292
5.419098
5.420984
5.422949
5.424989
5.427103
5.429289
5.431545
5.433869
5.436257
5.438709
5.441221
5.443792
5.446417
5.449096
5.451825
5.454601
5.457422
5.460285
5.463188
5.466126
5.469098
5.472101
5.475131
5.478186
5.481262
5.484356
5.487467
5.490589
5.493721
5.496859
5.500000
5.503141
5.506279
5.509411
5.512533
5.515644
5.518738
5.521814
5.524869
5.527899
5.530902
5.533874
5.536812
5.539715
5.542578
5.545399
5.548175
5.550904
5.553583
5.556208
5.558779
5.561291
5.563743
5.566131
5.568455
5.570711
5.572897
5.575011
5.577051
5.579016
5.580902
5.582708
5.584433
5.586074
5.587631
5.589101
5.590483
5.591775
5.592978
5.594088
5.595106
5.596029
5.596859
5.597592
5.598229
5.598769
5.599212
5.599556
5.599802
5.599951
5.600000
5.599951
5.599802
5.599556
5.599212
5.598769
5.598229
5.597592
5.596859
5.596029
5.595106
5.594088
5.592978
5.591775
5.590483
5.589101
5.587631
5.586074
5.584433
5.582708
5.580902
5.579016
5.577051
5.575011
5.572897
5.570711
5.568455
5.566131
5.563743
5.561291
5.558779
5.556208
5.553583
5.550904
5.548175
5.545399
5.542578
5.539715
5.536812
5.533874
5.530902
5.527899
5.524869
5.521814
5.518738
5.515644
5.512533
5.509411
5.506279
5.503141
5.500000
5.496859
5.493721
5.490589
5.487467
5.484356
5.481262
5.478186
5.475131
5.472101
5.469098
5.466126
5.463188
5.460285
5.457422
5.454601
5.451825
5.449096
5.446417
5.443792
5.441221
5.438709
5.436257
5.433869
5.431545
5.429289
5.427103
5.424989
5.422949
5.420984
5.419098
5.417292
5.415567
5.413926
5.412369
5.410899
5.409517
5.408225
5.407022
5.405912
5.404894
5.403971
5.403141
5.402408
5.401771
5.401231
5.400788
5.400444
5.400198
5.400049
5.400000
5.400049
5.400198
5.400444
5.400788
5.401231
5.401771
5.402408
5.403141
5.403971
5.404894
5.405912
5.407022
5.408225
5.409517
5.410899
5.412369
5.413926
5.415567
5.417292
5.419098
5.420984
5.422949
5.424989
5.427103
5.429289
5.431545
5.433869
5.436257
5.438709
5.441221
5.443792
5.446417
5.449096
5.451825
5.454601
5.457422
5.460285
5.463188
5.466126
5.469098
5.472101
5.475131
5.478186
5.481262
5.484356
5.487467
5.490589
5.493721
5.496859
5.500000
5.503141
5.506279
5.509411
5.512533
5.515644
5.518738
5.521814
5.524869
5.527899
5.530902
5.533874
5.536812
5.539715
5.542578
5.545399
5.548175
5.550904
5.553583
5.556208
5.558779
5.561291
5.563743
5.566131
5.568455
5.570711
5.572897
5.575011
5.577051
5.579016
5.580902
5.582708
5.584433
5.586074
5.587631
5.589101
5.590483
5.591775
5.592978
5.594088
5.595106
5.596029
5.596859
5.597592
5.598229
5.598769
5.599212
5.599556
5.599802
5.599951
5.600000
5.599951
5.599802
5.599556
5.599212
5.598769
5.598229
5.597592
5.596859
5.596029
5.595106
5.594088
5.592978
5.591775
5.590483
5.589101
5.587631
5.586074
5.584433
5.582708
5.580902
5.579016
5.577051
5.575011
5.572897
5.570711
5.568455
5.566131
5.563743
5.561291
5.558779
5.556208
5.553583
5.550904
5.548175
5.545399
5.542578
5.539715
5.536812
5.533874
5.530902
5.527899
5.524869
5.521814
5.518738
5.515644
5.512533
5.509411
5.506279
5.503141
5.500000
5.496859
5.493721
5.490589
5.487467
5.484356
5.481262
5.478186
5.475131
5.472101
5.469098
5.466126
5.463188
5.460285
5.457422
5.454601
5.451825
5.449096
5.446417
5.443792
5.441221
5.438709
5.436257
5.433869
5.431545
5.429289
5.427103
5.424989
5.422949
5.420984
5.419098
5.417292
5.415567
5.413926
5.412369
5.410899
5.409517
5.408225
5.407022
5.405912
5.404894
5.403971
5.403141
5.402408
5.401771
5.401231
5.400788
5.400444
5.400198
5.400049
5.400000
5.400049
5.400198
5.400444
5.400788
5.401231
5.401771
5.402408
5.403141
5.403971
5.404894
5.405912
5.407022
5.408225
5.409517
5.410899
5.412369
5.413926
5.415567
5.417292
5.419098
5.420984
5.422949
5.424989
5.427103
5.429289
5.431545
5.433869
5.436257
5.438709
5.441221
5.443792
5.446417
5.449096
5.451825
5.454601
5.457422
5.460285
5.463188
5.466126
5.469098
5.472101
5.475131
5.478186
5.481262
5.484356
5.487467
5.490589
5.493721
5.496859
5.500000
5.503141
5.506279
5.509411
5.512533
5.515644
5.518738
5.521814
5.524869
5.527899
5.530902
5.533874
5.536812
5.539715
5.542578
5.545399
5.548175
5.550904
5.553583
5.556208
5.558779
5.561291
5.563743
5.566131
5.568455
5.570711
5.572897
5.575011
5.577051
5.579016
5.580902
5.582708
5.584433
5.586074
5.587631
5.589101
5.590483
5.591775
5.592978
5.594088
5.595106
5.596029
5.596859
5.597592
5.598229
5.598769
5.599212
5.599556
5.599802
5.599951
5.600000
5.599951
5.599802
5.599556
5.599212
5.598769
5.598229
5.597592
5.596859
5.596029
5.595106
5.594088
5.592978
5.591775
5.590483
5.589101
5.587631
5.586074
5.584433
5.582708
5.580902
5.579016
5.577051
5.575011
5.572897
5.570711
5.568455
5.566131
5.563743
5.561291
5.558779
5.556208
5.553583
5.550904
5.548175
5.545399
5.542578
5.539715
5.536812
5.533874
5.530902
5.527899
5.524869
5.521814
5.518738
5.515644
5.512533
5.509411
5.506279
5.503141
5.500000
5.496859
5.493721
5.490589
5.487467
5.484356
5.481262
5.478186
5.475131
5.472101
5.469098
5.466126
5.463188
5.460285
5.457422
5.454601
5.451825
5.449096
5.446417
5.443792
5.441221
5.438709
5.436257
5.433869
5.431545
5.429289
5.427103
5.424989
5.422949
5.420984
5.419098
5.417292
5.415567
5.413926
5.412369
5.410899
5.409517
5.408225
5.407022
5.405912
5.404894
5.403971
5.403141
5.402408
5.401771
5.401231
5.400788
5.400444
5.400198
5.400049
5.400000
5.400049
5.400198
5.400444
5.400788
5.401231
5.401771
5.402408
5.403141
5.403971
5.404894
5.405912
5.407022
5.408225
5.409517
5.410899
5.412369
5.413926
5.415567
5.417292
5.419098
5.420984
5.422949
5.424989
5.427103
5.429289
5.431545
5.433869
5.436257
5.438709
5.441221
5.443792
5.446417
5.449096
5.451825
5.454601
5.457422
5.460285
5.463188
5.466126
5.469098
5.472101
5.475131
5.478186
5.481262
5.484356
5.487467
5.490589
5.493721
5.496859
5.500000
5.503141
5.506279
5.509411
5.512533
5.515644
5.518738
5.521814
5.524869
5.527899
5.530902
5.533874
5.536812
5.539715
5.542578
5.545399
5.548175
5.550904
5.553583
5.556208
5.558779
5.561291
5.563743
5.566131
5.568455
5.570711
5.572897
5.575011
5.577051
5.579016
5.580902
5.582708
5.584433
5.586074
5.587631
5.589101
5.590483
5.591775
5.592978
5.594088
5.595106
5.596029
5.596859
5.597592
5.598229
5.598769
5.599212
5.599556
5.599802
5.599951
5.600000
5.599951
5.599802
5.599556
5.599212
5.598769
5.598229
5.597592
5.596859
5.596029
5.595106
5.594088
5.592978
5.591775
5.590483
5.589101
5.587631
5.586074
5.584433
5.582708
5.580902
5.579016
5.577051
5.575011
5.572897
5.570711
5.568455
5.566131
5.563743
5.561291
5.558779
5.556208
5.553583
5.550904
5.548175
5.545399
5.542578
5.539715
5.536812
5.533874
5.530902
5.527899
5.524869
5.521814
5.518738
5.515644
5.512533
5.509411
5.506279
5.503141
5.500000
5.496859
5.493721
5.490589
5.487467
5.484356
5.481262
5.478186
5.475131
5.472101
5.469098
5.466126
5.463188
5.460285
5.457422
5.454601
5.451825
5.449096
5.446417
5.443792
5.441221
5.438709
5.436257
5.433869
5.431545
5.429289
5.427103
5.424989
5.422949
5.420984
5.419098
5.417292
5.415567
5.413926
5.412369
5.410899
5.409517
5.408225
5.407022
5.405912
5.404894
5.403971
5.403141
5.402408
5.401771
5.401231
5.400788
5.400444
5.400198
5.400049
5.400000
5.400049
5.400198
5.400444
5.400788
5.401231
5.401771
5.402408
5.403141
5.403971
5.404894
5.405912
5.407022
5.408225
5.409517
5.410899
5.412369
5.413926
5.415567
5.417292
5.419098
5.420984
5.422949
5.424989
5.427103
5.429289
5.431545
5.433869
5.436257
5.438709
5.441221
5.443792
5.446417
5.449096
5.451825
5.454601
5.457422
5.460285
5.463188
5.466126
5.469098
5.472101
5.475131
5.478186
5.481262
5.484356
5.487467
5.490589
5.493721
5.496859
5.500000
5.503141
5.506279
5.509411
5.512533
5.515644
5.518738
5.521814
5.524869
5.527899
5.530902
5.533874
5.536812
5.539715
5.542578
5.545399
5.548175
5.550904
5.553583
5.556208
5.558779
5.561291
5.563743
5.566131
5.568455
5.570711
5.572897
5.575011
5.577051
5.579016
5.580902
5.582708
5.584433
5.586074
5.587631
5.589101
5.590483
5.591775
5.592978
5.594088
5.595106
5.596029
5.596859
5.597592
5.598229
5.598769
5.599212
5.599556
5.599802
5.599951
5.600000
5.599951
5.599802
5.599556
5.599212
5.598769
5.598229
5.597592
5.596859
5.596029
5.595106
5.594088
5.592978
5.591775
5.590483
5.589101
5.587631
5.586074
5.584433
5.582708
5.580902
5.579016
5.577051
5.575011
5.572897
5.570711
5.568455
5.566131
5.563743
5.561291
5.558779
5.556208
5.553583
5.550904
5.548175
5.545399
5.542578
5.539715
5.536812
5.533874
5.530902
5.527899
5.524869
5.521814
5.518738
5.515644
5.512533
5.509411
5.506279
5.503141
5.500000
5.496859
5.493721
5.490589
5.487467
5.484356
5.481262
5.478186
5.475131
5.472101
5.469098
5.466126
5.463188
5.460285
5.457422
5.454601
5.451825
5.449096
5.446417
5.443792
5.441221
5.438709
5.436257
5.433869
5.431545
5.429289
5.427103
5.424989
5.422949
5.420984
5.419098
5.417292
5.415567
5.413926
5.412369
5.410899
5.409517
5.408225
5.407022
5.405912
5.404894
5.403971
5.403141
5.402408
5.401771
5.401231
5.400788
5.400444
5.400198
5.400049
5.400000
5.400049
5.400198
5.400444
5.400788
5.401231
5.401771
5.402408
5.403141
5.403971
5.404894
5.405912
5.407022
5.408225
5.409517
5.410899
5.412369
5.413926
5.415567
5.417292
5.419098
5.420984
5.422949
5.424989
5.427103
5.429289
5.431545
5.433869
5.436257
5.438709
5.441221
5.443792
5.446417
5.449096
5.451825
5.454601
5.457422
5.460285
5.463188
5.466126
5.469098
5.472101
5.475131
5.478186
5.481262
5.484356
5.487467
5.490589
5.493721
5.496859
5.500000
5.503141
5.506279
5.509411
5.512533
5.515644
5.518738
5.521814
5.524869
5.527899
5.530902
5.533874
5.536812
5.539715
5.542578
5.545399
5.548175
5.550904
5.553583
5.556208
5.558779
5.561291
5.563743
5.566131
5.568455
5.570711
5.572897
5.575011
5.577051
5.579016
5.580902
5.582708
5.584433
5.586074
5.587631
5.589101
5.590483
5.591775
5.592978
5.594088
5.595106
5.596029
5.596859
5.597592
5.598229
5.598769
5.599212
5.599556
5.599802
5.599951
5.600000
5.599951
5.599802
5.599556
5.599212
5.598769
5.598229
5.597592
5.596859
5.596029
5.595106
5.594088
5.592978
5.591775
5.590483
5.589101
5.587631
5.586074
5.584433
5.582708
5.580902
5.579016
5.577051
5.575011
5.572897
5.570711
5.568455
5.566131
5.563743
5.561291
5.558779
5.556208
5.553583
5.550904
5.548175
5.545399
5.542578
5.539715
5.536812
5.533874
5.530902
5.527899
5.524869
5.521814
5.518738
5.515644
5.512533
5.509411
5.506279
5.503141
5.500000
5.496859
5.493721
5.490589
5.487467
5.484356
5.481262
5.478186
5.475131
5.472101
5.469098
5.466126
5.463188
5.460285
5.457422
5.454601
5.451825
5.449096
5.446417
5.443792
5.441221
5.438709
5.436257
5.433869
5.431545
5.429289
5.427103
5.424989
5.422949
5.420984
5.419098
5.417292
5.415567
5.413926
5.412369
5.410899
5.409517
5.408225
5.407022
5.405912
5.404894
5.403971
5.403141
5.402408
5.401771
5.401231
5.400788
5.400444
5.400198
5.400049
5.400000
5.400049
5.400198
5.400444
5.400788
5.401231
5.401771
5.402408
5.403141
5.403971
5.404894
5.405912
5.407022
5.408225
5.409517
5.410899
5.412369
5.413926
5.415567
5.417292
5.419098
5.420984
5.422949
5.424989
5.427103
5.429289
5.431545
5.433869
5.436257
5.438709
5.441221
5.443792
5.446417
5.449096
5.451825
5.454601
5.457422
5.460285
5.463188
5.466126
5.469098
5.472101
5.475131
5.478186
5.481262
5.484356
5.487467
5.490589
5.493721
5.496859
5.500000
5.503141
5.506279
5.509411
5.512533
5.515644
5.518738
5.521814
5.524869
5.527899
5.530902
5.533874
5.536812
5.539715
5.542578
5.545399
5.548175
5.550904
5.553583
5.556208
5.558779
5.561291
5.563743
5.566131
5.568455
5.570711
5.572897
5.575011
5.577051
5.579016
5.580902
5.582708
5.584433
5.586074
5.587631
5.589101
5.590483
5.591775
5.592978
5.594088
5.595106
5.596029
5.596859
5.597592
5.598229
5.598769
5.599212
5.599556
5.599802
5.599951
5.600000
5.599951
5.599802
5.599556
5.599212
5.598769
5.598229
5.597592
5.596859
5.596029
5.595106
5.594088
5.592978
5.591775
5.590483
5.589101
5.587631
5.586074
5.584433
5.582708
5.580902
5.579016
5.577051
5.575011
5.572897
5.570711
5.568455
5.566131
5.563743
5.561291
5.558779
5.556208
5.553583
5.550904
5.548175
5.545399
5.542578
5.539715
5.536812
5.533874
5.530902
5.527899
5.524869
5.521814
5.518738
5.515644
5.512533
5.509411
5.506279
5.503141
5.500000
5.496859
5.493721
5.490589
5.487467
5.484356
5.481262
5.478186
5.475131
5.472101
5.469098
5.466126
5.463188
5.460285
5.457422
5.454601
5.451825
5.449096
5.446417
5.443792
5.441221
5.438709
5.436257
5.433869
5.431545
5.429289
5.427103
5.424989
5.422949
5.420984
5.419098
5.417292
5.415567
5.413926
5.412369
5.410899
5.409517
5.408225
5.407022
5.405912
5.404894
5.403971
5.403141
5.402408
5.401771
5.401231
5.400788
5.400444
5.400198
5.400049
5.400000
5.400049
5.400198
5.400444
5.400788
5.401231
5.401771
5.402408
5.403141
5.403971
5.404894
5.405912
5.407022
5.408225
5.409517
5.410899
5.412369
5.413926
5.415567
5.417292
5.419098
5.420984
5.422949
5.424989
5.427103
5.429289
5.431545
5.433869
5.436257
5.438709
5.441221
5.443792
5.446417
5.449096
5.451825
5.454601
5.457422
5.460285
5.463188
5.466126
5.469098
5.472101
5.475131
5.478186
5.481262
5.484356
5.487467
5.490589
5.493721
5.496859
5.500000
5.503141
5.506279
5.509411
5.512533
5.515644
5.518738
5.521814
5.524869
5.527899
5.530902
5.533874
5.536812
5.539715
5.542578
5.545399
5.548175
5.550904
5.553583
5.556208
5.558779
5.561291
5.563743
5.566131
5.568455
5.570711
5.572897
5.575011
5.577051
5.579016
5.580902
5.582708
5.584433
5.586074
5.587631
5.589101
5.590483
5.591775
5.592978
5.594088
5.595106
5.596029
5.596859
5.597592
5.598229
5.598769
5.599212
5.599556
5.599802
5.599951
5.600000
5.599951
5.599802
5.599556
5.599212
5.598769
5.598229
5.597592
5.596859
5.596029
5.595106
5.594088
5.592978
5.591775
5.590483
5.589101
5.587631
5.586074
5.584433
5.582708
5.580902
5.579016
5.577051
5.575011
5.572897
5.570711
5.568455
5.566131
5.563743
5.561291
5.558779
5.556208
5.553583
5.550904
5.548175
5.545399
5.542578
5.539715
5.536812
5.533874
5.530902
5.527899
5.524869
5.521814
5.518738
5.515644
5.512533
5.509411
5.506279
5.503141
5.500000
5.496859
5.493721
5.490589
5.487467
5.484356
5.481262
5.478186
5.475131
5.472101
5.469098
5.466126
5.463188
5.460285
5.457422
5.454601
5.451825
5.449096
5.446417
5.443792
5.441221
5.438709
5.436257
5.433869
5.431545
5.429289
5.427103
5.424989
5.422949
5.420984
5.419098
5.417292
5.415567
5.413926
5.412369
5.410899
5.409517
5.408225
5.407022
5.405912
5.404894
5.403971
5.403141
5.402408
5.401771
5.401231
5.400788
5.400444
5.400198
5.400049
5.400000
5.400049
5.400198
5.400444
5.400788
5.401231
5.401771
5.402408
5.403141
5.403971
5.404894
5.405912
5.407022
5.408225
5.409517
5.410899
5.412369
5.413926
5.415567
5.417292
5.419098
5.420984
5.422949
5.424989
5.427103
5.429289
5.431545
5.433869
5.436257
5.438709
5.441221
5.443792
5.446417
5.449096
5.451825
5.454601
5.457422
5.460285
5.463188
5.466126
5.469098
5.472101
5.475131
5.478186
5.481262
5.484356
5.487467
5.490589
5.493721
5.496859
5.500000
5.503141
5.506279
5.509411
5.512533
5.515644
5.518738
5.521814
5.524869
5.527899
5.530902
5.533874
5.536812
5.539715
5.542578
5.545399
5.548175
5.550904
5.553583
5.556208
5.558779
5.561291
5.563743
5.566131
5.568455
5.570711
5.572897
5.575011
5.577051
5.579016
5.580902
5.582708
5.584433
5.586074
5.587631
5.589101
5.590483
5.591775
5.592978
5.594088
5.595106
5.596029
5.596859
5.597592
5.598229
5.598769
5.599212
5.599556
5.599802
5.599951
5.600000
5.599951
5.599802
5.599556
5.599212
5.598769
5.598229
5.597592
5.596859
5.596029
5.595106
5.594088
5.592978
5.591775
5.590483
5.589101
5.587631
5.586074
5.584433
5.582708
5.580902
5.579016
5.577051
5.575011
5.572897
5.570711
5.568455
5.566131
5.563743
5.561291
5.558779
5.556208
5.553583
5.550904
5.548175
5.545399
5.542578
5.539715
5.536812
5.533874
5.530902
5.527899
5.524869
5.521814
5.518738
5.515644
5.512533
5.509411
5.506279
5.503141
5.500000
5.496859
5.493721
5.490589
5.487467
5.484356
5.481262
5.478186
5.475131
5.472101
5.469098
5.466126
5.463188
5.460285
5.457422
5.454601
5.451825
5.449096
5.446417
5.443792
5.441221
5.438709
5.436257
5.433869
5.431545
5.429289
5.427103
5.424989
5.422949
5.420984
5.419098
5.417292
5.415567
5.413926
5.412369
5.410899
5.409517
5.408225
5.407022
5.405912
5.404894
5.403971
5.403141
5.402408
5.401771
5.401231
5.400788
5.400444
5.400198
5.400049
5.400000
5.400049
5.400198
5.400444
5.400788
5.401231
5.401771
5.402408
5.403141
5.403971
5.404894
5.405912
5.407022
5.408225
5.409517
5.410899
5.412369
5.413926
5.415567
5.417292
5.419098
5.420984
5.422949
5.424989
5.427103
5.429289
5.431545
5.433869
5.436257
5.438709
5.441221
5.443792
5.446417
5.449096
5.451825
5.454601
5.457422
5.460285
5.463188
5.466126
5.469098
5.472101
5.475131
5.478186
5.481262
5.484356
5.487467
5.490589
5.493721
5.496859
5.500000
5.503141
5.506279
5.509411
5.512533
5.515644
5.518738
5.521814
5.524869
5.527899
5.530902
5.533874
5.536812
5.539715
5.542578
5.545399
5.548175
5.550904
5.553583
5.556208
5.558779
5.561291
5.563743
5.566131
5.568455
5.570711
5.572897
5.575011
5.577051
5.579016
5.580902
5.582708
5.584433
5.586074
5.587631
5.589101
5.590483
5.591775
5.592978
5.594088
5.595106
5.596029
5.596859
5.597592
5.598229
5.598769
5.599212
5.599556
5.599802
5.599951
5.600000
5.599951
5.599802
5.599556
5.599212
5.598769
5.598229
5.597592
5.596859
5.596029
5.595106
5.594088
5.592978
5.591775
5.590483
5.589101
5.587631
5.586074
5.584433
5.582708
5.580902
5.579016
5.577051
5.575011
5.572897
5.570711
5.568455
5.566131
5.563743
5.561291
5.558779
5.556208
5.553583
5.550904
5.548175
5.545399
5.542578
5.539715
5.536812
5.533874
5.530902
5.527899
5.524869
5.521814
5.518738
5.515644
5.512533
5.509411
5.506279
5.503141
5.500000
5.496859
5.493721
5.490589
5.487467
5.484356
5.481262
5.478186
5.475131
5.472101
5.469098
5.466126
5.463188
5.460285
5.457422
5.454601
5.451825
5.449096
5.446417
5.443792
5.441221
5.438709
5.436257
5.433869
5.431545
5.429289
5.427103
5.424989
5.422949
5.420984
5.419098
5.417292
5.415567
5.413926
5.412369
5.410899
5.409517
5.408225
5.407022
5.405912
5.404894
5.403971
5.403141
5.402408
5.401771
5.401231
5.400788
5.400444
5.400198
5.400049
5.400000
5.400049
5.400198
5.400444
5.400788
5.401231
5.401771
5.402408
5.403141
5.403971
5.404894
5.405912
5.407022
5.408225
5.409517
5.410899
5.412369
5.413926
5.415567
5.417292
5.419098
5.420984
5.422949
5.424989
5.427103
5.429289
5.431545
5.433869
5.436257
5.438709
5.441221
5.443792
5.446417
5.449096
5.451825
5.454601
5.457422
5.460285
5.463188
5.466126
5.469098
5.472101
5.475131
5.478186
5.481262
5.484356
5.487467
5.490589
5.493721
5.496859
5.500000
5.503141
5.506279
5.509411
5.512533
5.515644
5.518738
5.521814
5.524869
5.527899
5.530902
5.533874
5.536812
5.539715
5.542578
5.545399
5.548175
5.550904
5.553583
5.556208
5.558779
5.561291
5.563743
5.566131
5.568455
5.570711
5.572897
5.575011
5.577051
5.579016
5.580902
5.582708
5.584433
5.586074
5.587631
5.589101
5.590483
5.591775
5.592978
5.594088
5.595106
5.596029
5.596859
5.597592
5.598229
5.598769
5.599212
5.599556
5.599802
5.599951
5.600000
5.599951
5.599802
5.599556
5.599212
5.598769
5.598229
5.597592
5.596859
5.596029
5.595106
5.594088
5.592978
5.591775
5.590483
5.589101
5.587631
5.586074
5.584433
5.582708
5.580902
5.579016
5.577051
5.575011
5.572897
5.570711
5.568455
5.566131
5.563743
5.561291
5.558779
5.556208
5.553583
5.550904
5.548175
5.545399
5.542578
5.539715
5.536812
5.533874
5.530902
5.527899
5.524869
5.521814
5.518738
5.515644
5.512533
5.509411
5.506279
5.503141
5.500000
5.496859
5.493721
5.490589
5.487467
5.484356
5.481262
5.478186
5.475131
5.472101
5.469098
5.466126
5.463188
5.460285
5.457422
5.454601
5.451825
5.449096
5.446417
5.443792
5.441221
5.438709
5.436257
5.433869
5.431545
5.429289
5.427103
5.424989
5.422949
5.420984
5.419098
5.417292
5.415567
5.413926
5.412369
5.410899
5.409517
5.408225
5.407022
5.405912
5.404894
5.403971
5.403141
5.402408
5.401771
5.401231
5.400788
5.400444
5.400198
5.400049
5.400000
5.400049
5.400198
5.400444
5.400788
5.401231
5.401771
5.402408
5.403141
5.403971
5.404894
5.405912
5.407022
5.408225
5.409517
5.410899
5.412369
5.413926
5.415567
5.417292
5.419098
5.420984
5.422949
5.424989
5.427103
5.429289
5.431545
5.433869
5.436257
5.438709
5.441221
5.443792
5.446417
5.449096
5.451825
5.454601
5.457422
5.460285
5.463188
5.466126
5.469098
5.472101
5.475131
5.478186
5.481262
5.484356
5.487467
5.490589
5.493721
5.496859
5.500000
5.503141
5.506279
5.509411
5.512533
5.515644
5.518738
5.521814
5.524869
5.527899
5.530902
5.533874
5.536812
5.539715
5.542578
5.545399
5.548175
5.550904
5.553583
5.556208
5.558779
5.561291
5.563743
5.566131
5.568455
5.570711
5.572897
5.575011
5.577051
5.579016
5.580902
5.582708
5.584433
5.586074
5.587631
5.589101
5.590483
5.591775
5.592978
5.594088
5.595106
5.596029
5.596859
5.597592
5.598229
5.598769
5.599212
5.599556
5.599802
5.599951
5.600000
5.599951
5.599802
5.599556
5.599212
5.598769
5.598229
5.597592
5.596859
5.596029
5.595106
5.594088
5.592978
5.591775
5.590483
5.589101
5.587631
5.586074
5.584433
5.582708
5.580902
5.579016
5.577051
5.575011
5.572897
5.570711
5.568455
5.566131
5.563743
5.561291
5.558779
5.556208
5.553583
5.550904
5.548175
5.545399
5.542578
5.539715
5.536812
5.533874
5.530902
5.527899
5.524869
5.521814
5.518738
5.515644
5.512533
5.509411
5.506279
5.503141
5.500000
5.496859
5.493721
5.490589
5.487467
5.484356
5.481262
5.478186
5.475131
5.472101
5.469098
5.466126
5.463188
5.460285
5.457422
5.454601
5.451825
5.449096
5.446417
5.443792
5.441221
5.438709
5.436257
5.433869
5.431545
5.429289
5.427103
5.424989
5.422949
5.420984
5.419098
5.417292
5.415567
5.413926
5.412369
5.410899
5.409517
5.408225
5.407022
5.405912
5.404894
5.403971
5.403141
5.402408
5.401771
5.401231
5.400788
5.400444
5.400198
5.400049
5.400000
5.400049
5.400198
5.400444
5.400788
5.401231
5.401771
5.402408
5.403141
5.403971
5.404894
5.405912
5.407022
5.408225
5.409517
5.410899
5.412369
5.413926
5.415567
5.417292
5.419098
5.420984
5.422949
5.424989
5.427103
5.429289
5.431545
5.433869
5.436257
5.438709
5.441221
5.443792
5.446417
5.449096
5.451825
5.454601
5.457422
5.460285
5.463188
5.466126
5.469098
5.472101
5.475131
5.478186
5.481262
5.484356
5.487467
5.490589
5.493721
5.496859
5.500000
5.503141
5.506279
5.509411
5.512533
5.515644
5.518738
5.521814
5.524869
5.527899
5.530902
5.533874
5.536812
5.539715
5.542578
5.545399
5.548175
5.550904
5.553583
5.556208
5.558779
5.561291
5.563743
5.566131
5.568455
5.570711
5.572897
5.575011
5.577051
5.579016
5.580902
5.582708
5.584433
5.586074
5.587631
5.589101
5.590483
5.591775
5.592978
5.594088
5.595106
5.596029
5.596859
5.597592
5.598229
5.598769
5.599212
5.599556
5.599802
5.599951
5.600000
5.599951
5.599802
5.599556
5.599212
5.598769
5.598229
5.597592
5.596859
5.596029
5.595106
5.594088
5.592978
5.591775
5.590483
5.589101
5.587631
5.586074
5.584433
5.582708
5.580902
5.579016
5.577051
5.575011
5.572897
5.570711
5.568455
5.566131
5.563743
5.561291
5.558779
5.556208
5.553583
5.550904
5.548175
5.545399
5.542578
5.539715
5.536812
5.533874
5.530902
5.527899
5.524869
5.521814
5.518738
5.515644
5.512533
5.509411
5.506279
5.503141
5.500000
5.496859
5.493721
5.490589
5.487467
5.484356
5.481262
5.478186
5.475131
5.472101
5.469098
5.466126
5.463188
5.460285
5.457422
5.454601
5.451825
5.449096
5.446417
5.443792
5.441221
5.438709
5.436257
5.433869
5.431545
5.429289
5.427103
5.424989
5.422949
5.420984
5.419098
5.417292
5.415567
5.413926
5.412369
5.410899
5.409517
5.408225
5.407022
5.405912
5.404894
5.403971
5.403141
5.402408
5.401771
5.401231
5.400788
5.400444
5.400198
5.400049
5.400000
5.400049
5.400198
5.400444
5.400788
5.401231
5.401771
5.402408
5.403141
5.403971
5.404894
5.405912
5.407022
5.408225
5.409517
5.410899
5.412369
5.413926
5.415567
5.417292
5.419098
5.420984
5.422949
5.424989
5.427103
5.429289
5.431545
5.433869
5.436257
5.438709
5.441221
5.443792
5.446417
5.449096
5.451825
5.454601
5.457422
5.460285
5.463188
5.466126
5.469098
5.472101
5.475131
5.478186
5.481262
5.484356
5.487467
5.490589
5.493721
5.496859
5.500000
5.503141
5.506279
5.509411
5.512533
5.515644
5.518738
5.521814
5.524869
5.527899
5.530902
5.533874
5.536812
5.539715
5.542578
5.545399
5.548175
5.550904
5.553583
5.556208
5.558779
5.561291
5.563743
5.566131
5.568455
5.570711
5.572897
5.575011
5.577051
5.579016
5.580902
5.582708
5.584433
5.586074
5.587631
5.589101
5.590483
5.591775
5.592978
5.594088
5.595106
5.596029
5.596859
5.597592
5.598229
5.598769
5.599212
5.599556
5.599802
5.599951
5.600000
5.599951
5.599802
5.599556
5.599212
5.598769
5.598229
5.597592
5.596859
5.596029
5.595106
5.594088
5.592978
5.591775
5.590483
5.589101
5.587631
5.586074
5.584433
5.582708
5.580902
5.579016
5.577051
5.575011
5.572897
5.570711
5.568455
5.566131
5.563743
5.561291
5.558779
5.556208
5.553583
5.550904
5.548175
5.545399
5.542578
5.539715
5.536812
5.533874
5.530902
5.527899
5.524869
5.521814
5.518738
5.515644
5.512533
5.509411
5.506279
5.503141
5.500000
5.496859
5.493721
5.490589
5.487467
5.484356
5.481262
5.478186
5.475131
5.472101
5.469098
5.466126
5.463188
5.460285
5.457422
5.454601
5.451825
5.449096
5.446417
5.443792
5.441221
5.438709
5.436257
5.433869
5.431545
5.429289
5.427103
5.424989
5.422949
5.420984
5.419098
5.417292
5.415567
5.413926
5.412369
5.410899
5.409517
5.408225
5.407022
5.405912
5.404894
5.403971
5.403141
5.402408
5.401771
5.401231
5.400788
5.400444
5.400198
5.400049
5.400000
5.400049
5.400198
5.400444
5.400788
5.401231
5.401771
5.402408
5.403141
5.403971
5.404894
5.405912
5.407022
5.408225
5.409517
5.410899
5.412369
5.413926
5.415567
5.417292
5.419098
5.420984
5.422949
5.424989
5.427103
5.429289
5.431545
5.433869
5.436257
5.438709
5.441221
5.443792
5.446417
5.449096
5.451825
5.454601
5.457422
5.460285
5.463188
5.466126
5.469098
5.472101
5.475131
5.478186
5.481262
5.484356
5.487467
5.490589
5.493721
5.496859
5.500000
5.503141
5.506279
5.509411
5.512533
5.515644
5.518738
5.521814
5.524869
5.527899
5.530902
5.533874
5.536812
5.539715
5.542578
5.545399
5.548175
5.550904
5.553583
5.556208
5.558779
5.561291
5.563743
5.566131
5.568455
5.570711
5.572897
5.575011
5.577051
5.579016
5.580902
5.582708
5.584433
5.586074
5.587631
5.589101
5.590483
5.591775
5.592978
5.594088
5.595106
5.596029
5.596859
5.597592
5.598229
5.598769
5.599212
5.599556
5.599802
5.599951
5.600000
5.599951
5.599802
5.599556
5.599212
5.598769
5.598229
5.597592
5.596859
5.596029
5.595106
5.594088
5.592978
5.591775
5.590483
5.589101
5.587631
5.586074
5.584433
5.582708
5.580902
5.579016
5.577051
5.575011
5.572897
5.570711
5.568455
5.566131
5.563743
5.561291
5.558779
5.556208
5.553583
5.550904
5.548175
5.545399
5.542578
5.539715
5.536812
5.533874
5.530902
5.527899
5.524869
5.521814
5.518738
5.515644
5.512533
5.509411
5.506279
5.503141
5.500000
5.496859
5.493721
5.490589
5.487467
5.484356
5.481262
5.478186
5.475131
5.472101
5.469098
5.466126
5.463188
5.460285
5.457422
5.454601
5.451825
5.449096
5.446417
5.443792
5.441221
5.438709
5.436257
5.433869
5.431545
5.429289
5.427103
5.424989
5.422949
5.420984
5.419098
5.417292
5.415567
5.413926
5.412369
5.410899
5.409517
5.408225
5.407022
5.405912
5.404894
5.403971
5.403141
5.402408
5.401771
5.401231
5.400788
5.400444
5.400198
5.400049
5.400000
5.400049
5.400198
5.400444
5.400788
5.401231
5.401771
5.402408
5.403141
5.403971
5.404894
5.405912
5.407022
5.408225
5.409517
5.410899
5.412369
5.413926
5.415567
5.417292
5.419098
5.420984
5.422949
5.424989
5.427103
5.429289
5.431545
5.433869
5.436257
5.438709
5.441221
5.443792
5.446417
5.449096
5.451825
5.454601
5.457422
5.460285
5.463188
5.466126
5.469098
5.472101
5.475131
5.478186
5.481262
5.484356
5.487467
5.490589
5.493721
5.496859
5.500000
5.503141
5.506279
5.509411
5.512533
5.515644
5.518738
5.521814
5.524869
5.527899
5.530902
5.533874
5.536812
5.539715
5.542578
5.545399
5.548175
5.550904
5.553583
5.556208
5.558779
5.561291
5.563743
5.566131
5.568455
5.570711
5.572897
5.575011
5.577051
5.579016
5.580902
5.582708
5.584433
5.586074
5.587631
5.589101
5.590483
5.591775
5.592978
5.594088
5.595106
5.596029
5.596859
5.597592
5.598229
5.598769
5.599212
5.599556
5.599802
5.599951
5.600000
5.599951
5.599802
5.599556
5.599212
5.598769
5.598229
5.597592
5.596859
5.596029
5.595106
5.594088
5.592978
5.591775
5.590483
5.589101
5.587631
5.586074
5.584433
5.582708
5.580902
5.579016
5.577051
5.575011
5.572897
5.570711
5.568455
5.566131
5.563743
5.561291
5.558779
5.556208
5.553583
5.550904
5.548175
5.545399
5.542578
5.539715
5.536812
5.533874
5.530902
5.527899
5.524869
5.521814
5.518738
5.515644
5.512533
5.509411
5.506279
5.503141
5.500000
5.496859
5.493721
5.490589
5.487467
5.484356
5.481262
5.478186
5.475131
5.472101
5.469098
5.466126
5.463188
5.460285
5.457422
5.454601
5.451825
5.449096
5.446417
5.443792
5.441221
5.438709
5.436257
5.433869
5.431545
5.429289
5.427103
5.424989
5.422949
5.420984
5.419098
5.417292
5.415567
5.413926
5.412369
5.410899
5.409517
5.408225
5.407022
5.405912
5.404894
5.403971
5.403141
5.402408
5.401771
5.401231
5.400788
5.400444
5.400198
5.400049
5.400000
5.400049
5.400198
5.400444
5.400788
5.401231
5.401771
5.402408
5.403141
5.403971
5.404894
5.405912
5.407022
5.408225
5.409517
5.410899
5.412369
5.413926
5.415567
5.417292
5.419098
5.420984
5.422949
5.424989
5.427103
5.429289
5.431545
5.433869
5.436257
5.438709
5.441221
5.443792
5.446417
5.449096
5.451825
5.454601
5.457422
5.460285
5.463188
5.466126
5.469098
5.472101
5.475131
5.478186
5.481262
5.484356
5.487467
5.490589
5.493721
5.496859
5.500000
5.503141
5.506279
5.509411
5.512533
5.515644
5.518738
5.521814
5.524869
5.527899
5.530902
5.533874
5.536812
5.539715
5.542578
5.545399
5.548175
5.550904
5.553583
5.556208
5.558779
5.561291
5.563743
5.566131
5.568455
5.570711
5.572897
5.575011
5.577051
5.579016
5.580902
5.582708
5.584433
5.586074
5.587631
5.589101
5.590483
5.591775
5.592978
5.594088
5.595106
5.596029
5.596859
5.597592
5.598229
5.598769
5.599212
5.599556
5.599802
5.599951
5.600000
5.599951
5.599802
5.599556
5.599212
5.598769
5.598229
5.597592
5.596859
5.596029
5.595106
5.594088
5.592978
5.591775
5.590483
5.589101
5.587631
5.586074
5.584433
5.582708
5.580902
5.579016
5.577051
5.575011
5.572897
5.570711
5.568455
5.566131
5.563743
5.561291
5.558779
5.556208
5.553583
5.550904
5.548175
5.545399
5.542578
5.539715
5.536812
5.533874
5.530902
5.527899
5.524869
5.521814
5.518738
5.515644
5.512533
5.509411
5.506279
5.503141
5.500000
5.496859
5.493721
5.490589
5.487467
5.484356
5.481262
5.478186
5.475131
5.472101
5.469098
5.466126
5.463188
5.460285
5.457422
5.454601
5.451825
5.449096
5.446417
5.443792
5.441221
5.438709
5.436257
5.433869
5.431545
5.429289
5.427103
5.424989
5.422949
5.420984
5.419098
5.417292
5.415567
5.413926
5.412369
5.410899
5.409517
5.408225
5.407022
5.405912
5.404894
5.403971
5.403141
5.402408
5.401771
5.401231
5.400788
5.400444
5.400198
5.400049
5.400000
5.400049
5.400198
5.400444
5.400788
5.401231
5.401771
5.402408
5.403141
5.403971
5.404894
5.405912
5.407022
5.408225
5.409517
5.410899
5.412369
5.413926
5.415567
5.417292
5.419098
5.420984
5.422949
5.424989
5.427103
5.429289
5.431545
5.433869
5.436257
5.438709
5.441221
5.443792
5.446417
5.449096
5.451825
5.454601
5.457422
5.460285
5.463188
5.466126
5.469098
5.472101
5.475131
5.478186
5.481262
5.484356
5.487467
5.490589
5.493721
5.496859
5.500000
5.503141
5.506279
5.509411
5.512533
5.515644
5.518738
5.521814
5.524869
5.527899
5.530902
5.533874
5.536812
5.539715
5.542578
5.545399
5.548175
5.550904
5.553583
5.556208
5.558779
5.561291
5.563743
5.566131
5.568455
5.570711
5.572897
5.575011
5.577051
5.579016
5.580902
5.582708
5.584433
5.586074
5.587631
5.589101
5.590483
5.591775
5.592978
5.594088
5.595106
5.596029
5.596859
5.597592
5.598229
5.598769
5.599212
5.599556
5.599802
5.599951
5.600000
5.599951
5.599802
5.599556
5.599212
5.598769
5.598229
5.597592
5.596859
5.596029
5.595106
5.594088
5.592978
5.591775
5.590483
5.589101
5.587631
5.586074
5.584433
5.582708
5.580902
5.579016
5.577051
5.575011
5.572897
5.570711
5.568455
5.566131
5.563743
5.561291
5.558779
5.556208
5.553583
5.550904
5.548175
5.545399
5.542578
5.539715
5.536812
5.533874
5.530902
5.527899
5.524869
5.521814
5.518738
5.515644
5.512533
5.509411
5.506279
5.503141
5.500000
5.496859
5.493721
5.490589
5.487467
5.484356
5.481262
5.478186
5.475131
5.472101
5.469098
5.466126
5.463188
5.460285
5.457422
5.454601
5.451825
5.449096
5.446417
5.443792
5.441221
5.438709
5.436257
5.433869
5.431545
5.429289
5.427103
5.424989
5.422949
5.420984
5.419098
5.417292
5.415567
5.413926
5.412369
5.410899
5.409517
5.408225
5.407022
5.405912
5.404894
5.403971
5.403141
5.402408
5.401771
5.401231
5.400788
5.400444
5.400198
5.400049
5.400000
5.400049
5.400198
5.400444
5.400788
5.401231
5.401771
5.402408
5.403141
5.403971
5.404894
5.405912
5.407022
5.408225
5.409517
5.410899
5.412369
5.413926
5.415567
5.417292
5.419098
5.420984
5.422949
5.424989
5.427103
5.429289
5.431545
5.433869
5.436257
5.438709
5.441221
5.443792
5.446417
5.449096
5.451825
5.454601
5.457422
5.460285
5.463188
5.466126
5.469098
5.472101
5.475131
5.478186
5.481262
5.484356
5.487467
5.490589
5.493721
5.496859
5.500000
5.503141
5.506279
5.509411
5.512533
5.515644
5.518738
5.521814
5.524869
5.527899
5.530902
5.533874
5.536812
5.539715
5.542578
5.545399
5.548175
5.550904
5.553583
5.556208
5.558779
5.561291
5.563743
5.566131
5.568455
5.570711
5.572897
5.575011
5.577051
5.579016
5.580902
5.582708
5.584433
5.586074
5.587631
5.589101
5.590483
5.591775
5.592978
5.594088
5.595106
5.596029
5.596859
5.597592
5.598229
5.598769
5.599212
5.599556
5.599802
5.599951
5.600000
5.599951
5.599802
5.599556
5.599212
5.598769
5.598229
5.597592
5.596859
5.596029
5.595106
5.594088
5.592978
5.591775
5.590483
5.589101
5.587631
5.586074
5.584433
5.582708
5.580902
5.579016
5.577051
5.575011
5.572897
5.570711
5.568455
5.566131
5.563743
5.561291
5.558779
5.556208
5.553583
5.550904
5.548175
5.545399
5.542578
5.539715
5.536812
5.533874
5.530902
5.527899
5.524869
5.521814
5.518738
5.515644
5.512533
5.509411
5.506279
5.503141
5.500000
5.496859
5.493721
5.490589
5.487467
5.484356
5.481262
5.478186
5.475131
5.472101
5.469098
5.466126
5.463188
5.460285
5.457422
5.454601
5.451825
5.449096
5.446417
5.443792
5.441221
5.438709
5.436257
5.433869
5.431545
5.429289
5.427103
5.424989
5.422949
5.420984
5.419098
5.417292
5.415567
5.413926
5.412369
5.410899
5.409517
5.408225
5.407022
5.405912
5.404894
5.403971
5.403141
5.402408
5.401771
5.401231
5.400788
5.400444
5.400198
5.400049
5.400000
5.400049
5.400198
5.400444
5.400788
5.401231
5.401771
5.402408
5.403141
5.403971
5.404894
5.405912
5.407022
5.408225
5.409517
5.410899
5.412369
5.413926
5.415567
5.417292
5.419098
5.420984
5.422949
5.424989
5.427103
5.429289
5.431545
5.433869
5.436257
5.438709
5.441221
5.443792
5.446417
5.449096
5.451825
5.454601
5.457422
5.460285
5.463188
5.466126
5.469098
5.472101
5.475131
5.478186
5.481262
5.484356
5.487467
5.490589
5.493721
5.496859
5.500000
5.503141
5.506279
5.509411
5.512533
5.515644
5.518738
5.521814
5.524869
5.527899
5.530902
5.533874
5.536812
5.539715
5.542578
5.545399
5.548175
5.550904
5.553583
5.556208
5.558779
5.561291
5.563743
5.566131
5.568455
5.570711
5.572897
5.575011
5.577051
5.579016
5.580902
5.582708
5.584433
5.586074
5.587631
5.589101
5.590483
5.591775
5.592978
5.594088
5.595106
5.596029
5.596859
5.597592
5.598229
5.598769
5.599212
5.599556
5.599802
5.599951
5.600000
5.599951
5.599802
5.599556
5.599212
5.598769
5.598229
5.597592
5.596859
5.596029
5.595106
5.594088
5.592978
5.591775
5.590483
5.589101
5.587631
5.586074
5.584433
5.582708
5.580902
5.579016
5.577051
5.575011
5.572897
5.570711
5.568455
5.566131
5.563743
5.561291
5.558779
5.556208
5.553583
5.550904
5.548175
5.545399
5.542578
5.539715
5.536812
5.533874
5.530902
5.527899
5.524869
5.521814
5.518738
5.515644
5.512533
5.509411
5.506279
5.503141
5.500000
5.496859
5.493721
5.490589
5.487467
5.484356
5.481262
5.478186
5.475131
5.472101
5.469098
5.466126
5.463188
5.460285
5.457422
5.454601
5.451825
5.449096
5.446417
5.443792
5.441221
5.438709
5.436257
5.433869
5.431545
5.429289
5.427103
5.424989
5.422949
5.420984
5.419098
5.417292
5.415567
5.413926
5.412369
5.410899
5.409517
5.408225
5.407022
5.405912
5.404894
5.403971
5.403141
5.402408
5.401771
5.401231
5.400788
5.400444
5.400198
5.400049
5.400000
5.400049
5.400198
5.400444
5.400788
5.401231
5.401771
5.402408
5.403141
5.403971
5.404894
5.405912
5.407022
5.408225
5.409517
5.410899
5.412369
5.413926
5.415567
5.417292
5.419098
5.420984
5.422949
5.424989
5.427103
5.429289
5.431545
5.433869
5.436257
5.438709
5.441221
5.443792
5.446417
5.449096
5.451825
5.454601
5.457422
5.460285
5.463188
5.466126
5.469098
5.472101
5.475131
5.478186
5.481262
5.484356
5.487467
5.490589
5.493721
5.496859
5.500000
5.503141
5.506279
5.509411
5.512533
5.515644
5.518738
5.521814
5.524869
5.527899
5.530902
5.533874
5.536812
5.539715
5.542578
5.545399
5.548175
5.550904
5.553583
5.556208
5.558779
5.561291
5.563743
5.566131
5.568455
5.570711
5.572897
5.575011
5.577051
5.579016
5.580902
5.582708
5.584433
5.586074
5.587631
5.589101
5.590483
5.591775
5.592978
5.594088
5.595106
5.596029
5.596859
5.597592
5.598229
5.598769
5.599212
5.599556
5.599802
5.599951
5.600000
5.599951
5.599802
5.599556
5.599212
5.598769
5.598229
5.597592
5.596859
5.596029
5.595106
5.594088
5.592978
5.591775
5.590483
5.589101
5.587631
5.586074
5.584433
5.582708
5.580902
5.579016
5.577051
5.575011
5.572897
5.570711
5.568455
5.566131
5.563743
5.561291
5.558779
5.556208
5.553583
5.550904
5.548175
5.545399
5.542578
5.539715
5.536812
5.533874
5.530902
5.527899
5.524869
5.521814
5.518738
5.515644
5.512533
5.509411
5.506279
5.503141
5.500000
5.496859
5.493721
5.490589
5.487467
5.484356
5.481262
5.478186
5.475131
5.472101
5.469098
5.466126
5.463188
5.460285
5.457422
5.454601
5.451825
5.449096
5.446417
5.443792
5.441221
5.438709
5.436257
5.433869
5.431545
5.429289
5.427103
5.424989
5.422949
5.420984
5.419098
5.417292
5.415567
5.413926
5.412369
5.410899
5.409517
5.408225
5.407022
5.405912
5.404894
5.403971
5.403141
5.402408
5.401771
5.401231
5.400788
5.400444
5.400198
5.400049
5.400000
5.400049
5.400198
5.400444
5.400788
5.401231
5.401771
5.402408
5.403141
5.403971
5.404894
5.405912
5.407022
5.408225
5.409517
5.410899
5.412369
5.413926
5.415567
5.417292
5.419098
5.420984
5.422949
5.424989
5.427103
5.429289
5.431545
5.433869
5.436257
5.438709
5.441221
5.443792
5.446417
5.449096
5.451825
5.454601
5.457422
5.460285
5.463188
5.466126
5.469098
5.472101
5.475131
5.478186
5.481262
5.484356
5.487467
5.490589
5.493721
5.496859
5.500000
5.503141
5.506279
5.509411
5.512533
5.515644
5.518738
5.521814
5.524869
5.527899
5.530902
5.533874
5.536812
5.539715
5.542578
5.545399
5.548175
5.550904
5.553583
5.556208
5.558779
5.561291
5.563743
5.566131
5.568455
5.570711
5.572897
5.575011
5.577051
5.579016
5.580902
5.582708
5.584433
5.586074
5.587631
5.589101
5.590483
5.591775
5.592978
5.594088
5.595106
5.596029
5.596859
5.597592
5.598229
5.598769
5.599212
5.599556
5.599802
5.599951
5.600000
5.599951
5.599802
5.599556
5.599212
5.598769
5.598229
5.597592
5.596859
5.596029
5.595106
5.594088
5.592978
5.591775
5.590483
5.589101
5.587631
5.586074
5.584433
5.582708
5.580902
5.579016
5.577051
5.575011
5.572897
5.570711
5.568455
5.566131
5.563743
5.561291
5.558779
5.556208
5.553583
5.550904
5.548175
5.545399
5.542578
5.539715
5.536812
5.533874
5.530902
5.527899
5.524869
5.521814
5.518738
5.515644
5.512533
5.509411
5.506279
5.503141
5.500000
5.496859
5.493721
5.490589
5.487467
5.484356
5.481262
5.478186
5.475131
5.472101
5.469098
5.466126
5.463188
5.460285
5.457422
5.454601
5.451825
5.449096
5.446417
5.443792
5.441221
5.438709
5.436257
5.433869
5.431545
5.429289
5.427103
5.424989
5.422949
5.420984
5.419098
5.417292
5.415567
5.413926
5.412369
5.410899
5.409517
5.408225
5.407022
5.405912
5.404894
5.403971
5.403141
5.402408
5.401771
5.401231
5.400788
5.400444
5.400198
5.400049
5.400000
5.400049
5.400198
5.400444
5.400788
5.401231
5.401771
5.402408
5.403141
5.403971
5.404894
5.405912
5.407022
5.408225
5.409517
5.410899
5.412369
5.413926
5.415567
5.417292
5.419098
5.420984
5.422949
5.424989
5.427103
5.429289
5.431545
5.433869
5.436257
5.438709
5.441221
5.443792
5.446417
5.449096
5.451825
5.454601
5.457422
5.460285
5.463188
5.466126
5.469098
5.472101
5.475131
5.478186
5.481262
5.484356
5.487467
5.490589
5.493721
5.496859
5.500000
5.503141
5.506279
5.509411
5.512533
5.515644
5.518738
5.521814
5.524869
5.527899
5.530902
5.533874
5.536812
5.539715
5.542578
5.545399
5.548175
5.550904
5.553583
5.556208
5.558779
5.561291
5.563743
5.566131
5.568455
5.570711
5.572897
5.575011
5.577051
5.579016
5.580902
5.582708
5.584433
5.586074
5.587631
5.589101
5.590483
5.591775
5.592978
5.594088
5.595106
5.596029
5.596859
5.597592
5.598229
5.598769
5.599212
5.599556
5.599802
5.599951
5.600000
5.599951
5.599802
5.599556
5.599212
5.598769
5.598229
5.597592
5.596859
5.596029
5.595106
5.594088
5.592978
5.591775
5.590483
5.589101
5.587631
5.586074
5.584433
5.582708
5.580902
5.579016
5.577051
5.575011
5.572897
5.570711
5.568455
5.566131
5.563743
5.561291
5.558779
5.556208
5.553583
5.550904
5.548175
5.545399
5.542578
5.539715
5.536812
5.533874
5.530902
5.527899
5.524869
5.521814
5.518738
5.515644
5.512533
5.509411
5.506279
5.503141
5.500000
5.496859
5.493721
5.490589
5.487467
5.484356
5.481262
5.478186
5.475131
5.472101
5.469098
5.466126
5.463188
5.460285
5.457422
5.454601
5.451825
5.449096
5.446417
5.443792
5.441221
5.438709
5.436257
5.433869
5.431545
5.429289
5.427103
5.424989
5.422949
5.420984
5.419098
5.417292
5.415567
5.413926
5.412369
5.410899
5.409517
5.408225
5.407022
5.405912
5.404894
5.403971
5.403141
5.402408
5.401771
5.401231
5.400788
5.400444
5.400198
5.400049
5.400000
5.400049
5.400198
5.400444
5.400788
5.401231
5.401771
5.402408
5.403141
5.403971
5.404894
5.405912
5.407022
5.408225
5.409517
5.410899
5.412369
5.413926
5.415567
5.417292
5.419098
5.420984
5.422949
5.424989
5.427103
5.429289
5.431545
5.433869
5.436257
5.438709
5.441221
5.443792
5.446417
5.449096
5.451825
5.454601
5.457422
5.460285
5.463188
5.466126
5.469098
5.472101
5.475131
5.478186
5.481262
5.484356
5.487467
5.490589
5.493721
5.496859
5.500000
5.503141
5.506279
5.509411
5.512533
5.515644
5.518738
5.521814
5.524869
5.527899
5.530902
5.533874
5.536812
5.539715
5.542578
5.545399
5.548175
5.550904
5.553583
5.556208
5.558779
5.561291
5.563743
5.566131
5.568455
5.570711
5.572897
5.575011
5.577051
5.579016
5.580902
5.582708
5.584433
5.586074
5.587631
5.589101
5.590483
5.591775
5.592978
5.594088
5.595106
5.596029
5.596859
5.597592
5.598229
5.598769
5.599212
5.599556
5.599802
5.599951
5.600000
5.599951
5.599802
5.599556
5.599212
5.598769
5.598229
5.597592
5.596859
5.596029
5.595106
5.594088
5.592978
5.591775
5.590483
5.589101
5.587631
5.586074
5.584433
5.582708
5.580902
5.579016
5.577051
5.575011
5.572897
5.570711
5.568455
5.566131
5.563743
5.561291
5.558779
5.556208
5.553583
5.550904
5.548175
5.545399
5.542578
5.539715
5.536812
5.533874
5.530902
5.527899
5.524869
5.521814
5.518738
5.515644
5.512533
5.509411
5.506279
5.503141
5.500000
5.496859
5.493721
5.490589
5.487467
5.484356
5.481262
5.478186
5.475131
5.472101
5.469098
5.466126
5.463188
5.460285
5.457422
5.454601
5.451825
5.449096
5.446417
5.443792
5.441221
5.438709
5.436257
5.433869
5.431545
5.429289
5.427103
5.424989
5.422949
5.420984
5.419098
5.417292
5.415567
5.413926
5.412369
5.410899
5.409517
5.408225
5.407022
5.405912
5.404894
5.403971
5.403141
5.402408
5.401771
5.401231
5.400788
5.400444
5.400198
5.400049
5.400000
5.400049
5.400198
5.400444
5.400788
5.401231
5.401771
5.402408
5.403141
5.403971
5.404894
5.405912
5.407022
5.408225
5.409517
5.410899
5.412369
5.413926
5.415567
5.417292
5.419098
5.420984
5.422949
5.424989
5.427103
5.429289
5.431545
5.433869
5.436257
5.438709
5.441221
5.443792
5.446417
5.449096
5.451825
5.454601
5.457422
5.460285
5.463188
5.466126
5.469098
5.472101
5.475131
5.478186
5.481262
5.484356
5.487467
5.490589
5.493721
5.496859
5.500000
5.503141
5.506279
5.509411
5.512533
5.515644
5.518738
5.521814
5.524869
5.527899
5.530902
5.533874
5.536812
5.539715
5.542578
5.545399
5.548175
5.550904
5.553583
5.556208
5.558779
5.561291
5.563743
5.566131
5.568455
5.570711
5.572897
5.575011
5.577051
5.579016
5.580902
5.582708
5.584433
5.586074
5.587631
5.589101
5.590483
5.591775
5.592978
5.594088
5.595106
5.596029
5.596859
5.597592
5.598229
5.598769
5.599212
5.599556
5.599802
5.599951
5.600000
5.599951
5.599802
5.599556
5.599212
5.598769
5.598229
5.597592
5.596859
5.596029
5.595106
5.594088
5.592978
5.591775
5.590483
5.589101
5.587631
5.586074
5.584433
5.582708
5.580902
5.579016
5.577051
5.575011
5.572897
5.570711
5.568455
5.566131
5.563743
5.561291
5.558779
5.556208
5.553583
5.550904
5.548175
5.545399
5.542578
5.539715
5.536812
5.533874
5.530902
5.527899
5.524869
5.521814
5.518738
5.515644
5.512533
5.509411
5.506279
5.503141
5.500000
5.496859
5.493721
5.490589
5.487467
5.484356
5.481262
5.478186
5.475131
5.472101
5.469098
5.466126
5.463188
5.460285
5.457422
5.454601
5.451825
5.449096
5.446417
5.443792
5.441221
5.438709
5.436257
5.433869
5.431545
5.429289
5.427103
5.424989
5.422949
5.420984
5.419098
5.417292
5.415567
5.413926
5.412369
5.410899
5.409517
5.408225
5.407022
5.405912
5.404894
5.403971
5.403141
5.402408
5.401771
5.401231
5.400788
5.400444
5.400198
5.400049
5.400000
5.400049
5.400198
5.400444
5.400788
5.401231
5.401771
5.402408
5.403141
5.403971
5.404894
5.405912
5.407022
5.408225
5.409517
5.410899
5.412369
5.413926
5.415567
5.417292
5.419098
5.420984
5.422949
5.424989
5.427103
5.429289
5.431545
5.433869
5.436257
5.438709
5.441221
5.443792
5.446417
5.449096
5.451825
5.454601
5.457422
5.460285
5.463188
5.466126
5.469098
5.472101
5.475131
5.478186
5.481262
5.484356
5.487467
5.490589
5.493721
5.496859
5.500000
5.503141
5.506279
5.509411
5.512533
5.515644
5.518738
5.521814
5.524869
5.527899
5.530902
5.533874
5.536812
5.539715
5.542578
5.545399
5.548175
5.550904
5.553583
5.556208
5.558779
5.561291
5.563743
5.566131
5.568455
5.570711
5.572897
5.575011
5.577051
5.579016
5.580902
5.582708
5.584433
5.586074
5.587631
5.589101
5.590483
5.591775
5.592978
5.594088
5.595106
5.596029
5.596859
5.597592
5.598229
5.598769
5.599212
5.599556
5.599802
5.599951
5.600000
5.599951
5.599802
5.599556
5.599212
5.598769
5.598229
5.597592
5.596859
5.596029
5.595106
5.594088
5.592978
5.591775
5.590483
5.589101
5.587631
5.586074
5.584433
5.582708
5.580902
5.579016
5.577051
5.575011
5.572897
5.570711
5.568455
5.566131
5.563743
5.561291
5.558779
5.556208
5.553583
5.550904
5.548175
5.545399
5.542578
5.539715
5.536812
5.533874
5.530902
5.527899
5.524869
5.521814
5.518738
5.515644
5.512533
5.509411
5.506279
5.503141
5.500000
5.496859
5.493721
5.490589
5.487467
5.484356
5.481262
5.478186
5.475131
5.472101
5.469098
5.466126
5.463188
5.460285
5.457422
5.454601
5.451825
5.449096
5.446417
5.443792
5.441221
5.438709
5.436257
5.433869
5.431545
5.429289
5.427103
5.424989
5.422949
5.420984
5.419098
5.417292
5.415567
5.413926
5.412369
5.410899
5.409517
5.408225
5.407022
5.405912
5.404894
5.403971
5.403141
5.402408
5.401771
5.401231
5.400788
5.400444
5.400198
5.400049
5.400000
5.400049
5.400198
5.400444
5.400788
5.401231
5.401771
5.402408
5.403141
5.403971
5.404894
5.405912
5.407022
5.408225
5.409517
5.410899
5.412369
5.413926
5.415567
5.417292
5.419098
5.420984
5.422949
5.424989
5.427103
5.429289
5.431545
5.433869
5.436257
5.438709
5.441221
5.443792
5.446417
5.449096
5.451825
5.454601
5.457422
5.460285
5.463188
5.466126
5.469098
5.472101
5.475131
5.478186
5.481262
5.484356
5.487467
5.490589
5.493721
5.496859
5.500000
5.503141
5.506279
5.509411
5.512533
5.515644
5.518738
5.521814
5.524869
5.527899
5.530902
5.533874
5.536812
5.539715
5.542578
5.545399
5.548175
5.550904
5.553583
5.556208
5.558779
5.561291
5.563743
5.566131
5.568455
5.570711
5.572897
5.575011
5.577051
5.579016
5.580902
5.582708
5.584433
5.586074
5.587631
5.589101
5.590483
5.591775
5.592978
5.594088
5.595106
5.596029
5.596859
5.597592
5.598229
5.598769
5.599212
5.599556
5.599802
5.599951
5.600000
5.599951
5.599802
5.599556
5.599212
5.598769
5.598229
5.597592
5.596859
5.596029
5.595106
5.594088
5.592978
5.591775
5.590483
5.589101
5.587631
5.586074
5.584433
5.582708
5.580902
5.579016
5.577051
5.575011
5.572897
5.570711
5.568455
5.566131
5.563743
5.561291
5.558779
5.556208
5.553583
5.550904
5.548175
5.545399
5.542578
5.539715
5.536812
5.533874
5.530902
5.527899
5.524869
5.521814
5.518738
5.515644
5.512533
5.509411
5.506279
5.503141
5.500000
5.496859
5.493721
5.490589
5.487467
5.484356
5.481262
5.478186
5.475131
5.472101
5.469098
5.466126
5.463188
5.460285
5.457422
5.454601
5.451825
5.449096
5.446417
5.443792
5.441221
5.438709
5.436257
5.433869
5.431545
5.429289
5.427103
5.424989
5.422949
5.420984
5.419098
5.417292
5.415567
5.413926
5.412369
5.410899
5.409517
5.408225
5.407022
5.405912
5.404894
5.403971
5.403141
5.402408
5.401771
5.401231
5.400788
5.400444
5.400198
5.400049
5.400000
5.400049
5.400198
5.400444
5.400788
5.401231
5.401771
5.402408
5.403141
5.403971
5.404894
5.405912
5.407022
5.408225
5.409517
5.410899
5.412369
5.413926
5.415567
5.417292
5.419098
5.420984
5.422949
5.424989
5.427103
5.429289
5.431545
5.433869
5.436257
5.438709
5.441221
5.443792
5.446417
5.449096
5.451825
5.454601
5.457422
5.460285
5.463188
5.466126
5.469098
5.472101
5.475131
5.478186
5.481262
5.484356
5.487467
5.490589
5.493721
5.496859
5.500000
5.503141
5.506279
5.509411
5.512533
5.515644
5.518738
5.521814
5.524869
5.527899
5.530902
5.533874
5.536812
5.539715
5.542578
5.545399
5.548175
5.550904
5.553583
5.556208
5.558779
5.561291
5.563743
5.566131
5.568455
5.570711
5.572897
5.575011
5.577051
5.579016
5.580902
5.582708
5.584433
5.586074
5.587631
5.589101
5.590483
5.591775
5.592978
5.594088
5.595106
5.596029
5.596859
5.597592
5.598229
5.598769
5.599212
5.599556
5.599802
5.599951
5.600000
5.599951
5.599802
5.599556
5.599212
5.598769
5.598229
5.597592
5.596859
5.596029
5.595106
5.594088
5.592978
5.591775
5.590483
5.589101
5.587631
5.586074
5.584433
5.582708
5.580902
5.579016
5.577051
5.575011
5.572897
5.570711
5.568455
5.566131
5.563743
5.561291
5.558779
5.556208
5.553583
5.550904
5.548175
5.545399
5.542578
5.539715
5.536812
5.533874
5.530902
5.527899
5.524869
5.521814
5.518738
5.515644
5.512533
5.509411
5.506279
5.503141
5.500000
5.496859
5.493721
5.490589
5.487467
5.484356
5.481262
5.478186
5.475131
5.472101
5.469098
5.466126
5.463188
5.460285
5.457422
5.454601
5.451825
5.449096
5.446417
5.443792
5.441221
5.438709
5.436257
5.433869
5.431545
5.429289
5.427103
5.424989
5.422949
5.420984
5.419098
5.417292
5.415567
5.413926
5.412369
5.410899
5.409517
5.408225
5.407022
5.405912
5.404894
5.403971
5.403141
5.402408
5.401771
5.401231
5.400788
5.400444
5.400198
5.400049
5.400000
5.400049
5.400198
5.400444
5.400788
5.401231
5.401771
5.402408
5.403141
5.403971
5.404894
5.405912
5.407022
5.408225
5.409517
5.410899
5.412369
5.413926
5.415567
5.417292
5.419098
5.420984
5.422949
5.424989
5.427103
5.429289
5.431545
5.433869
5.436257
5.438709
5.441221
5.443792
5.446417
5.449096
5.451825
5.454601
5.457422
5.460285
5.463188
5.466126
5.469098
5.472101
5.475131
5.478186
5.481262
5.484356
5.487467
5.490589
5.493721
5.496859
5.500000
5.503141
5.506279
5.509411
5.512533
5.515644
5.518738
5.521814
5.524869
5.527899
5.530902
5.533874
5.536812
5.539715
5.542578
5.545399
5.548175
5.550904
5.553583
5.556208
5.558779
5.561291
5.563743
5.566131
5.568455
5.570711
5.572897
5.575011
5.577051
5.579016
5.580902
5.582708
5.584433
5.586074
5.587631
5.589101
5.590483
5.591775
5.592978
5.594088
5.595106
5.596029
5.596859
5.597592
5.598229
5.598769
5.599212
5.599556
5.599802
5.599951
5.600000
5.599951
5.599802
5.599556
5.599212
5.598769
5.598229
5.597592
5.596859
5.596029
5.595106
5.594088
5.592978
5.591775
5.590483
5.589101
5.587631
5.586074
5.584433
5.582708
5.580902
5.579016
5.577051
5.575011
5.572897
5.570711
5.568455
5.566131
5.563743
5.561291
5.558779
5.556208
5.553583
5.550904
5.548175
5.545399
5.542578
5.539715
5.536812
5.533874
5.530902
5.527899
5.524869
5.521814
5.518738
5.515644
5.512533
5.509411
5.506279
5.503141
5.500000
5.496859
5.493721
5.490589
5.487467
5.484356
5.481262
5.478186
5.475131
5.472101
5.469098
5.466126
5.463188
5.460285
5.457422
5.454601
5.451825
5.449096
5.446417
5.443792
5.441221
5.438709
5.436257
5.433869
5.431545
5.429289
5.427103
5.424989
5.422949
5.420984
5.419098
5.417292
5.415567
5.413926
5.412369
5.410899
5.409517
5.408225
5.407022
5.405912
5.404894
5.403971
5.403141
5.402408
5.401771
5.401231
5.400788
5.400444
5.400198
5.400049
5.400000
5.400049
5.400198
5.400444
5.400788
5.401231
5.401771
5.402408
5.403141
5.403971
5.404894
5.405912
5.407022
5.408225
5.409517
5.410899
5.412369
5.413926
5.415567
5.417292
5.419098
5.420984
5.422949
5.424989
5.427103
5.429289
5.431545
5.433869
5.436257
5.438709
5.441221
5.443792
5.446417
5.449096
5.451825
5.454601
5.457422
5.460285
5.463188
5.466126
5.469098
5.472101
5.475131
5.478186
5.481262
5.484356
5.487467
5.490589
5.493721
5.496859
5.500000
5.503141
5.506279
5.509411
5.512533
5.515644
5.518738
5.521814
5.524869
5.527899
5.530902
5.533874
5.536812
5.539715
5.542578
5.545399
5.548175
5.550904
5.553583
5.556208
5.558779
5.561291
5.563743
5.566131
5.568455
5.570711
5.572897
5.575011
5.577051
5.579016
5.580902
5.582708
5.584433
5.586074
5.587631
5.589101
5.590483
5.591775
5.592978
5.594088
5.595106
5.596029
5.596859
5.597592
5.598229
5.598769
5.599212
5.599556
5.599802
5.599951
5.600000
5.599951
5.599802
5.599556
5.599212
5.598769
5.598229
5.597592
5.596859
5.596029
5.595106
5.594088
5.592978
5.591775
5.590483
5.589101
5.587631
5.586074
5.584433
5.582708
5.580902
5.579016
5.577051
5.575011
5.572897
5.570711
5.568455
5.566131
5.563743
5.561291
5.558779
5.556208
5.553583
5.550904
5.548175
5.545399
5.542578
5.539715
5.536812
5.533874
5.530902
5.527899
5.524869
5.521814
5.518738
5.515644
5.512533
5.509411
5.506279
5.503141
5.500000
5.496859
5.493721
5.490589
5.487467
5.484356
5.481262
5.478186
5.475131
5.472101
5.469098
5.466126
5.463188
5.460285
5.457422
5.454601
5.451825
5.449096
5.446417
5.443792
5.441221
5.438709
5.436257
5.433869
5.431545
5.429289
5.427103
5.424989
5.422949
5.420984
5.419098
5.417292
5.415567
5.413926
5.412369
5.410899
5.409517
5.408225
5.407022
5.405912
5.404894
5.403971
5.403141
5.402408
5.401771
5.401231
5.400788
5.400444
5.400198
5.400049
5.400000
5.400049
5.400198
5.400444
5.400788
5.401231
5.401771
5.402408
5.403141
5.403971
5.404894
5.405912
5.407022
5.408225
5.409517
5.410899
5.412369
5.413926
5.415567
5.417292
5.419098
5.420984
5.422949
5.424989
5.427103
5.429289
5.431545
5.433869
5.436257
5.438709
5.441221
5.443792
5.446417
5.449096
5.451825
5.454601
5.457422
5.460285
5.463188
5.466126
5.469098
5.472101
5.475131
5.478186
5.481262
5.484356
5.487467
5.490589
5.493721
5.496859
5.500000
5.503141
5.506279
5.509411
5.512533
5.515644
5.518738
5.521814
5.524869
5.527899
5.530902
5.533874
5.536812
5.539715
5.542578
5.545399
5.548175
5.550904
5.553583
5.556208
5.558779
5.561291
5.563743
5.566131
5.568455
5.570711
5.572897
5.575011
5.577051
5.579016
5.580902
5.582708
5.584433
5.586074
5.587631
5.589101
5.590483
5.591775
5.592978
5.594088
5.595106
5.596029
5.596859
5.597592
5.598229
5.598769
5.599212
5.599556
5.599802
5.599951
5.600000
5.599951
5.599802
5.599556
5.599212
5.598769
5.598229
5.597592
5.596859
5.596029
5.595106
5.594088
5.592978
5.591775
5.590483
5.589101
5.587631
5.586074
5.584433
5.582708
5.580902
5.579016
5.577051
5.575011
5.572897
5.570711
5.568455
5.566131
5.563743
5.561291
5.558779
5.556208
5.553583
5.550904
5.548175
5.545399
5.542578
5.539715
5.536812
5.533874
5.530902
5.527899
5.524869
5.521814
5.518738
5.515644
5.512533
5.509411
5.506279
5.503141
5.500000
5.496859
5.493721
5.490589
5.487467
5.484356
5.481262
5.478186
5.475131
5.472101
5.469098
5.466126
5.463188
5.460285
5.457422
5.454601
5.451825
5.449096
5.446417
5.443792
5.441221
5.438709
5.436257
5.433869
5.431545
5.429289
5.427103
5.424989
5.422949
5.420984
5.419098
5.417292
5.415567
5.413926
5.412369
5.410899
5.409517
5.408225
5.407022
5.405912
5.404894
5.403971
5.403141
5.402408
5.401771
5.401231
5.400788
5.400444
5.400198
5.400049
5.400000
5.400049
5.400198
5.400444
5.400788
5.401231
5.401771
5.402408
5.403141
5.403971
5.404894
5.405912
5.407022
5.408225
5.409517
5.410899
5.412369
5.413926
5.415567
5.417292
5.419098
5.420984
5.422949
5.424989
5.427103
5.429289
5.431545
5.433869
5.436257
5.438709
5.441221
5.443792
5.446417
5.449096
5.451825
5.454601
5.457422
5.460285
5.463188
5.466126
5.469098
5.472101
5.475131
5.478186
5.481262
5.484356
5.487467
5.490589
5.493721
5.496859
5.500000
5.503141
5.506279
5.509411
5.512533
5.515644
5.518738
5.521814
5.524869
5.527899
5.530902
5.533874
5.536812
5.539715
5.542578
5.545399
5.548175
5.550904
5.553583
5.556208
5.558778
5.561291
5.563742
5.566131
5.568455
5.570711
5.572897
5.575011
5.577051
5.579016
5.580902
5.582708
5.584433
5.586074
5.587631
5.589101
5.590483
5.591775
5.592978
5.594088
5.595106
5.596029
5.596859
5.597592
5.598229
5.598769
5.599212
5.599556
5.599802
5.599951
5.600000
5.599951
5.599802
5.599556
5.599212
5.598769
5.598229
5.597592
5.596859
5.596029
5.595106
5.594088
5.592978
5.591775
5.590483
5.589101
5.587631
5.586074
5.584433
5.582708
5.580902
5.579016
5.577051
5.575011
5.572897
5.570711
5.568455
5.566131
5.563742
5.561291
5.558778
5.556208
5.553583
5.550904
5.548175
5.545399
5.542578
5.539715
5.536812
5.533874
5.530902
5.527899
5.524869
5.521814
5.518738
5.515644
5.512533
5.509411
5.506279
5.503141
5.500000
5.496859
5.493721
5.490589
5.487467
5.484356
5.481262
5.478186
5.475131
5.472101
5.469098
5.466126
5.463188
5.460285
5.457422
5.454601
5.451825
5.449096
5.446417
5.443792
5.441222
5.438709
5.436258
5.433869
5.431545
5.429289
5.427103
5.424989
5.422949
5.420984
5.419098
5.417292
5.415567
5.413926
5.412369
5.410899
5.409517
5.408225
5.407022
5.405912
5.404894
5.403971
5.403141
5.402408
5.401771
5.401231
5.400788
5.400444
5.400198
5.400049
5.400000
5.400049
5.400198
5.400444
5.400788
5.401231
5.401771
5.402408
5.403141
5.403971
5.404894
5.405912
5.407022
5.408225
5.409517
5.410899
5.412369
5.413926
5.415567
5.417292
5.419098
5.420984
5.422949
5.424989
5.427103
5.429289
5.431545
5.433869
5.436258
5.438709
5.441222
5.443792
5.446417
5.449096
5.451825
5.454601
5.457422
5.460285
5.463188
5.466126
5.469098
5.472101
5.475131
5.478186
5.481262
5.484356
5.487467
5.490589
5.493721
5.496859
5.500000
5.503141
5.506279
5.509411
5.512533
5.515644
5.518738
5.521814
5.524869
5.527899
5.530901
5.533874
5.536812
5.539715
5.542578
5.545399
5.548175
5.550904
5.553582
5.556208
5.558778
5.561290
5.563742
5.566131
5.568454
5.570710
5.572896
5.575010
5.577050
5.579014
5.580900
5.582706
5.584431
5.586072
5.587629
5.589098
5.590480
5.591773
5.592975
5.594085
5.595102
5.596025
5.596854
5.597587
5.598223
5.598763
5.599205
5.599548
5.599794
5.599941
5.599990
5.599939
5.599791
5.599543
5.599197
5.598753
5.598211
5.597573
5.596838
5.596007
5.595081
5.594062
5.592949
5.591744
5.590449
5.589065
5.587592
5.586032
5.584388
5.582660
5.580850
5.578960
5.576992
5.574948
5.572829
5.570639
5.568378
5.566051
5.563657
5.561201
5.558684
5.556109
5.553479
5.550797
5.548064
5.545284
5.542459
5.539594
5.536689
5.533750
5.530777
5.527776
5.524749
5.521699
5.518630
5.515544
5.512446
5.509339
5.506227
5.503112
5.500000
5.496893
5.493796
5.490713
5.487647
5.484603
5.481585
5.478597
5.475644
5.472731
5.469862
5.467041
5.464275
5.461567
5.458924
5.456351
5.453853
5.451436
5.449106
5.446868
5.444730
5.442697
5.440775
5.438972
5.437294
5.435747
5.434338
5.433073
5.431958
5.431000
5.430205
5.429577
5.429122
5.428843
5.428745
5.428830
5.429100
5.429554
5.430193
5.431015
5.432014
5.433188
5.434529
5.436028
5.437677
5.439465
5.441378
5.443403
5.445526
5.447730
5.450000
5.452320
5.454672
5.457041
5.459411
5.461766
5.464094
5.466380
5.468613
5.470783
5.472880
5.474897
5.476829
5.478670
5.480417
5.482069
5.483624
5.485083
5.486445
5.487715
5.488894
5.489985
5.490991
5.491916
5.492765
5.493542
5.494251
5.494896
5.495482
5.496012
5.496491
5.496923
5.497312
5.497660
5.497972
5.498250
5.498498
5.498718
5.498913
5.499085
5.499237
5.499370
5.499487
5.499588
5.499677
5.499754
5.499820
5.499876
5.499925
5.499966
5.500000
