-4.124911
-4.457301
-4.552974
-4.808431
-4.834075
-5.035614
-5.015558
-5.181918
-5.133588
-5.277919
-5.209535
-5.339071
-5.260166
-5.381483
-5.295016
-5.409758
-5.317043
-5.428826
-5.332825
-5.440005
-5.342688
-5.447238
-5.351565
-5.457430
-5.355839
-5.459074
-5.358469
-5.460718
-5.364058
-5.469594
-5.370634
-5.475513
-5.375565
-5.479129
-5.379839
-5.482745
-5.384113
-5.486362
-5.386086
-5.489321
-5.389045
-5.487677
-5.388716
-5.489650
-5.389045
-5.485704
-5.385757
-5.485047
-5.382470
-5.480444
-5.376552
-5.473211
-5.365373
-5.462361
-5.357482
-5.450197
-5.341702
-5.431786
-5.327235
-5.421265
-5.315400
-5.406799
-5.300276
-5.391346
-5.284166
-5.375565
-5.271015
-5.361099
-5.257535
-5.351236
-5.248987
-5.341372
-5.240768
-5.336770
-5.236494
-5.333482
-5.231562
-5.330852
-5.236165
-5.336112
-5.241755
-5.344989
-5.253919
-5.358798
-5.270358
-5.373592
-5.287454
-5.396278
-5.310468
-5.420279
-5.333482
-5.440333
-5.357482
-5.467293
-5.380826
-5.490307
-5.407456
-5.515952
-5.433429
-5.540609
-5.457430
-5.566911
-5.480773
-5.590254
-5.498527
-5.603405
-5.516609
-5.619186
-5.529760
-5.632666
-5.541924
-5.644502
-5.552774
-5.653050
-5.554418
-5.650749
-5.553432
-5.650749
-5.552445
-5.646146
-5.543569
-5.636283
-5.533048
-5.621159
-5.517267
-5.603734
-5.498198
-5.584008
-5.476499
-5.560994
-5.452498
-5.535678
-5.427511
-5.509048
-5.398908
-5.480444
-5.371291
-5.449211
-5.342359
-5.422580
-5.317372
-5.399237
-5.293372
-5.376223
-5.271673
-5.356167
-5.253262
-5.336441
-5.235179
-5.320989
-5.222028
-5.309153
-5.211507
-5.296988
-5.198685
-5.292057
-5.199014
-5.291070
-5.200000
-5.296002
-5.206904
-5.304221
-5.217096
-5.316057
-5.231891
-5.333153
-5.249645
-5.348606
-5.268714
-5.373264
-5.293372
-5.396935
-5.314085
-5.419621
-5.343017
-5.449211
-5.371291
-5.478143
-5.399566
-5.506417
-5.426854
-5.530746
-5.452827
-5.558363
-5.476499
-5.577432
-5.494910
-5.599131
-5.515952
-5.614583
-5.531733
-5.632009
-5.546527
-5.645160
-5.558034
-5.654037
-5.563624
-5.653708
-5.564610
-5.656995
-5.563952
-5.654365
-5.556062
-5.643187
-5.544555
-5.627077
-5.529102
-5.611625
-5.514307
-5.595186
-5.492609
-5.570857
-5.468937
-5.547185
-5.444608
-5.520226
-5.418306
-5.495896
-5.390360
-5.466636
-5.361099
-5.437704
-5.336770
-5.413374
-5.309811
-5.384113
-5.286796
-5.364716
-5.264440
-5.344003
-5.248987
-5.326249
-5.232549
-5.311126
-5.220384
-5.302906
-5.213480
-5.298632
-5.206247
-5.288769
-5.200986
-5.289755
-5.206904
-5.296659
-5.216110
-5.303564
-5.226302
-5.319345
-5.238467
-5.335455
-5.256878
-5.355181
-5.282194
-5.379839
-5.307838
-5.407785
-5.336112
-5.434744
-5.359127
-5.459403
-5.388387
-5.488006
-5.416991
-5.514307
-5.442635
-5.540609
-5.468937
-5.564939
-5.488006
-5.584994
-5.511020
-5.604392
-5.530089
-5.622474
-5.545541
-5.634639
-5.557377
-5.647461
-5.567898
-5.656009
-5.570857
-5.655680
-5.573158
-5.655680
-5.567898
-5.649763
-5.563624
-5.640885
-5.549158
-5.623132
-5.534363
-5.609323
-5.517924
-5.591241
-5.498527
-5.569541
-5.474526
-5.544226
-5.450197
-5.516609
-5.422909
-5.488335
-5.390689
-5.459731
-5.366688
-5.433758
-5.340715
-5.406141
-5.315071
-5.379839
-5.288440
-5.358469
-5.269700
-5.341044
-5.253919
-5.324276
-5.239782
-5.309811
-5.226960
-5.301262
-5.220384
-5.295673
-5.215781
-5.294029
-5.213151
-5.289426
-5.215781
-5.295344
-5.224658
-5.308496
-5.239453
-5.322304
-5.255234
-5.343017
-5.277262
-5.364716
-5.301262
-5.389374
-5.324605
-5.411730
-5.350250
-5.440333
-5.378853
-5.469265
-5.407127
-5.497211
-5.433758
-5.524171
-5.461704
-5.550802
-5.486362
-5.570857
-5.507075
-5.592885
-5.528116
-5.612611
-5.546527
-5.630365
-5.560994
-5.642858
-5.573158
-5.652721
-5.578747
-5.653050
-5.581378
-5.656667
-5.582035
-5.654694
-5.578419
-5.647461
-5.569541
-5.637598
-5.557706
-5.623789
-5.540281
-5.604392
-5.521212
-5.580062
-5.497211
-5.558034
-5.469594
-5.528445
-5.444608
-5.500170
-5.417648
-5.476170
-5.392004
-5.449539
-5.366031
-5.423895
-5.341044
-5.399237
-5.317701
-5.376552
-5.295344
-5.354853
-5.275618
-5.336770
-5.256549
-5.318358
-5.242741
-5.306523
-5.233206
-5.298632
-5.226960
-5.294029
-5.222357
-5.291728
-5.225973
-5.296331
-5.227617
-5.301262
-5.240110
-5.314413
-5.252933
-5.329865
-5.270687
-5.349592
-5.293043
-5.370962
-5.316386
-5.394963
-5.338414
-5.418963
-5.367346
-5.447896
-5.391675
-5.473540
-5.421922
-5.502472
-5.445923
-5.523842
-5.471238
-5.551788
-5.498527
-5.576117
-5.518910
-5.596172
-5.541596
-5.612940
-5.557706
-5.629050
-5.571514
-5.641214
-5.582035
-5.651078
-5.588282
-5.655352
-5.591898
-5.656338
-5.590254
-5.651406
-5.582035
-5.641872
-5.573487
-5.631680
-5.560007
-5.613926
-5.541596
-5.595843
-5.520555
-5.572172
-5.497869
-5.548829
-5.473868
-5.523513
-5.446909
-5.495896
-5.420607
-5.466636
-5.391017
-5.436388
-5.363729
-5.411730
-5.335126
-5.385428
-5.314742
-5.365373
-5.294687
-5.341702
-5.271673
-5.321646
-5.256220
-5.310797
-5.244384
-5.299290
-5.237152
-5.290084
-5.230905
-5.287783
-5.230247
-5.287783
-5.229261
-5.291070
-5.237480
-5.301920
-5.249974
-5.315400
-5.266741
-5.332825
-5.284495
-5.350907
-5.306523
-5.377538
-5.331510
-5.402196
-5.358469
-5.427511
-5.385757
-5.457101
-5.413703
-5.484718
-5.440662
-5.512664
-5.465978
-5.537322
-5.491951
-5.562309
-5.516938
-5.584008
-5.538966
-5.603734
-5.555733
-5.620502
-5.572172
-5.634968
-5.582364
-5.644502
-5.592227
-5.651078
-5.595515
-5.654037
-5.599460
-5.652721
-5.596501
-5.648776
-5.589597
-5.639899
-5.579734
-5.626748
-5.565268
-5.610310
-5.543569
-5.586967
-5.522856
-5.565268
-5.499842
-5.536664
-5.471567
-5.510034
-5.444936
-5.483403
-5.418306
-5.456772
-5.391017
-5.430141
-5.366031
-5.404497
-5.338414
-5.377209
-5.315071
-5.356167
-5.294358
-5.335455
-5.277919
-5.316057
-5.260494
-5.302577
-5.249645
-5.294029
-5.243398
-5.289755
-5.240439
-5.288440
-5.237480
-5.284824
-5.241426
-5.292386
-5.246686
-5.302577
-5.262796
-5.317701
-5.279892
-5.335455
-5.299618
-5.359455
-5.324276
-5.384113
-5.346962
-5.408772
-5.375565
-5.436388
-5.402196
-5.463676
-5.431786
-5.492609
-5.460060
-5.519239
-5.485704
-5.544555
-5.510034
-5.568555
-5.534363
-5.588611
-5.551130
-5.607679
-5.570199
-5.624447
-5.585980
-5.634639
-5.592556
-5.643516
-5.601761
-5.649434
-5.606693
-5.650420
-5.605378
-5.649105
-5.603076
-5.643187
-5.591569
-5.630036
-5.579734
-5.616228
-5.565597
-5.599460
-5.547514
-5.577761
-5.523842
-5.553761
-5.496225
-5.526472
-5.470910
-5.499184
-5.444279
-5.467950
-5.415347
-5.443950
-5.389374
-5.414032
-5.362743
-5.391017
-5.339071
-5.368332
-5.315071
-5.344989
-5.296988
-5.328550
-5.281865
-5.314413
-5.269372
-5.302906
-5.259179
-5.293043
-5.251289
-5.287783
-5.249645
-5.286796
-5.250960
-5.290084
-5.256220
-5.298304
-5.266412
-5.309811
-5.280221
-5.323619
-5.295344
-5.339071
-5.316057
-5.361099
-5.339071
-5.388716
-5.364387
-5.412716
-5.390689
-5.440991
-5.419950
-5.469594
-5.448553
-5.494910
-5.474855
-5.520226
-5.496882
-5.545870
-5.524499
-5.571186
-5.548500
-5.589597
-5.566254
-5.605049
-5.580391
-5.622146
-5.594200
-5.634639
-5.606693
-5.644173
-5.612611
-5.648776
-5.615570
-5.646146
-5.613926
-5.643516
-5.606036
-5.633981
-5.597487
-5.622474
-5.579734
-5.604063
-5.564939
-5.584994
-5.544226
-5.565597
-5.519568
-5.537322
-5.493924
-5.510362
-5.464663
-5.483732
-5.440333
-5.455786
-5.413374
-5.429813
-5.388387
-5.405155
-5.363400
-5.380497
-5.340386
-5.357811
-5.320003
-5.338085
-5.301591
-5.320660
-5.283837
-5.305536
-5.267727
-5.289755
-5.260166
-5.285152
-5.256549
-5.281865
-5.251946
-5.281536
-5.257207
-5.286796
-5.262796
-5.291728
-5.272659
-5.303893
-5.288440
-5.322633
-5.307509
-5.344989
-5.331510
-5.369647
-5.356496
-5.393977
-5.382798
-5.418306
-5.407785
-5.447896
-5.435402
-5.474526
-5.464005
-5.502800
-5.490307
-5.528774
-5.516609
-5.551459
-5.539623
-5.571186
-5.559679
-5.593214
-5.575459
-5.608994
-5.589597
-5.620173
-5.600118
-5.629707
-5.611953
-5.638255
-5.618200
-5.641543
-5.620502
-5.642200
-5.619186
-5.637598
-5.611625
-5.628392
-5.597158
-5.611625
-5.583350
-5.595186
-5.565597
-5.574473
-5.544226
-5.553432
-5.520226
-5.528116
-5.496225
-5.498198
-5.466636
-5.472882
-5.438690
-5.445594
-5.413374
-5.415347
-5.382470
-5.389702
-5.359455
-5.367017
-5.334140
-5.343345
-5.314413
-5.322961
-5.297646
-5.308167
-5.284824
-5.296331
-5.274303
-5.286796
-5.267070
-5.280879
-5.263453
-5.280221
-5.261481
-5.280221
-5.266741
-5.286139
-5.272001
-5.295673
-5.284824
-5.308496
-5.303235
-5.328222
-5.320989
-5.347948
-5.342030
-5.367346
-5.363729
-5.392333
-5.392333
-5.420936
-5.422251
-5.449868
-5.449868
-5.478143
-5.478800
-5.505431
-5.502472
-5.528774
-5.528445
-5.553103
-5.552117
-5.574473
-5.573487
-5.595186
-5.592556
-5.611625
-5.607351
-5.621159
-5.617214
-5.632009
-5.624775
-5.638584
-5.626420
-5.639570
-5.628721
-5.636611
-5.624118
-5.630365
-5.616228
-5.620831
-5.603076
-5.604721
-5.586309
-5.586309
-5.567240
-5.565268
-5.543569
-5.540609
-5.520226
-5.514637
-5.493595
-5.488335
-5.466964
-5.457101
-5.436717
-5.432114
-5.410744
-5.405484
-5.382141
-5.376552
-5.358798
-5.354524
-5.337756
-5.331510
-5.312769
-5.311783
-5.298961
-5.294687
-5.282522
-5.284824
-5.276276
-5.277919
-5.269372
-5.273645
-5.263453
-5.271015
-5.265755
-5.274303
-5.272988
-5.282194
-5.283837
-5.294358
-5.296659
-5.310468
-5.313098
-5.323948
-5.332167
-5.348606
-5.358469
-5.373264
-5.379839
-5.394963
-5.407785
-5.421922
-5.435073
-5.453156
-5.464005
-5.480773
-5.492938
-5.509048
-5.520555
-5.535349
-5.545541
-5.558363
-5.563952
-5.577432
-5.585980
-5.596172
-5.603405
-5.610967
-5.616228
-5.619844
-5.625104
-5.630036
-5.632995
-5.633324
-5.634639
-5.634310
-5.629707
-5.628721
-5.626748
-5.620173
-5.616556
-5.609652
-5.600446
-5.590912
-5.582364
-5.572172
-5.559350
-5.546856
-5.537980
-5.525157
-5.514637
-5.499184
-5.487677
-5.473211
-5.461046
-5.444936
-5.433758
-5.418306
-5.407785
-5.392333
-5.380497
-5.366360
-5.358140
-5.340715
-5.334797
-5.319674
-5.314742
-5.298961
-5.297317
-5.284824
-5.284495
-5.272988
-5.274961
-5.266741
-5.270358
-5.265755
-5.270029
-5.263453
-5.270029
-5.268714
-5.279234
-5.279563
-5.290741
-5.294029
-5.307838
-5.310468
-5.325921
-5.331510
-5.348277
-5.353209
-5.372606
-5.379182
-5.398579
-5.404497
-5.426525
-5.431786
-5.451841
-5.457758
-5.479129
-5.485704
-5.507075
-5.512664
-5.533377
-5.536993
-5.555404
-5.559350
-5.578419
-5.579405
-5.596830
-5.596830
-5.610967
-5.609323
-5.624447
-5.621159
-5.633653
-5.626748
-5.639242
-5.630036
-5.639899
-5.626091
-5.634310
-5.622474
-5.625762
-5.612611
-5.616885
-5.599789
-5.601433
-5.580062
-5.581048
-5.560994
-5.560994
-5.538966
-5.537322
-5.514637
-5.510034
-5.487020
-5.480444
-5.457758
-5.453485
-5.428826
-5.427183
-5.403840
-5.397593
-5.374907
-5.372935
-5.349263
-5.350250
-5.326907
-5.330852
-5.310139
-5.312112
-5.293043
-5.298304
-5.280221
-5.288111
-5.268714
-5.278906
-5.264440
-5.276276
-5.263782
-5.273316
-5.261152
-5.274961
-5.265426
-5.283180
-5.273645
-5.296659
-5.292386
-5.312112
-5.309482
-5.335455
-5.332496
-5.357811
-5.356496
-5.385428
-5.383456
-5.411730
-5.409429
-5.439676
-5.434416
-5.464992
-5.463348
-5.492938
-5.490965
-5.520555
-5.517595
-5.545541
-5.539294
-5.567569
-5.561980
-5.587624
-5.577761
-5.604063
-5.591569
-5.616885
-5.605378
-5.628392
-5.616556
-5.637598
-5.622474
-5.638584
-5.622474
-5.639242
-5.616556
-5.634639
-5.612282
-5.627406
-5.602748
-5.616228
-5.589597
-5.600446
-5.567569
-5.576775
-5.547185
-5.553432
-5.519568
-5.528774
-5.496225
-5.504445
-5.470252
-5.477814
-5.443950
-5.449539
-5.411730
-5.420279
-5.385757
-5.394305
-5.361099
-5.371620
-5.338085
-5.345975
-5.315400
-5.326578
-5.294358
-5.310468
-5.282194
-5.297975
-5.270358
-5.285152
-5.260494
-5.281865
-5.254248
-5.274632
-5.249974
-5.276933
-5.255234
-5.283180
-5.264111
-5.294358
-5.277591
-5.309482
-5.294358
-5.324934
-5.312112
-5.348277
-5.331181
-5.368332
-5.354853
-5.392004
-5.380826
-5.418306
-5.408114
-5.447896
-5.436388
-5.478471
-5.466636
-5.506417
-5.489650
-5.531404
-5.512992
-5.555076
-5.539623
-5.579076
-5.559679
-5.598145
-5.578090
-5.615241
-5.593871
-5.628392
-5.604721
-5.637598
-5.611953
-5.645160
-5.615570
-5.647132
-5.617543
-5.646803
-5.613597
-5.640885
-5.605378
-5.631351
-5.593214
-5.616228
-5.576446
-5.599131
-5.557048
-5.574473
-5.529102
-5.549158
-5.505760
-5.526472
-5.480773
-5.499513
-5.454142
-5.472553
-5.422251
-5.442964
-5.397922
-5.418306
-5.368332
-5.390689
-5.343674
-5.367017
-5.323290
-5.345975
-5.300276
-5.322304
-5.279892
-5.308496
-5.265755
-5.296988
-5.258193
-5.289098
-5.251946
-5.284824
-5.248987
-5.285481
-5.248001
-5.285481
-5.252604
-5.292714
-5.261809
-5.305536
-5.272330
-5.318358
-5.291399
-5.338414
-5.311454
-5.358140
-5.334468
-5.380826
-5.354195
-5.406799
-5.382798
-5.434087
-5.411073
-5.462361
-5.435731
-5.490307
-5.464992
-5.516609
-5.490636
-5.540938
-5.514307
-5.567240
-5.536335
-5.589268
-5.558034
-5.608008
-5.575459
-5.624775
-5.588282
-5.635296
-5.594857
-5.642200
-5.601104
-5.643516
-5.603734
-5.646475
-5.604392
-5.645817
-5.600446
-5.639242
-5.587624
-5.622803
-5.569870
-5.606693
-5.551788
-5.586638
-5.534692
-5.565268
-5.510034
-5.542253
-5.483403
-5.513979
-5.455457
-5.486362
-5.430141
-5.462361
-5.403182
-5.435731
-5.376880
-5.409758
-5.352222
-5.386744
-5.330194
-5.364716
-5.307509
-5.343345
-5.288111
-5.325921
-5.270029
-5.306523
-5.252275
-5.296002
-5.246028
-5.287783
-5.240110
-5.281865
-5.236823
-5.284495
-5.239124
-5.286796
-5.245042
-5.297646
-5.255234
-5.311454
-5.270687
-5.328222
-5.289755
-5.349263
-5.311126
-5.372277
-5.335455
-5.397593
-5.357482
-5.418634
-5.384113
-5.448553
-5.414032
-5.477814
-5.439676
-5.501157
-5.465321
-5.530417
-5.491622
-5.555404
-5.514965
-5.576117
-5.534363
-5.593542
-5.552445
-5.612611
-5.569213
-5.630036
-5.582693
-5.637269
-5.589926
-5.646803
-5.596501
-5.649105
-5.596501
-5.649434
-5.595186
-5.646803
-5.589268
-5.638913
-5.578419
-5.623789
-5.562309
-5.608666
-5.545212
-5.589926
-5.524499
-5.566911
-5.498527
-5.541267
-5.474197
-5.513321
-5.446251
-5.484060
-5.416662
-5.456443
-5.389702
-5.431457
-5.363400
-5.406470
-5.334797
-5.380168
-5.314413
-5.358140
-5.292714
-5.339400
-5.275289
-5.323619
-5.258851
-5.306851
-5.247344
-5.296988
-5.233864
-5.288111
-5.229589
-5.285810
-5.230247
-5.288769
-5.230905
-5.288440
-5.237152
-5.301920
-5.251289
-5.317372
-5.267727
-5.335783
-5.288111
-5.356825
-5.310468
-5.381812
-5.335783
-5.408114
-5.360113
-5.434416
-5.385099
-5.460389
-5.415018
-5.489321
-5.441978
-5.515952
-5.468937
-5.542582
-5.494253
-5.567569
-5.517924
-5.586309
-5.535020
-5.603076
-5.551130
-5.620831
-5.564610
-5.634968
-5.579076
-5.647132
-5.587624
-5.653379
-5.589268
-5.654037
-5.586638
-5.650420
-5.585651
-5.646475
-5.578747
-5.637598
-5.566911
-5.624118
-5.551130
-5.606364
-5.530417
-5.581706
-5.507403
-5.559021
-5.482088
-5.530417
-5.453485
-5.506417
-5.427840
-5.480115
-5.401538
-5.450197
-5.369318
-5.421594
-5.344989
-5.395292
-5.316386
-5.367675
-5.293372
-5.349592
-5.274632
-5.333153
-5.258193
-5.317701
-5.245699
-5.306523
-5.235507
-5.299290
-5.229261
-5.290084
-5.222685
-5.290084
-5.220713
-5.289098
-5.226302
-5.298304
-5.235507
-5.309482
-5.247344
-5.325592
-5.266741
-5.345318
-5.287783
-5.368661
-5.312112
-5.392990
-5.332825
-5.417319
-5.358798
-5.443293
-5.387730
-5.472553
-5.416662
-5.501485
-5.442635
-5.528116
-5.465649
-5.551459
-5.490636
-5.575459
-5.514307
-5.596172
-5.532390
-5.614583
-5.549815
-5.631351
-5.564610
-5.643187
-5.575131
-5.652721
-5.582364
-5.658639
-5.584994
-5.658968
-5.583350
-5.655680
-5.573816
-5.646475
-5.565925
-5.635296
-5.550144
-5.616556
-5.533377
-5.600118
-5.513979
-5.577761
-5.490965
-5.554747
-5.462361
-5.527787
-5.435731
-5.499184
-5.410415
-5.468937
-5.381155
-5.444279
-5.355181
-5.418963
-5.328879
-5.393648
-5.303893
-5.370962
-5.283180
-5.345975
-5.260166
-5.328550
-5.245042
-5.316386
-5.231891
-5.304221
-5.219069
-5.294687
-5.216110
-5.292714
-5.215124
-5.293701
-5.216439
-5.296659
-5.222028
-5.306523
-5.232549
-5.319016
-5.243727
-5.333153
-5.263782
-5.354524
-5.286468
-5.376552
-5.308496
-5.398908
-5.328879
-5.424881
-5.358140
-5.454142
-5.387401
-5.482745
-5.414361
-5.510362
-5.442306
-5.537980
-5.467293
-5.561322
-5.489978
-5.584665
-5.507732
-5.602748
-5.527787
-5.621159
-5.544884
-5.632338
-5.556062
-5.644831
-5.564939
-5.652721
-5.570199
-5.656338
-5.572172
-5.657653
-5.570199
-5.653379
-5.564281
-5.644502
-5.552774
-5.632666
-5.538308
-5.616228
-5.520226
-5.593542
-5.492609
-5.569870
-5.471896
-5.546856
-5.447238
-5.521212
-5.421265
-5.493595
-5.392333
-5.464663
-5.363400
-5.437375
-5.337099
-5.412059
-5.308496
-5.385099
-5.285481
-5.359784
-5.263782
-5.342688
-5.248001
-5.327893
-5.229261
-5.312112
-5.219398
-5.303235
-5.211178
-5.296988
-5.206575
-5.293043
-5.204274
-5.293701
-5.206575
-5.299618
-5.214795
-5.309811
-5.222685
-5.321975
-5.237480
-5.338414
-5.258522
-5.361099
-5.282522
-5.385757
-5.304550
-5.410415
-5.332825
-5.434744
-5.358140
-5.464663
-5.383127
-5.489978
-5.408114
-5.516280
-5.436059
-5.543569
-5.463348
-5.569870
-5.485704
-5.591898
-5.506417
-5.609981
-5.524171
-5.628063
-5.540938
-5.639899
-5.550144
-5.648776
-5.558692
-5.655680
-5.561980
-5.657653
-5.562637
-5.656995
-5.559679
-5.651406
-5.550144
-5.641543
-5.535678
-5.624447
-5.519239
-5.606693
-5.499842
-5.583350
-5.477485
-5.562637
-5.454800
-5.539294
-5.430141
-5.512992
-5.402853
-5.485375
-5.375894
-5.458416
-5.348935
-5.430799
-5.318358
-5.403511
-5.293372
-5.378853
-5.271344
-5.356496
-5.250960
-5.338414
-5.234850
-5.324605
-5.222028
-5.313098
-5.211178
-5.304221
-5.203617
-5.298961
-5.200658
-5.295673
-5.198685
-5.298304
-5.203288
-5.305208
-5.211836
-5.315071
-5.224658
-5.331838
-5.242412
-5.350907
-5.262796
-5.369976
-5.283837
-5.396607
-5.309811
-5.422251
-5.336770
-5.449539
-5.362085
-5.476499
-5.387072
-5.502800
-5.415018
-5.526472
-5.439676
-5.551788
-5.462361
-5.576117
-5.482745
-5.595843
-5.504773
-5.615899
-5.521870
-5.632666
-5.536664
-5.642529
-5.544884
-5.651406
-5.548500
-5.654365
-5.553103
-5.657324
-5.554089
-5.653708
-5.547514
-5.644502
-5.536335
-5.634310
-5.524499
-5.619844
-5.507403
-5.600446
-5.483074
-5.574144
-5.460060
-5.553432
-5.437375
-5.529760
-5.413045
-5.502143
-5.385757
-5.475841
-5.358140
-5.444279
-5.327893
-5.419621
-5.303893
-5.394634
-5.277262
-5.369976
-5.254248
-5.349263
-5.236494
-5.332825
-5.221042
-5.319016
-5.209863
-5.309153
-5.199343
-5.298961
-5.192438
-5.295344
-5.190137
-5.296002
-5.193753
-5.300276
-5.195068
-5.302906
-5.205260
-5.319016
-5.221370
-5.337099
-5.237480
-5.355510
-5.261152
-5.377538
-5.284495
-5.403182
-5.306851
-5.427511
-5.332496
-5.454142
-5.361757
-5.483403
-5.391017
-5.511020
-5.416333
-5.535020
-5.440005
-5.561651
-5.463019
-5.582693
-5.486362
-5.604721
-5.506088
-5.624118
-5.522527
-5.637927
-5.533705
-5.648448
-5.543897
-5.654037
-5.547185
-5.657982
-5.550144
-5.657653
-5.546199
-5.653379
-5.539623
-5.640885
-5.527459
-5.630365
-5.513321
-5.615570
-5.496554
-5.595186
-5.474526
-5.572501
-5.447567
-5.542911
-5.422580
-5.518910
-5.392662
-5.488992
-5.367675
-5.463676
-5.341702
-5.437704
-5.315071
-5.408114
-5.288769
-5.385757
-5.267070
-5.365702
-5.246686
-5.345318
-5.227288
-5.325921
-5.208548
-5.313098
-5.198685
-5.304221
-5.188822
-5.296331
-5.186192
-5.296002
-5.183890
-5.294687
-5.188493
-5.301262
-5.197370
-5.311454
-5.208877
-5.326578
-5.223672
-5.343674
-5.243398
-5.364716
-5.263782
-5.386415
-5.285810
-5.407785
-5.309482
-5.434744
-5.338414
-5.460389
-5.365045
-5.491951
-5.392333
-5.518910
-5.417319
-5.542253
-5.443950
-5.568884
-5.468279
-5.592885
-5.487020
-5.609323
-5.506088
-5.626748
-5.522198
-5.641543
-5.534034
-5.651735
-5.538966
-5.656009
-5.543569
-5.659297
-5.545541
-5.653708
-5.536007
-5.647461
-5.530089
-5.639242
-5.519568
-5.625762
-5.504116
-5.605378
-5.482417
-5.586638
-5.460060
-5.562637
-5.434087
-5.534692
-5.406141
-5.508390
-5.381812
-5.482417
-5.355181
-5.452498
-5.324605
-5.425868
-5.300276
-5.401209
-5.276933
-5.377209
-5.254248
-5.357811
-5.236165
-5.340386
-5.214795
-5.322304
-5.202959
-5.312112
-5.193425
-5.303235
-5.187178
-5.298304
-5.183233
-5.293701
-5.181589
-5.294029
-5.182904
-5.301262
-5.194082
-5.314413
-5.207562
-5.330852
-5.225316
-5.347948
-5.243727
-5.370634
-5.266412
-5.394963
-5.292386
-5.420936
-5.319345
-5.448882
-5.342688
-5.474855
-5.373264
-5.503787
-5.400881
-5.529102
-5.425539
-5.554418
-5.450197
-5.579405
-5.472225
-5.600775
-5.490636
-5.617214
-5.508390
-5.633324
-5.520883
-5.645488
-5.529102
-5.649105
-5.535678
-5.656995
-5.539952
-5.659297
-5.535678
-5.654694
-5.532390
-5.647461
-5.519897
-5.632995
-5.507403
-5.619186
-5.490307
-5.597816
-5.470252
-5.579405
-5.448882
-5.557048
-5.425868
-5.527787
-5.393319
-5.500499
-5.368661
-5.474526
-5.343017
-5.446909
-5.314085
-5.417319
-5.287454
-5.390689
-5.261481
-5.370962
-5.240110
-5.350250
-5.223014
-5.334140
-5.207891
-5.320989
-5.195397
-5.309482
-5.186849
-5.300276
-5.179616
-5.296988
-5.177972
-5.297317
-5.178958
-5.298632
-5.183890
-5.308824
-5.191452
-5.319345
-5.208548
-5.337099
-5.226960
-5.356167
-5.248001
-5.380826
-5.272001
-5.405812
-5.296659
-5.430470
-5.322961
-5.458416
-5.350578
-5.485704
-5.373921
-5.507075
-5.400223
-5.536664
-5.427183
-5.562966
-5.452169
-5.586309
-5.474197
-5.604063
-5.490965
-5.621159
-5.506088
-5.637598
-5.517267
-5.642858
-5.525815
-5.654037
-5.533705
-5.658639
-5.535678
-5.659297
-5.533377
-5.655023
-5.527459
-5.647461
-5.515952
-5.633324
-5.501485
-5.616556
-5.480773
-5.595186
-5.459731
-5.569213
-5.431786
-5.540938
-5.406141
-5.514637
-5.379510
-5.490307
-5.353538
-5.464334
-5.327893
-5.438032
-5.302906
-5.413703
-5.277591
-5.388387
-5.255563
-5.367346
-5.235179
-5.347948
-5.217096
-5.329537
-5.201315
-5.318030
-5.190794
-5.308167
-5.181589
-5.296659
-5.174356
-5.295673
-5.174685
-5.297975
-5.176986
-5.300933
-5.181260
-5.310139
-5.196055
-5.326249
-5.213480
-5.344332
-5.229589
-5.363729
-5.254248
-5.388387
-5.279234
-5.414361
-5.304879
-5.438032
-5.331510
-5.468608
-5.359784
-5.495568
-5.386086
-5.522527
-5.412059
-5.548172
-5.438361
-5.573158
-5.460718
-5.591898
-5.479786
-5.612282
-5.496554
-5.628063
-5.509376
-5.640228
-5.523513
-5.652721
-5.533048
-5.659297
-5.537322
-5.660941
-5.536993
-5.657653
-5.532390
-5.651735
-5.521870
-5.637598
-5.510034
-5.621817
-5.492609
-5.606693
-5.474526
-5.586309
-5.452498
-5.560336
-5.428169
-5.537980
-5.402524
-5.511677
-5.377538
-5.482745
-5.345318
-5.453813
-5.320660
-5.428826
-5.295016
-5.405155
-5.272659
-5.381812
-5.249316
-5.359455
-5.228275
-5.340058
-5.213480
-5.325921
-5.200000
-5.314413
-5.190137
-5.305536
-5.181918
-5.300276
-5.179945
-5.298632
-5.178630
-5.300276
-5.183233
-5.306851
-5.191781
-5.317701
-5.205918
-5.333811
-5.223672
-5.348277
-5.242083
-5.370962
-5.261481
-5.394305
-5.288769
-5.421922
-5.315728
-5.449868
-5.343345
-5.473868
-5.368332
-5.501157
-5.395949
-5.527459
-5.420607
-5.554747
-5.445923
-5.578419
-5.469923
-5.600118
-5.488335
-5.618200
-5.502800
-5.632666
-5.520226
-5.642858
-5.529102
-5.654365
-5.537980
-5.660612
-5.540281
-5.659955
-5.536007
-5.655352
-5.534034
-5.648448
-5.524499
-5.637927
-5.511020
-5.622474
-5.494910
-5.605049
-5.475841
-5.583679
-5.453485
-5.560007
-5.429155
-5.534034
-5.402853
-5.506417
-5.374907
-5.478471
-5.347948
-5.451183
-5.320660
-5.424881
-5.295016
-5.397593
-5.270358
-5.375565
-5.248330
-5.351893
-5.224987
-5.329537
-5.208877
-5.318687
-5.199014
-5.309811
-5.186849
-5.299618
-5.183233
-5.296659
-5.182904
-5.298961
-5.185863
-5.302906
-5.191123
-5.308167
-5.200658
-5.322304
-5.215453
-5.335455
-5.232220
-5.358140
-5.255892
-5.378853
-5.278577
-5.405812
-5.304879
-5.433101
-5.329537
-5.457758
-5.358798
-5.486691
-5.386744
-5.515952
-5.411730
-5.540281
-5.439347
-5.566254
-5.463348
-5.585323
-5.483074
-5.607679
-5.503129
-5.625104
-5.519568
-5.636940
-5.530746
-5.650420
-5.540609
-5.658310
-5.547843
-5.662585
-5.546199
-5.660283
-5.545541
-5.653050
-5.534363
-5.643845
-5.526144
-5.632666
-5.513650
-5.617214
-5.496554
-5.598145
-5.476170
-5.575788
-5.453485
-5.551459
-5.424881
-5.523185
-5.399566
-5.496225
-5.370634
-5.466964
-5.344003
-5.439676
-5.318687
-5.414361
-5.294687
-5.390689
-5.269700
-5.364387
-5.248330
-5.346962
-5.232877
-5.332496
-5.218082
-5.319345
-5.206904
-5.308824
-5.198685
-5.302248
-5.194740
-5.298961
-5.194411
-5.301262
-5.197370
-5.306194
-5.204603
-5.314742
-5.216439
-5.329537
-5.232220
-5.346962
-5.252604
-5.366688
-5.270358
-5.386086
-5.295673
-5.411401
-5.321318
-5.440662
-5.348935
-5.465649
-5.373264
-5.490636
-5.400552
-5.520226
-5.428498
-5.546856
-5.455457
-5.571186
-5.479129
-5.593214
-5.499842
-5.613926
-5.514965
-5.629378
-5.531733
-5.643187
-5.545212
-5.654365
-5.555404
-5.658639
-5.558363
-5.663571
-5.555733
-5.657653
-5.553103
-5.651406
-5.541596
-5.640228
-5.532390
-5.628392
-5.513979
-5.605049
-5.496225
-5.588282
-5.476170
-5.566583
-5.453156
-5.541924
-5.425539
-5.513650
-5.399894
-5.485704
-5.373264
-5.459403
-5.346962
-5.432772
-5.321318
-5.407456
-5.295016
-5.381155
-5.272988
-5.361428
-5.254248
-5.342359
-5.237480
-5.323290
-5.221699
-5.312769
-5.212165
-5.305208
-5.206247
-5.300933
-5.203945
-5.296331
-5.202302
-5.300276
-5.207562
-5.307838
-5.214795
-5.317372
-5.229918
-5.333482
-5.246357
-5.348935
-5.266741
-5.373592
-5.291399
-5.398251
-5.316715
-5.424881
-5.344003
-5.449868
-5.369647
-5.474855
-5.396278
-5.504773
-5.422251
-5.530417
-5.445923
-5.551459
-5.470910
-5.577761
-5.496882
-5.600446
-5.517924
-5.620173
-5.533705
-5.635625
-5.548500
-5.648776
-5.561322
-5.658639
-5.569213
-5.664228
-5.572501
-5.662585
-5.570528
-5.659955
-5.565597
-5.653379
-5.556719
-5.641543
-5.543569
-5.622146
-5.524499
-5.605378
-5.504773
-5.581706
-5.482088
-5.559021
-5.456443
-5.528774
-5.426525
-5.503129
-5.402196
-5.476828
-5.372606
-5.447567
-5.348277
-5.422909
-5.324605
-5.399237
-5.301591
-5.376223
-5.275947
-5.352880
-5.259179
-5.336770
-5.241426
-5.318358
-5.226302
-5.305536
-5.219727
-5.300933
-5.214466
-5.296002
-5.212493
-5.296659
-5.217096
-5.301591
-5.222357
-5.310139
-5.232549
-5.321975
-5.248987
-5.339400
-5.265426
-5.357482
-5.288769
-5.380168
-5.308824
-5.403511
-5.337756
-5.430799
-5.365045
-5.458087
-5.393648
-5.487348
-5.420607
-5.513650
-5.444608
-5.535020
-5.471238
-5.563295
-5.492938
-5.580720
-5.514637
-5.599789
-5.532062
-5.620173
-5.551459
-5.637598
-5.563624
-5.645160
-5.574473
-5.653050
-5.581378
-5.656338
-5.582693
-5.657982
-5.582364
-5.655023
-5.577432
-5.646475
-5.566583
-5.631680
-5.549158
-5.610967
-5.529102
-5.593214
-5.510691
-5.572501
-5.488992
-5.548500
-5.464663
-5.522198
-5.438361
-5.495568
-5.410087
-5.465978
-5.380168
-5.437704
-5.353866
-5.411401
-5.330523
-5.385757
-5.307838
-5.361757
-5.282851
-5.339071
-5.264769
-5.324605
-5.250960
-5.312769
-5.242741
-5.304221
-5.235179
-5.297975
-5.231891
-5.295673
-5.231234
-5.296002
-5.232877
-5.300276
-5.242083
-5.310468
-5.253590
-5.324605
-5.267070
-5.340715
-5.286468
-5.356825
-5.308496
-5.382798
-5.335455
-5.410087
-5.363400
-5.437704
-5.387730
-5.463019
-5.413703
-5.487020
-5.441978
-5.516609
-5.471567
-5.543897
-5.498198
-5.569213
-5.521212
-5.590912
-5.543569
-5.610310
-5.559350
-5.625433
-5.576446
-5.640885
-5.585980
-5.648776
-5.593214
-5.653708
-5.600775
-5.657653
-5.603405
-5.657324
-5.600775
-5.646803
-5.589597
-5.635296
-5.577761
-5.620831
-5.557706
-5.598474
-5.536335
-5.576117
-5.516609
-5.557048
-5.494253
-5.530089
-5.469594
-5.506746
-5.445265
-5.481431
-5.418963
-5.454142
-5.393319
-5.426854
-5.366360
-5.401209
-5.342688
-5.376552
-5.316057
-5.352551
-5.299290
-5.332167
-5.280879
-5.318030
-5.268056
-5.306194
-5.258522
-5.297975
-5.252275
-5.288769
-5.247344
-5.286796
-5.247672
-5.287125
-5.251289
-5.293372
-5.259508
-5.306851
-5.275618
-5.323290
-5.292057
-5.342688
-5.310468
-5.362085
-5.336770
-5.387072
-5.362414
-5.413374
-5.390360
-5.437704
-5.416662
-5.466307
-5.446251
-5.494253
-5.473211
-5.521541
-5.496225
-5.541596
-5.518253
-5.565597
-5.544555
-5.586309
-5.563624
-5.606036
-5.583021
-5.623132
-5.598474
-5.631680
-5.605049
-5.639570
-5.614255
-5.646146
-5.619186
-5.647132
-5.618529
-5.644831
-5.614913
-5.637927
-5.606036
-5.626091
-5.593542
-5.611625
-5.577104
-5.591569
-5.556062
-5.570528
-5.534034
-5.546199
-5.506417
-5.516938
-5.480444
-5.488663
-5.453485
-5.459403
-5.425210
-5.432772
-5.398908
-5.406470
-5.373592
-5.379510
-5.349592
-5.356167
-5.328222
-5.336441
-5.309811
-5.318030
-5.294687
-5.303564
-5.280879
-5.293043
-5.272001
-5.284824
-5.267727
-5.280879
-5.265426
-5.280221
-5.268056
-5.284824
-5.273316
-5.291728
-5.285481
-5.303235
-5.299618
-5.316715
-5.316715
-5.338414
-5.335783
-5.358798
-5.361428
-5.383127
-5.386744
-5.409758
-5.416662
-5.437704
-5.444936
-5.465649
-5.473540
-5.494253
-5.500828
-5.518910
-5.526144
-5.543569
-5.550802
-5.567240
-5.570528
-5.585980
-5.591241
-5.601761
-5.607679
-5.618200
-5.621488
-5.628063
-5.629707
-5.631351
-5.633653
-5.636940
-5.637598
-5.637598
-5.632995
-5.630036
-5.628063
-5.622474
-5.617543
-5.607679
-5.598803
-5.588611
-5.582035
-5.567569
-5.561651
-5.545212
-5.536664
-5.520883
-5.513321
-5.495896
-5.487348
-5.469265
-5.461375
-5.441648
-5.434416
-5.413703
-5.405155
-5.381812
-5.377867
-5.354853
-5.350250
-5.333482
-5.333482
-5.316715
-5.313756
-5.298304
-5.301262
-5.285810
-5.287454
-5.274303
-5.282194
-5.269042
-5.275289
-5.262467
-5.275618
-5.266084
-5.280221
-5.270029
-5.288440
-5.279892
-5.301262
-5.291728
-5.314742
-5.310468
-5.336441
-5.328879
-5.357811
-5.353209
-5.383784
-5.376223
-5.405484
-5.402853
-5.435402
-5.431128
-5.461046
-5.456115
-5.490636
-5.483074
-5.517595
-5.510362
-5.544884
-5.534363
-5.568226
-5.553103
-5.587624
-5.574144
-5.606693
-5.591241
-5.620831
-5.602419
-5.633981
-5.612940
-5.643845
-5.617543
-5.646803
-5.619844
-5.648448
-5.618200
-5.645817
-5.609981
-5.635625
-5.600775
-5.624775
-5.587296
-5.608666
-5.568226
-5.590254
-5.547185
-5.568226
-5.523513
-5.543240
-5.496882
-5.517595
-5.469265
-5.489321
-5.440662
-5.463019
-5.411730
-5.435731
-5.384771
-5.405484
-5.357482
-5.382141
-5.330852
-5.359127
-5.310797
-5.338414
-5.291070
-5.323290
-5.276276
-5.310468
-5.263124
-5.297975
-5.253590
-5.292386
-5.244713
-5.287454
-5.244713
-5.288111
-5.243070
-5.291070
-5.248987
-5.299947
-5.262138
-5.313427
-5.273316
-5.330194
-5.294029
-5.349263
-5.315400
-5.374579
-5.339071
-5.400881
-5.366031
-5.424552
-5.388059
-5.452827
-5.413703
-5.479129
-5.443621
-5.509376
-5.468937
-5.533705
-5.494910
-5.559021
-5.519239
-5.584336
-5.540609
-5.604392
-5.559679
-5.621817
-5.573158
-5.634968
-5.586309
-5.646803
-5.592885
-5.653050
-5.599460
-5.656667
-5.598474
-5.655023
-5.593871
-5.649105
-5.587296
-5.640228
-5.576117
-5.626420
-5.556062
-5.605049
-5.537651
-5.583679
-5.514307
-5.563624
-5.491293
-5.539623
-5.466307
-5.511349
-5.436717
-5.485375
-5.406799
-5.455128
-5.379839
-5.425868
-5.351893
-5.403511
-5.328222
-5.378853
-5.303893
-5.358140
-5.283180
-5.336770
-5.264111
-5.322633
-5.249645
-5.307509
-5.237152
-5.296988
-5.224987
-5.290741
-5.220713
-5.286139
-5.219398
-5.290413
-5.225645
-5.298304
-5.233206
-5.310797
-5.246686
-5.323619
-5.262467
-5.340715
-5.280550
-5.364387
-5.304221
-5.386086
-5.326578
-5.415347
-5.353209
-5.440333
-5.379839
-5.469923
-5.408114
-5.498855
-5.435073
-5.523842
-5.460060
-5.551459
-5.484389
-5.573487
-5.503787
-5.595843
-5.524499
-5.612282
-5.536993
-5.627735
-5.552445
-5.641543
-5.564939
-5.652721
-5.572501
-5.659626
-5.576446
-5.658968
-5.574144
-5.657324
-5.568884
-5.647132
-5.557377
-5.635296
-5.542253
-5.622803
-5.528116
-5.605049
-5.507075
-5.584336
-5.485047
-5.561322
-5.459731
-5.536007
-5.429813
-5.507732
-5.405155
-5.482745
-5.374907
-5.453156
-5.348935
-5.427511
-5.322633
-5.402196
-5.298304
-5.376880
-5.274961
-5.356167
-5.254577
-5.338414
-5.237480
-5.324934
-5.222685
-5.311783
-5.213151
-5.303235
-5.205589
-5.295016
-5.200000
-5.296002
-5.201315
-5.299947
-5.206247
-5.307838
-5.215124
-5.319674
-5.229261
-5.331510
-5.244384
-5.353866
-5.262467
-5.374579
-5.287783
-5.400552
-5.309811
-5.424552
-5.338085
-5.453813
-5.365702
-5.480773
-5.392990
-5.508061
-5.419950
-5.531404
-5.440005
-5.557377
-5.462690
-5.580391
-5.487677
-5.598803
-5.503458
-5.618529
-5.518253
-5.632995
-5.533705
-5.646146
-5.544226
-5.655352
-5.550802
-5.657653
-5.552117
-5.658310
-5.549487
-5.655352
-5.543569
-5.648118
-5.535020
-5.636940
-5.520555
-5.618858
-5.499842
-5.595843
-5.477156
-5.576117
-5.455457
-5.552117
-5.431128
-5.527130
-5.403511
-5.499513
-5.376552
-5.471238
-5.347291
-5.441320
-5.320003
-5.417319
-5.291728
-5.391675
-5.269372
-5.365373
-5.246028
-5.347291
-5.226302
-5.329865
-5.213480
-5.317372
-5.202630
-5.303893
-5.192110
-5.300605
-5.188822
-5.298632
-5.187178
-5.299290
-5.189479
-5.303235
-5.194082
-5.311783
-5.206904
-5.326907
-5.222357
-5.339400
-5.234521
-5.355839
-5.257207
-5.383127
-5.280879
-5.408442
-5.307838
-5.435731
-5.335455
-5.461704
-5.359455
-5.487677
-5.384771
-5.511020
-5.408442
-5.535020
-5.427183
-5.555404
-5.448553
-5.572501
-5.464334
-5.590912
-5.479786
-5.601761
-5.488335
-5.608008
-5.494253
-5.612611
-5.496225
-5.616556
-5.492280
-5.611625
-5.489650
-5.606693
-5.482417
-5.597816
-5.472553
-5.586967
-5.459074
-5.573487
-5.445265
-5.555733
-5.426525
-5.539623
-5.411073
-5.526801
-5.396278
-5.512664
-5.385757
-5.498527
-5.372935
-5.488335
-5.363729
-5.481759
-5.356496
-5.472882
-5.349592
-5.470252
-5.347948
-5.467622
-5.344660
-5.465321
-5.338085
-5.462033
-5.339400
-5.460060
-5.334468
-5.460060
-5.338085
-5.460060
-5.337099
-5.462033
-5.341044
-5.464992
-5.344332
-5.468279
-5.344003
-5.468279
-5.346962
-5.470581
-5.348935
-5.470581
-5.348935
-5.472882
-5.351236
-5.474197
-5.352880
-5.475513
-5.354524
-5.477814
-5.352222
-5.476499
-5.353538
-5.476828
-5.355839
-5.478800
-5.356167
-5.479129
-5.353209
-5.477814
-5.356167
-5.479458
-5.357154
-5.479129
-5.354524
-5.478471
-5.357154
-5.479786
-5.358469
-5.479458
-5.357811
-5.479786
-5.359127
-5.481102
-5.358798
-5.480444
-5.356167
-5.479129
-5.359455
-5.480444
-5.358798
-5.480444
-5.359127
-5.480444
-5.361428
-5.480773
-5.358798
-5.480115
-5.356825
-5.479129
-5.360113
-5.480773
-5.357154
-5.477814
-5.359127
-5.479786
-5.357154
-5.478471
-5.359784
-5.479129
-5.360442
-5.475841
-5.358140
-5.475841
-5.359127
-5.478800
-5.360113
-5.479129
-5.360770
-5.480444
-5.358140
-5.476499
-5.360113
-5.477485
-5.360442
-5.479458
-5.362085
-5.480444
-5.361099
-5.479458
-5.363400
-5.479458
-5.362743
-5.480444
-5.363729
-5.480444
-5.359784
-5.478800
-5.362414
-5.480444
-5.364387
-5.479458
-5.362743
-5.479458
-5.363400
-5.480773
-5.365373
-5.479458
-5.365045
-5.480444
-5.363072
-5.479129
-5.365702
-5.476828
-5.365045
-5.480444
-5.363072
-5.478471
-5.366688
-5.476499
-5.365373
-5.478800
-5.363072
-5.477814
-5.367017
-5.475841
-5.365702
-5.479129
-5.366688
-5.479458
-5.368989
-5.480444
-5.368332
-5.480115
-5.371291
-5.481759
-5.368661
-5.480444
-5.368989
-5.479786
-5.369976
-5.480444
-5.370962
-5.480115
-5.372277
-5.481431
-5.369318
-5.479129
-5.372606
-5.479129
-5.372935
-5.476499
-5.371949
-5.476170
-5.370962
-5.478800
-5.371949
-5.479129
-5.373592
-5.480115
-5.371949
-5.478800
-5.373921
-5.478800
-5.373921
-5.480115
-5.376223
-5.477814
-5.374579
-5.478800
-5.376223
-5.476499
-5.375237
-5.479129
-5.373921
-5.478471
-5.374907
-5.478800
-5.377538
-5.480444
-5.377867
-5.480773
-5.379182
-5.478143
-5.378524
-5.480444
-5.379839
-5.481102
-5.381155
-5.481759
-5.381155
-5.480773
-5.381812
-5.479458
-5.380168
-5.480444
-5.381812
-5.482417
-5.381812
-5.481102
-5.381483
-5.480444
-5.383127
-5.479129
-5.382470
-5.480773
-5.383784
-5.481102
-5.380168
-5.479458
-5.382798
-5.480444
-5.380826
-5.478143
-5.383127
-5.480444
-5.385428
-5.477485
-5.383127
-5.479786
-5.386086
-5.477485
-5.385099
-5.477814
-5.384771
-5.480444
-5.387401
-5.478143
-5.385757
-5.480444
-5.388059
-5.482088
-5.387730
-5.481431
-5.389702
-5.482745
-5.388716
-5.479129
-5.387401
-5.481102
-5.389374
-5.480444
-5.390031
-5.481431
-5.390689
-5.481431
-5.391017
-5.481759
-5.388387
-5.478800
-5.391017
-5.480773
-5.392662
-5.478800
-5.392333
-5.479129
-5.388716
-5.478143
-5.391675
-5.480115
-5.392004
-5.479786
-5.394305
-5.477814
-5.393977
-5.479786
-5.393977
-5.479458
-5.395949
-5.479458
-5.396278
-5.478143
-5.395620
-5.475513
-5.394634
-5.478800
-5.394963
-5.479129
-5.398251
-5.480115
-5.395292
-5.478800
-5.398579
-5.479786
-5.396935
-5.479129
-5.399566
-5.476499
-5.398908
-5.477814
-5.400552
-5.478800
-5.401538
-5.479458
-5.398908
-5.479129
-5.402196
-5.477814
-5.401209
-5.479786
-5.403182
-5.479458
-5.403840
-5.480444
-5.405484
-5.478800
-5.403840
-5.480444
-5.405484
-5.478800
-5.405155
-5.479129
-5.406799
-5.477156
-5.405484
-5.478800
-5.407456
-5.479458
-5.405155
-5.478471
-5.405155
-5.477814
-5.405155
-5.476499
-5.407456
-5.478143
-5.405484
-5.476828
-5.408114
-5.478471
-5.410415
-5.478800
-5.412059
-5.475841
-5.410744
-5.474197
-5.409429
-5.476170
-5.409758
-5.477156
-5.411073
-5.477814
-5.412716
-5.474526
-5.412059
-5.476170
-5.412716
-5.476170
-5.414032
-5.477156
-5.414361
-5.476499
-5.415676
-5.473868
-5.413703
-5.476170
-5.415018
-5.476828
-5.416333
-5.477156
-5.414361
-5.475183
-5.417319
-5.476499
-5.416991
-5.476170
-5.417319
-5.472553
-5.416662
-5.472225
-5.416991
-5.474855
-5.419621
-5.473540
-5.418963
-5.475841
-5.420936
-5.475513
-5.421922
-5.476170
-5.419292
-5.475183
-5.421922
-5.474197
-5.422251
-5.475183
-5.421922
-5.475513
-5.421265
-5.474197
-5.420279
-5.473211
-5.423566
-5.470252
-5.422909
-5.473211
-5.423237
-5.471896
-5.424224
-5.474197
-5.426196
-5.471896
-5.425868
-5.473211
-5.423566
-5.472225
-5.426196
-5.472553
-5.427183
-5.472882
-5.428826
-5.471896
-5.429484
-5.469594
-5.428169
-5.467622
-5.426525
-5.470581
-5.428826
-5.471896
-5.430141
-5.471896
-5.431128
-5.468937
-5.430141
-5.470581
-5.431457
-5.471567
-5.432772
-5.472225
-5.430799
-5.470910
-5.433758
-5.470910
-5.430141
-5.468279
-5.433429
-5.470252
-5.433758
-5.469594
-5.435402
-5.468279
-5.435402
-5.469923
-5.436717
-5.469594
-5.437375
-5.470252
-5.437375
-5.469923
-5.438361
-5.466964
-5.437375
-5.469265
-5.435731
-5.467622
-5.438361
-5.464334
-5.437046
-5.466307
-5.435731
-5.465649
-5.439347
-5.463019
-5.438032
-5.465321
-5.437046
-5.464992
-5.439676
-5.462361
-5.439347
-5.462690
-5.439019
-5.464005
-5.440991
-5.462033
-5.440662
-5.462361
-5.440662
-5.464005
-5.442964
-5.461704
-5.442306
-5.460718
-5.441978
-5.463348
-5.444608
-5.463348
-5.443950
-5.462033
-5.445265
-5.463019
-5.447238
-5.464005
-5.444936
-5.462361
-5.446251
-5.458416
-5.445594
-5.461375
-5.445923
-5.461046
-5.447567
-5.459403
-5.448553
-5.460389
-5.447567
-5.459403
-5.448882
-5.459074
-5.449539
-5.456772
-5.448553
-5.458087
-5.449539
-5.458416
-5.448553
-5.457758
-5.450197
-5.454800
-5.448224
-5.457101
-5.449211
-5.457101
-5.451183
-5.457758
-5.447567
-5.454800
-5.450854
-5.453813
-5.450526
-5.456115
-5.452498
-5.455786
-5.452498
-5.456772
-5.454142
-5.453485
-5.452498
-5.456115
-5.453156
-5.455786
-5.452169
-5.453813
-5.450526
-5.452498
-5.453813
-5.452498
-5.454800
-5.453485
-5.455128
-5.452498
-5.451512
-5.451183
-5.451183
-5.450197
-5.452827
-5.450854
-5.455457
-5.448882
-5.454800
-5.451512
-5.456443
-5.448882
-5.456115
-5.451183
-5.456443
-5.450526
-5.457758
-5.451841
-5.459074
-5.451183
-5.460060
-5.449539
-5.459403
-5.450526
-5.455457
-5.447896
-5.458416
-5.449539
-5.459403
-5.449868
-5.460389
-5.450197
-5.458416
-5.447896
-5.460060
-5.448553
-5.456772
-5.447238
-5.460060
-5.448553
-5.458087
-5.446580
-5.460389
-5.446251
-5.461375
-5.444608
-5.460389
-5.444936
-5.461375
-5.446580
-5.458745
-5.444608
-5.461704
-5.443293
-5.461375
-5.444279
-5.461046
-5.444608
-5.462690
-5.443950
-5.461704
-5.442635
-5.463019
-5.443293
-5.462361
-5.442635
-5.462361
-5.438361
-5.462033
-5.440005
-5.463348
-5.440991
-5.464334
-5.440991
-5.462033
-5.440005
-5.463676
-5.439676
-5.464005
-5.439676
-5.465649
-5.436059
-5.463348
-5.437704
-5.464334
-5.437046
-5.465649
-5.436717
-5.466636
-5.438032
-5.467622
-5.434744
-5.466307
-5.436059
-5.467622
-5.434744
-5.467293
-5.432772
-5.465978
-5.434744
-5.467622
-5.431457
-5.466636
-5.428826
-5.464663
-5.431786
-5.466636
-5.431786
-5.468608
-5.431457
-5.468608
-5.432772
-5.466307
-5.429813
-5.468608
-5.430470
-5.468937
-5.430799
-5.468608
-5.430141
-5.469923
-5.430799
-5.467950
-5.429155
-5.468608
-5.429155
-5.470581
-5.428498
-5.470581
-5.428826
-5.470910
-5.429484
-5.472882
-5.427511
-5.470910
-5.427840
-5.471238
-5.427183
-5.472225
-5.427183
-5.469923
-5.425210
-5.472553
-5.425868
-5.469265
-5.423237
-5.469594
-5.423237
-5.471567
-5.424881
-5.470581
-5.422909
-5.471238
-5.423566
-5.470910
-5.423566
-5.470581
-5.420936
-5.470910
-5.421594
-5.472553
-5.422251
-5.470910
-5.420607
-5.471896
-5.420936
-5.472225
-5.419950
-5.473540
-5.420279
-5.473540
-5.419950
-5.473211
-5.419292
-5.473868
-5.419621
-5.470581
-5.417319
-5.473211
-5.415347
-5.472882
-5.417648
-5.470581
-5.416004
-5.472553
-5.412059
-5.471567
-5.415018
-5.471238
-5.413374
-5.472553
-5.411401
-5.471896
-5.413374
-5.471238
-5.413045
-5.472882
-5.410744
-5.472882
-5.413703
-5.471896
-5.412388
-5.471896
-5.411073
-5.474197
-5.413045
-5.473211
-5.411730
-5.470910
-5.408772
-5.473540
-5.410744
-5.473868
-5.411073
-5.471567
-5.408442
-5.474526
-5.409758
-5.475183
-5.408772
-5.474526
-5.409429
-5.475513
-5.409758
-5.476828
-5.408114
-5.476170
-5.408442
-5.472553
-5.406141
-5.476170
-5.402853
-5.474197
-5.405812
-5.472553
-5.404169
-5.474855
-5.404169
-5.474855
-5.404169
-5.475513
-5.403511
-5.476499
-5.405155
-5.475513
-5.399566
-5.474526
-5.402524
-5.475183
-5.401867
-5.476499
-5.403511
-5.477156
-5.398908
-5.476170
-5.400552
-5.476499
-5.397264
-5.474855
-5.399237
-5.476170
-5.397922
-5.476828
-5.398251
-5.472882
-5.396607
-5.475841
-5.397593
-5.473540
-5.395620
-5.475841
-5.395620
-5.476828
-5.395620
-5.477485
-5.394963
-5.474526
-5.393977
-5.476828
-5.395292
-5.477156
-5.394963
-5.477814
-5.392004
-5.476828
-5.391017
-5.476170
-5.391346
-5.477156
-5.392004
-5.475183
-5.390689
-5.477156
-5.387730
-5.475841
-5.389702
-5.475841
-5.390360
-5.473540
-5.387730
-5.476170
-5.387730
-5.477485
-5.385428
-5.476499
-5.387730
-5.477156
-5.386415
-5.474197
-5.386086
-5.477485
-5.385428
-5.477485
-5.386086
-5.477814
-5.386086
-5.478143
-5.386744
-5.478471
-5.383784
-5.478471
-5.384442
-5.478471
-5.385099
-5.479458
-5.384113
-5.478471
-5.385099
-5.479786
-5.380826
-5.477156
-5.382470
-5.475513
-5.381155
-5.475183
-5.379839
-5.476828
-5.381483
-5.476828
-5.379839
-5.478471
-5.381155
-5.476170
-5.379510
-5.478800
-5.376880
-5.477156
-5.379182
-5.474855
-5.377538
-5.477485
-5.374907
-5.476499
-5.377867
-5.475183
-5.376552
-5.477156
-5.373592
-5.476828
-5.376880
-5.474197
-5.374579
-5.476170
-5.371620
-5.476170
-5.374907
-5.474526
-5.374250
-5.475513
-5.373592
-5.477485
-5.374907
-5.474855
-5.373264
-5.472882
-5.371949
-5.476170
-5.373264
-5.474855
-5.372277
-5.472882
-5.370305
-5.476170
-5.372606
-5.476499
-5.371620
-5.475841
-5.371620
-5.478143
-5.372935
-5.476499
-5.371620
-5.474855
-5.369647
-5.477485
-5.371291
-5.478143
-5.371949
-5.475513
-5.369318
-5.478143
-5.367346
-5.477156
-5.369976
-5.477814
-5.366031
-5.476499
-5.368989
-5.478471
-5.368003
-5.477814
-5.367675
-5.476170
-5.368661
-5.476499
-5.367017
-5.477485
-5.368989
-5.476499
-5.368332
-5.478800
-5.369647
-5.479458
-5.368989
-5.478800
-5.368661
-5.478800
-5.368989
-5.479129
-5.368661
-5.479458
-5.366360
-5.478800
-5.368003
-5.476170
-5.366360
-5.477814
-5.364716
-5.477814
-5.366031
-5.476828
-5.365702
-5.477814
-5.366360
-5.479129
-5.367346
-5.478471
-5.366360
-5.475183
-5.364058
-5.478471
-5.366031
-5.476828
-5.364716
-5.474526
-5.362743
-5.477485
-5.364716
-5.475841
-5.363072
-5.474197
-5.361757
-5.476828
-5.364058
-5.475183
-5.362743
-5.473868
-5.361099
-5.477814
-5.363400
-5.476499
-5.362414
-5.475183
-5.361428
-5.478471
-5.362414
-5.478471
-5.363400
-5.476170
-5.361428
-5.478471
-5.358798
-5.476828
-5.361099
-5.474526
-5.359784
-5.477814
-5.357811
-5.476828
-5.359784
-5.475183
-5.358798
-5.478800
-5.359127
-5.477814
-5.360442
-5.478800
-5.360113
-5.479129
-5.358798
-5.479458
-5.359784
-5.475513
-5.358140
-5.478471
-5.355181
-5.477814
-5.358140
-5.477814
-5.358140
-5.479129
-5.355510
-5.478471
-5.358469
-5.476170
-5.356496
-5.478471
-5.354524
-5.477485
-5.357154
-5.476499
-5.356167
-5.476499
-5.354853
-5.478143
-5.356496
-5.476499
-5.355510
-5.477156
-5.355181
-5.478471
-5.356496
-5.479458
-5.357154
-5.479458
-5.353538
-5.477814
-5.353866
-5.476499
-5.354524
-5.478143
-5.352551
-5.477814
-5.352222
-5.477156
-5.354853
-5.478471
-5.352222
-5.477156
-5.353866
-5.478800
-5.356496
-5.479786
-5.352551
-5.477814
-5.353866
-5.478143
-5.356167
-5.478800
-5.352551
-5.477814
-5.353538
-5.478143
-5.356825
-5.478471
-5.356167
-5.480115
-5.354853
-5.478800
-5.356496
-5.475841
-5.355181
-5.479129
-5.355839
-5.476170
-5.356167
-5.478800
-5.357811
-5.476170
-5.356167
-5.476499
-5.355181
-5.478800
-5.356496
-5.479129
-5.358140
-5.481102
-5.359455
-5.479458
-5.358798
-5.480115
-5.356496
-5.479786
-5.358469
-5.480773
-5.359455
-5.476499
-5.357154
-5.475841
-5.355181
-5.478143
-5.356825
-5.478800
-5.357482
-5.480115
-5.359127
-5.477485
-5.357154
-5.478471
-5.357811
-5.479129
-5.358798
-5.480444
-5.359127
-5.480115
-5.360113
-5.477485
-5.359455
-5.480115
-5.359784
-5.480773
-5.359455
-5.480444
-5.358140
-5.478800
-5.359455
-5.478800
-5.359784
-5.479458
-5.360770
-5.479786
-5.359455
-5.480115
-5.361099
-5.476828
-5.359784
-5.479458
-5.357482
-5.478143
-5.360113
-5.479458
-5.361757
-5.481102
-5.363729
-5.480444
-5.362085
-5.481102
-5.360113
-5.479458
-5.362743
-5.477485
-5.361428
-5.478471
-5.362414
-5.476828
-5.360770
-5.478800
-5.362743
-5.476170
-5.362085
-5.479129
-5.360113
-5.477814
-5.358798
-5.477485
-5.361428
-5.478800
-5.364058
-5.478143
-5.363729
-5.479786
-5.361428
-5.478800
-5.364387
-5.479458
-5.365702
-5.476828
-5.364387
-5.479129
-5.366360
-5.481102
-5.365045
-5.480773
-5.368003
-5.481431
-5.365702
-5.479786
-5.367017
-5.480773
-5.367017
-5.481102
-5.368989
-5.481431
-5.368332
-5.481102
-5.369647
-5.478800
-5.367346
-5.480773
-5.368661
-5.480773
-5.369647
-5.481759
-5.367675
-5.479458
-5.369647
-5.479458
-5.368989
-5.480115
-5.370634
-5.480773
-5.371291
-5.480773
-5.370962
-5.481431
-5.369976
-5.478143
-5.370962
-5.476828
-5.369976
-5.479458
-5.371620
-5.479458
-5.372935
-5.477156
-5.371620
-5.479786
-5.372935
-5.479458
-5.373592
-5.479786
-5.374579
-5.480773
-5.374907
-5.480444
-5.375894
-5.480773
-5.376552
-5.480773
-5.376552
-5.478800
-5.375894
-5.480773
-5.377538
-5.478800
-5.375894
-5.477814
-5.374579
-5.479786
-5.374250
-5.478800
-5.376552
-5.480115
-5.377538
-5.481759
-5.375237
-5.479786
-5.377867
-5.480115
-5.378195
-5.480773
-5.375237
-5.479458
-5.377538
-5.480115
-5.378853
-5.480773
-5.378853
-5.480444
-5.380497
-5.481431
-5.380826
-5.481759
-5.379839
-5.480773
-5.380497
-5.481102
-5.381155
-5.481431
-5.382141
-5.481102
-5.381812
-5.480773
-5.381812
-5.482088
-5.382798
-5.481759
-5.383784
-5.478143
-5.383127
-5.481431
-5.380497
-5.479129
-5.383127
-5.479786
-5.384771
-5.481431
-5.384442
-5.481759
-5.385099
-5.481102
-5.386415
-5.482417
-5.386086
-5.482088
-5.387072
-5.481431
-5.387730
-5.479786
-5.387401
-5.480444
-5.388059
-5.481431
-5.385099
-5.480444
-5.388059
-5.481102
-5.384113
-5.478471
-5.387401
-5.478800
-5.387730
-5.480444
-5.389045
-5.479458
-5.389045
-5.480115
-5.390689
-5.478800
-5.389045
-5.480115
-5.388716
-5.480773
-5.388059
-5.479786
-5.387401
-5.478143
-5.390689
-5.477156
-5.390689
-5.480115
-5.392662
-5.480115
-5.392333
-5.480444
-5.394305
-5.478800
-5.392990
-5.480444
-5.390360
-5.479129
-5.392004
-5.478800
-5.393977
-5.480444
-5.394963
-5.477814
-5.394634
-5.480444
-5.392333
-5.478471
-5.395949
-5.477814
-5.396278
-5.480444
-5.396607
-5.480115
-5.398579
-5.479458
-5.398579
-5.480773
-5.397922
-5.479786
-5.400552
-5.480444
-5.400881
-5.480773
-5.400223
-5.480444
-5.400881
-5.479786
-5.402196
-5.479786
-5.400881
-5.479786
-5.402196
-5.475841
-5.401209
-5.478800
-5.402524
-5.479458
-5.403511
-5.478800
-5.404169
-5.480444
-5.401867
-5.478800
-5.400223
-5.477156
-5.403840
-5.478471
-5.406141
-5.479129
-5.406470
-5.476170
-5.405484
-5.478471
-5.403840
-5.477156
-5.402196
-5.475841
-5.407127
-5.478471
-5.404826
-5.476170
-5.407127
-5.478143
-5.407456
-5.478143
-5.409429
-5.477814
-5.410087
-5.479129
-5.407456
-5.477485
-5.410415
-5.477485
-5.411401
-5.478800
-5.408772
-5.476828
-5.409100
-5.475183
-5.411073
-5.476499
-5.411730
-5.477814
-5.413045
-5.478143
-5.414361
-5.477814
-5.415347
-5.477814
-5.415018
-5.478800
-5.415676
-5.478143
-5.417648
-5.474855
-5.416004
-5.476499
-5.416662
-5.476828
-5.417319
-5.477156
-5.418963
-5.473540
-5.417319
-5.471896
-5.416991
-5.475841
-5.416662
-5.473868
-5.417977
-5.474197
-5.418634
-5.475183
-5.419950
-5.476499
-5.420936
-5.476499
-5.418306
-5.473868
-5.421922
-5.475841
-5.419950
-5.474526
-5.422251
-5.470581
-5.421922
-5.470581
-5.421594
-5.471896
-5.422580
-5.474197
-5.421594
-5.473211
-5.424552
-5.472882
-5.425210
-5.473868
-5.426854
-5.474855
-5.427183
-5.474526
-5.426196
-5.472882
-5.429155
-5.473211
-5.428169
-5.474197
-5.426854
-5.472553
-5.429484
-5.473211
-5.428169
-5.472225
-5.430141
-5.472553
-5.431457
-5.473211
-5.429813
-5.469923
-5.431128
-5.470910
-5.427840
-5.469594
-5.431128
-5.469265
-5.432443
-5.468937
-5.431457
-5.469923
-5.433429
-5.467950
-5.433429
-5.466307
-5.433101
-5.468937
-5.434744
-5.466636
-5.434744
-5.464663
-5.434087
-5.467293
-5.436059
-5.465649
-5.435073
-5.466307
-5.436717
-5.467293
-5.438032
-5.464663
-5.436717
-5.465978
-5.438032
-5.466636
-5.439347
-5.464992
-5.438361
-5.466307
-5.440662
-5.466636
-5.441648
-5.464005
-5.440333
-5.465649
-5.441978
-5.463676
-5.441320
-5.461704
-5.439019
-5.463019
-5.439676
-5.462690
-5.442635
-5.464334
-5.440662
-5.462361
-5.439676
-5.461375
-5.443293
-5.463348
-5.444936
-5.462690
-5.444608
-5.463348
-5.444608
-5.463019
-5.447238
-5.459403
-5.445923
-5.460718
-5.443621
-5.459731
-5.446580
-5.461046
-5.447567
-5.456772
-5.446251
-5.456115
-5.445923
-5.458416
-5.444608
-5.456772
-5.446580
-5.457758
-5.445594
-5.455457
-5.448224
-5.455786
-5.448553
-5.457758
-5.451183
-5.458416
-5.450526
-5.458416
-5.452498
-5.457430
-5.452169
-5.458087
-5.453156
-5.457430
-5.451183
-5.456443
-5.452827
-5.453485
-5.452169
-5.454142
-5.452827
-5.454471
-5.454471
-5.456443
-5.455457
-5.455457
-5.452498
-5.452827
-5.451841
-5.451512
-5.454142
-5.452498
-5.455128
-5.449868
-5.454800
-5.452498
-5.455786
-5.452169
-5.455457
-5.452498
-5.454800
-5.451183
-5.456772
-5.451183
-5.457430
-5.447567
-5.456115
-5.447896
-5.455457
-5.449211
-5.454800
-5.448553
-5.457430
-5.449868
-5.459403
-5.446580
-5.458745
-5.448224
-5.458745
-5.448224
-5.460060
-5.448882
-5.458745
-5.448224
-5.460389
-5.447567
-5.457101
-5.445265
-5.459074
-5.446580
-5.460060
-5.446909
-5.462690
-5.447567
-5.461046
-5.445923
-5.462361
-5.445265
-5.460718
-5.443293
-5.462361
-5.443293
-5.462690
-5.443621
-5.464005
-5.444936
-5.461375
-5.441978
-5.463019
-5.442306
-5.461375
-5.439019
-5.463348
-5.439019
-5.464005
-5.436388
-5.463348
-5.439019
-5.464992
-5.438690
-5.464663
-5.438361
-5.466636
-5.436059
-5.464334
-5.437046
-5.465978
-5.435402
-5.466636
-5.437046
-5.467950
-5.435731
-5.467950
-5.436059
-5.469265
-5.433758
-5.466964
-5.434087
-5.467293
-5.432443
-5.468608
-5.433758
-5.467950
-5.431786
-5.467622
-5.431128
-5.468937
-5.431786
-5.470252
-5.427511
-5.468937
-5.427840
-5.469594
-5.425868
-5.466964
-5.427511
-5.465649
-5.425539
-5.467950
-5.426196
-5.470252
-5.425210
-5.470581
-5.426525
-5.467622
-5.424881
-5.471238
-5.421922
-5.469594
-5.422909
-5.468279
-5.422580
-5.471567
-5.422251
-5.471896
-5.418963
-5.470910
-5.422251
-5.472882
-5.422251
-5.472882
-5.418963
-5.471896
-5.418634
-5.472225
-5.420936
-5.472225
-5.419621
-5.473540
-5.418634
-5.473540
-5.419950
-5.471896
-5.418306
-5.473868
-5.417319
-5.473868
-5.418306
-5.475513
-5.418306
-5.471238
-5.415676
-5.470581
-5.413703
-5.473540
-5.414361
-5.474197
-5.412059
-5.473211
-5.413374
-5.474855
-5.413374
-5.474526
-5.414032
-5.472225
-5.409758
-5.474197
-5.411401
-5.474855
-5.410415
-5.475513
-5.412059
-5.476828
-5.409100
-5.474526
-5.408772
-5.475513
-5.409429
-5.472553
-5.406799
-5.473868
-5.407127
-5.471567
-5.404826
-5.475513
-5.406141
-5.474526
-5.405155
-5.477156
-5.406470
-5.477485
-5.404169
-5.476499
-5.403182
-5.476499
-5.402196
-5.477156
-5.403182
-5.473540
-5.400881
-5.476499
-5.401209
-5.474526
-5.399566
-5.476828
-5.400552
-5.475183
-5.398908
-5.476828
-5.395949
-5.476499
-5.394963
-5.475841
-5.395949
-5.477485
-5.396935
-5.474197
-5.394963
-5.477156
-5.391675
-5.475841
-5.393648
-5.477485
-5.394305
-5.474855
-5.392004
-5.474855
-5.390031
-5.476499
-5.389045
-5.476828
-5.390360
-5.477814
-5.387730
-5.477485
-5.387730
-5.477814
-5.388716
-5.479129
-5.386086
-5.476170
-5.387072
-5.478143
-5.383127
-5.476499
-5.386415
-5.474855
-5.383784
-5.473211
-5.382470
-5.475841
-5.383784
-5.478143
-5.380826
-5.476828
-5.382470
-5.478143
-5.382470
-5.479129
-5.383127
-5.478800
-5.381483
-5.479129
-5.382470
-5.476499
-5.379510
-5.477156
-5.380497
-5.476170
-5.379510
-5.478471
-5.380168
-5.478143
-5.379182
-5.478800
-5.379182
-5.479786
-5.378195
-5.478800
-5.377209
-5.478471
-5.376880
-5.479458
-5.377867
-5.479458
-5.378195
-5.477156
-5.376223
-5.479786
-5.376552
-5.477485
-5.374579
-5.478800
-5.375237
-5.479458
-5.372277
-5.477485
-5.372935
-5.479458
-5.373264
-5.477485
-5.371620
-5.478143
-5.368661
-5.477485
-5.368332
-5.476499
-5.370634
-5.478800
-5.368332
-5.477814
-5.369976
-5.479129
-5.371291
-5.480115
-5.369976
-5.479129
-5.370634
-5.480444
-5.370634
-5.476499
-5.368332
-5.474855
-5.366360
-5.474855
-5.364387
-5.474855
-5.365373
-5.474855
-5.365373
-5.474855
-5.365373
-5.477814
-5.366688
-5.477156
-5.367346
-5.478800
-5.367017
-5.479786
-5.368661
-5.479786
-5.367675
-5.480444
-5.368003
-5.481102
-5.368003
-5.480115
-5.367017
-5.480773
-5.367346
-5.481431
-5.367675
-5.481759
-5.365373
-5.480444
-5.366360
-5.478800
-5.363729
-5.479458
-5.364058
-5.479786
-5.362085
-5.476828
-5.362414
-5.478471
-5.363400
-5.476170
-5.360770
-5.478800
-5.362414
-5.479458
-5.362414
-5.480444
-5.362414
-5.477485
-5.359784
-5.478143
-5.357482
-5.477814
-5.357811
-5.478471
-5.359455
-5.477156
-5.359127
-5.478800
-5.359455
-5.478471
-5.356496
-5.478143
-5.356496
-5.478143
-5.356825
-5.479129
-5.358798
-5.476499
-5.356825
-5.477156
-5.356825
-5.478143
-5.357482
-5.480115
-5.354195
-5.478143
-5.355839
-5.479458
-5.354524
-5.476499
-5.355510
-5.478143
-5.354524
-5.478471
-5.356167
-5.479458
-5.355181
-5.478800
-5.356496
-5.477156
-5.354195
-5.478471
-5.354853
-5.477814
-5.355510
-5.478800
-5.356825
-5.480444
-5.354524
-5.478471
-5.356496
-5.479458
-5.354195
-5.477156
-5.355510
-5.476170
-5.355510
-5.476499
-5.356167
-5.479458
-5.356825
-5.480115
-5.353538
-5.477814
-5.353209
-5.475841
-5.355181
-5.477156
-5.356167
-5.474855
-5.355181
-5.478471
-5.356825
-5.478471
-5.356496
-5.479786
-5.355181
-5.476828
-5.357154
-5.478471
-5.358469
-5.476499
-5.357482
-5.479786
-5.358469
-5.478143
-5.358798
-5.479786
-5.359127
-5.479786
-5.359127
-5.479786
-5.357482
-5.479786
-5.359455
-5.480444
-5.361757
-5.478800
-5.359455
-5.476499
-5.358798
-5.475513
-5.356496
-5.477156
-5.358798
-5.479129
-5.359455
-5.479129
-5.361099
-5.480444
-5.359455
-5.479129
-5.361428
-5.480773
-5.361757
-5.476170
-5.360113
-5.475513
-5.359784
-5.476170
-5.361099
-5.477814
-5.362085
-5.480115
-5.361099
-5.479786
-5.363400
-5.480444
-5.362414
-5.479786
-5.363072
-5.480115
-5.362743
-5.480444
-5.365045
-5.479458
-5.364716
-5.481431
-5.366688
-5.481102
-5.365373
-5.480444
-5.365045
-5.480444
-5.366360
-5.480444
-5.367346
-5.481102
-5.368332
-5.478143
-5.367346
-5.481102
-5.368989
-5.479786
-5.368003
-5.480773
-5.368989
-5.480773
-5.368989
-5.481431
-5.369647
-5.480773
-5.370634
-5.482417
-5.372277
-5.482088
-5.371949
-5.478800
-5.371291
-5.480773
-5.372606
-5.480773
-5.372935
-5.480444
-5.372935
-5.477814
-5.370634
-5.479129
-5.371291
-5.479786
-5.371291
-5.479786
-5.374579
-5.481431
-5.374907
-5.481431
-5.377209
-5.482745
-5.377867
-5.478471
-5.375565
-5.476828
-5.374579
-5.475513
-5.372935
-5.478471
-5.375237
-5.480115
-5.376880
-5.481102
-5.379182
-5.482745
-5.376880
-5.480444
-5.377867
-5.481102
-5.379182
-5.477814
-5.377867
-5.475513
-5.377538
-5.476170
-5.378524
-5.479786
-5.380826
-5.480444
-5.380497
-5.480444
-5.382141
-5.481102
-5.381155
-5.480444
-5.382141
-5.481431
-5.382798
-5.481431
-5.384113
-5.481102
-5.384442
-5.477485
-5.383456
-5.480773
-5.384771
-5.480773
-5.384442
-5.481759
-5.382798
-5.477156
-5.384771
-5.480115
-5.386086
-5.480115
-5.387072
-5.482088
-5.388716
-5.481431
-5.389045
-5.482088
-5.387072
-5.479786
-5.389374
-5.481759
-5.389374
-5.480773
-5.390689
-5.482417
-5.387730
-5.479786
-5.389045
-5.480773
-5.387401
-5.479458
-5.391017
-5.478800
-5.391017
-5.477156
-5.391017
-5.477156
-5.391017
-5.479458
-5.389374
-5.478143
-5.390689
-5.478800
-5.394634
-5.479786
-5.394963
-5.480444
-5.396278
-5.480444
-5.393319
-5.477156
-5.395292
-5.477485
-5.395949
-5.478800
-5.397593
-5.480115
-5.398579
-5.480444
-5.396935
-5.479129
-5.400223
-5.477156
-5.397264
-5.478143
-5.399894
-5.478800
-5.400881
-5.479458
-5.402196
-5.480115
-5.402853
-5.481759
-5.404497
-5.477814
-5.401867
-5.478800
-5.404169
-5.476499
-5.403511
-5.478800
-5.405155
-5.479458
-5.405155
-5.479458
-5.403182
-5.478143
-5.406799
-5.478800
-5.408114
-5.476499
-5.407456
-5.479129
-5.407456
-5.477814
-5.408772
-5.478800
-5.409758
-5.478800
-5.411073
-5.478800
-5.410415
-5.478800
-5.411401
-5.478800
-5.413374
-5.479129
-5.414361
-5.478800
-5.414689
-5.479786
-5.411730
-5.475841
-5.413703
-5.476828
-5.414689
-5.477156
-5.416662
-5.478471
-5.414361
-5.476499
-5.413703
-5.475841
-5.417648
-5.477485
-5.415347
-5.475513
-5.413703
-5.474526
-5.417977
-5.475841
-5.419621
-5.476170
-5.419950
-5.476499
-5.421594
-5.476828
-5.422251
-5.473868
-5.420936
-5.471896
-5.419950
-5.473868
-5.421594
-5.470252
-5.420607
-5.469594
-5.420936
-5.472225
-5.422909
-5.471238
-5.423237
-5.468937
-5.423237
-5.472553
-5.425539
-5.470252
-5.424881
-5.471238
-5.425210
-5.471896
-5.427511
-5.473211
-5.428169
-5.472882
-5.426525
-5.470910
-5.428169
-5.472225
-5.427183
-5.469923
-5.426196
-5.464992
-5.426196
-5.467622
-5.428169
-5.469265
-5.431128
-5.465649
-5.429155
-5.467950
-5.431786
-5.469923
-5.433101
-5.465649
-5.431786
-5.468279
-5.434416
-5.468279
-5.435731
-5.465649
-5.433101
-5.466964
-5.436059
-5.467950
-5.438032
-5.465649
-5.436059
-5.466964
-5.437704
-5.467622
-5.437046
-5.466636
-5.440005
-5.466964
-5.438690
-5.466307
-5.440333
-5.466307
-5.442635
-5.465978
-5.442635
-5.465649
-5.443950
-5.465321
-5.441320
-5.463676
-5.443621
-5.460060
-5.442964
-5.459403
-5.442635
-5.461704
-5.444608
-5.463019
-5.446580
-5.462690
-5.447238
-5.463676
-5.448553
-5.462690
-5.448553
-5.463348
-5.449868
-5.462690
-5.447896
-5.460389
-5.446909
-5.459074
-5.449211
-5.456443
-5.447238
-5.457101
-5.448224
-5.457758
-5.449211
-5.457430
-5.450526
-5.457430
-5.452827
-5.457758
-5.453485
-5.458745
-5.454142
-5.457758
-5.454471
-5.457758
-5.454142
-5.453485
-5.452169
-5.454800
-5.451512
-5.453813
-5.452498
-5.453813
-5.455457
-5.454142
-5.456115
-5.454471
-5.456443
-5.454800
-5.455786
-5.452827
-5.458087
-5.453156
-5.457101
-5.452827
-5.458745
-5.453485
-5.455786
-5.451183
-5.456772
-5.450854
-5.458745
-5.451183
-5.458416
-5.449868
-5.458416
-5.450526
-5.460389
-5.446580
-5.459403
-5.447238
-5.459403
-5.445594
-5.457758
-5.446580
-5.459403
-5.445923
-5.459731
-5.446909
-5.461704
-5.446580
-5.460718
-5.445594
-5.462033
-5.444936
-5.461704
-5.445594
-5.463348
-5.444608
-5.464663
-5.445594
-5.464992
-5.444608
-5.462690
-5.442635
-5.462690
-5.441320
-5.463348
-5.440991
-5.464992
-5.438361
-5.464005
-5.438361
-5.464992
-5.439019
-5.462361
-5.436388
-5.461704
-5.435073
-5.460389
-5.433429
-5.464663
-5.434416
-5.465978
-5.431786
-5.465321
-5.433429
-5.464005
-5.431128
-5.465649
-5.432443
-5.463348
-5.430141
-5.467293
-5.430799
-5.467293
-5.431128
-5.469594
-5.431786
-5.470581
-5.428826
-5.469594
-5.427840
-5.469923
-5.427840
-5.470252
-5.429155
-5.469265
-5.426854
-5.470252
-5.427511
-5.471896
-5.424224
-5.470252
-5.420936
-5.468937
-5.422909
-5.470581
-5.424224
-5.469594
-5.422580
-5.469923
-5.422580
-5.469594
-5.419292
-5.470581
-5.417319
-5.469594
-5.418634
-5.471896
-5.420607
-5.469923
-5.418963
-5.471896
-5.419292
-5.470252
-5.417319
-5.473211
-5.416991
-5.473211
-5.417319
-5.473868
-5.417977
-5.475183
-5.417977
-5.470910
-5.415347
-5.469923
-5.413045
-5.472882
-5.410415
-5.472225
-5.411401
-5.473540
-5.411073
-5.471896
-5.411401
-5.473211
-5.411401
-5.474526
-5.412388
-5.475513
-5.412059
-5.475513
-5.411730
-5.472553
-5.409100
-5.475513
-5.407785
-5.475183
-5.407456
-5.475841
-5.405155
-5.473868
-5.406470
-5.473540
-5.406141
-5.476828
-5.406141
-5.474855
-5.403840
-5.475513
-5.404497
-5.476170
-5.404169
-5.477814
-5.401538
-5.476499
-5.400881
-5.476499
-5.401538
-5.477814
-5.401538
-5.476499
-5.400223
-5.477814
-5.400223
-5.475513
-5.396278
-5.476499
-5.393319
-5.475513
-5.395292
-5.478143
-5.396607
-5.478143
-5.396278
-5.475513
-5.393648
-5.477814
-5.394963
-5.474855
-5.391346
-5.473540
-5.389702
-5.477156
-5.391675
-5.475513
-5.389702
-5.476828
-5.389374
-5.478800
-5.390360
-5.476828
-5.388059
-5.477485
-5.387730
-5.478800
-5.388059
-5.477485
-5.386086
-5.478143
-5.386744
-5.480444
-5.386744
-5.477485
-5.384113
-5.478143
-5.383456
-5.478471
-5.380826
-5.476499
-5.381155
-5.476828
-5.381155
-5.477485
-5.381483
-5.479458
-5.381155
-5.479458
-5.376880
-5.477814
-5.378853
-5.475183
-5.375565
-5.476828
-5.377538
-5.477814
-5.376552
-5.478800
-5.377867
-5.478800
-5.377209
-5.480773
-5.377867
-5.480115
-5.375894
-5.479458
-5.375565
-5.476828
-5.374250
-5.479458
-5.372606
-5.478800
-5.371291
-5.477156
-5.372935
-5.479458
-5.369976
-5.477156
-5.368332
-5.476499
-5.370962
-5.479786
-5.368661
-5.477814
-5.366031
-5.476170
-5.369647
-5.479129
-5.369318
-5.478800
-5.369647
-5.479786
-5.368989
-5.480115
-5.370305
-5.476499
-5.368003
-5.478143
-5.368332
-5.478143
-5.367675
-5.479129
-5.364716
-5.477156
-5.366031
-5.479129
-5.364716
-5.476170
-5.365045
-5.476499
-5.365373
-5.478143
-5.366360
-5.479786
-5.364058
-5.477814
-5.364058
-5.478800
-5.365702
-5.476170
-5.364058
-5.475183
-5.362414
-5.476828
-5.364058
-5.479129
-5.363400
-5.479786
-5.360770
-5.478143
-5.359784
-5.476170
-5.360770
-5.473540
-5.358798
-5.475183
-5.359784
-5.478143
-5.360442
-5.478800
-5.357482
-5.477485
-5.356167
-5.476828
-5.359127
-5.478143
-5.359127
-5.476170
-5.357811
-5.479458
-5.355510
-5.476828
-5.354195
-5.476828
-5.354853
-5.477156
-5.356825
-5.477156
-5.357154
-5.477814
-5.357154
-5.479458
-5.353209
-5.477156
-5.352222
-5.476170
-5.352880
-5.477156
-5.355510
-5.478143
-5.355839
-5.475841
-5.354524
-5.474855
-5.352222
-5.476499
-5.350907
-5.476170
-5.353538
-5.477814
-5.355839
-5.476170
-5.354524
-5.474526
-5.354195
-5.475183
-5.351893
-5.475841
-5.353209
-5.477485
-5.351893
-5.476499
-5.355510
-5.478143
-5.355510
-5.477814
-5.357154
-5.476170
-5.354195
-5.477485
-5.356167
-5.478143
-5.356825
-5.479786
-5.358469
-5.480444
-5.359127
-5.480115
-5.356167
-5.479458
-5.359455
-5.479786
-5.358469
-5.480115
-5.359455
-5.479786
-5.359127
-5.480115
-5.359784
-5.476499
-5.358469
-5.477156
-5.359127
-5.480115
-5.360113
-5.480115
-5.359127
-5.480115
-5.361099
-5.476828
-5.359127
-5.478800
-5.359127
-5.479129
-5.360770
-5.480115
-5.362414
-5.477156
-5.360442
-5.479458
-5.362743
-5.477156
-5.359455
-5.478471
-5.360770
-5.479129
-5.363072
-5.480444
-5.364716
-5.477485
-5.362414
-5.478800
-5.363729
-5.477156
-5.362085
-5.479129
-5.361428
-5.477814
-5.363072
-5.479458
-5.366360
-5.478143
-5.365373
-5.477485
-5.365045
-5.479786
-5.367346
-5.480773
-5.368332
-5.481431
-5.368661
