5.500000
5.500165
5.500360
5.500589
5.500854
5.501159
5.501506
5.501899
5.502341
5.502834
5.503381
5.503984
5.504644
5.505363
5.506140
5.506976
5.507867
5.508812
5.509806
5.510842
5.511914
5.513011
5.514121
5.515230
5.516319
5.517371
5.518362
5.519265
5.520054
5.520695
5.521155
5.521398
5.521384
5.521072
5.520422
5.519390
5.517936
5.516020
5.513605
5.510656
5.507148
5.503057
5.498371
5.493085
5.487205
5.480746
5.473739
5.466224
5.458254
5.449894
5.441221
5.432323
5.423295
5.414243
5.405274
5.396502
5.388044
5.380012
5.372517
5.365668
5.359564
5.354297
5.349949
5.346592
5.344286
5.343079
5.343005
5.344088
5.346338
5.349752
5.354317
5.360007
5.366788
5.374615
5.383432
5.393179
5.403786
5.415178
5.427273
5.439987
5.453231
5.466911
5.480935
5.495205
5.509626
5.524100
5.538533
5.552828
5.566893
5.580637
5.593971
5.606812
5.619077
5.630691
5.641580
5.651677
5.660920
5.669253
5.676624
5.682989
5.688309
5.692552
5.695693
5.697711
5.698595
5.698340
5.696946
5.694422
5.690781
5.686044
5.680239
5.673399
5.665564
5.656778
5.647092
5.636562
5.625247
5.613214
5.600531
5.587269
5.573507
5.559321
5.544794
5.530008
5.515049
5.500000
5.484949
5.469980
5.455180
5.440633
5.426422
5.412628
5.399329
5.386601
5.374517
5.363146
5.352552
5.342795
5.333932
5.326012
5.319081
5.313178
5.308336
5.304585
5.301943
5.300427
5.300045
5.300800
5.302687
5.305696
5.309808
5.315002
5.321247
5.328508
5.336744
5.345907
5.355947
5.366805
5.378420
5.390726
5.403653
5.417128
5.431074
5.445411
5.460059
5.474934
5.489952
5.505026
5.520072
5.535004
5.549737
5.564188
5.578274
5.591915
5.605034
5.617556
5.629410
5.640529
5.650849
5.660312
5.668865
5.676457
5.683047
5.688597
5.693076
5.696456
5.698721
5.699857
5.699857
5.698722
5.696457
5.693076
5.688598
5.683048
5.676458
5.668865
5.660313
5.650850
5.640530
5.629411
5.617557
5.605035
5.591916
5.578275
5.564188
5.549738
5.535005
5.520072
5.505026
5.489951
5.474933
5.460058
5.445410
5.431071
5.417125
5.403649
5.390721
5.378414
5.366797
5.355938
5.345897
5.336732
5.328495
5.321232
5.314985
5.309789
5.305674
5.302663
5.300773
5.300016
5.300395
5.301908
5.304546
5.308296
5.313134
5.319035
5.325963
5.333881
5.342742
5.352498
5.363091
5.374462
5.386546
5.399275
5.412577
5.426375
5.440592
5.455146
5.469955
5.484935
5.500000
5.515065
5.530045
5.544854
5.559408
5.573625
5.587423
5.600725
5.613454
5.625538
5.636909
5.647502
5.657258
5.666119
5.674037
5.680965
5.686866
5.691704
5.695454
5.698092
5.699605
5.699984
5.699227
5.697337
5.694326
5.690211
5.685015
5.678768
5.671505
5.663268
5.654103
5.644062
5.633203
5.621586
5.609279
5.596351
5.582875
5.568929
5.554590
5.539942
5.525067
5.510049
5.494974
5.479928
5.464995
5.450262
5.435812
5.421725
5.408084
5.394965
5.382443
5.370589
5.359470
5.349150
5.339686
5.331134
5.323542
5.316952
5.311402
5.306924
5.303543
5.301278
5.300142
5.300142
5.301278
5.303543
5.306924
5.311402
5.316952
5.323542
5.331134
5.339686
5.349150
5.359470
5.370589
5.382443
5.394965
5.408084
5.421725
5.435812
5.450262
5.464995
5.479928
5.494974
5.510049
5.525067
5.539942
5.554590
5.568929
5.582875
5.596351
5.609279
5.621586
5.633203
5.644062
5.654103
5.663268
5.671505
5.678768
5.685015
5.690211
5.694326
5.697337
5.699227
5.699984
5.699605
5.698092
5.695454
5.691704
5.686866
5.680965
5.674037
5.666119
5.657258
5.647502
5.636909
5.625538
5.613454
5.600725
5.587423
5.573625
5.559408
5.544854
5.530045
5.515065
5.500000
5.484935
5.469955
5.455146
5.440592
5.426375
5.412577
5.399275
5.386546
5.374462
5.363091
5.352498
5.342742
5.333881
5.325963
5.319035
5.313134
5.308296
5.304546
5.301908
5.300395
5.300016
5.300773
5.302663
5.305674
5.309789
5.314985
5.321232
5.328495
5.336732
5.345897
5.355938
5.366797
5.378414
5.390721
5.403649
5.417125
5.431071
5.445410
5.460058
5.474933
5.489951
5.505026
5.520072
5.535005
5.549738
5.564189
5.578275
5.591916
5.605035
5.617557
5.629411
5.640530
5.650850
5.660314
5.668866
5.676458
5.683048
5.688598
5.693076
5.696457
5.698722
5.699858
5.699858
5.698722
5.696457
5.693076
5.688598
5.683048
5.676458
5.668866
5.660314
5.650850
5.640530
5.629411
5.617557
5.605035
5.591916
5.578275
5.564189
5.549738
5.535005
5.520072
5.505026
5.489951
5.474933
5.460058
5.445410
5.431071
5.417125
5.403649
5.390721
5.378414
5.366797
5.355938
5.345897
5.336732
5.328495
5.321232
5.314984
5.309789
5.305674
5.302663
5.300773
5.300016
5.300395
5.301908
5.304546
5.308296
5.313134
5.319035
5.325963
5.333881
5.342742
5.352498
5.363091
5.374462
5.386546
5.399275
5.412577
5.426375
5.440592
5.455146
5.469955
5.484935
5.500000
5.515065
5.530045
5.544854
5.559408
5.573625
5.587423
5.600725
5.613454
5.625538
5.636909
5.647502
5.657258
5.666119
5.674037
5.680965
5.686866
5.691704
5.695454
5.698092
5.699605
5.699984
5.699227
5.697337
5.694326
5.690211
5.685016
5.678768
5.671505
5.663268
5.654103
5.644062
5.633203
5.621586
5.609279
5.596351
5.582875
5.568929
5.554590
5.539942
5.525067
5.510049
5.494974
5.479928
5.464995
5.450262
5.435811
5.421725
5.408084
5.394965
5.382443
5.370589
5.359470
5.349150
5.339686
5.331134
5.323542
5.316952
5.311402
5.306924
5.303543
5.301278
5.300142
5.300142
5.301278
5.303543
5.306924
5.311402
5.316952
5.323542
5.331134
5.339686
5.349150
5.359470
5.370589
5.382443
5.394965
5.408084
5.421725
5.435811
5.450262
5.464995
5.479928
5.494974
5.510049
5.525067
5.539942
5.554590
5.568929
5.582875
5.596351
5.609279
5.621586
5.633203
5.644062
5.654103
5.663268
5.671505
5.678768
5.685016
5.690211
5.694326
5.697337
5.699227
5.699984
5.699605
5.698092
5.695454
5.691704
5.686866
5.680965
5.674037
5.666119
5.657258
5.647502
5.636909
5.625538
5.613454
5.600725
5.587423
5.573625
5.559408
5.544854
5.530045
5.515065
5.500000
5.484935
5.469955
5.455146
5.440592
5.426375
5.412577
5.399275
5.386546
5.374462
5.363091
5.352498
5.342742
5.333881
5.325963
5.319035
5.313134
5.308296
5.304546
5.301908
5.300395
5.300016
5.300773
5.302663
5.305674
5.309789
5.314984
5.321232
5.328495
5.336732
5.345897
5.355938
5.366797
5.378414
5.390721
5.403649
5.417125
5.431071
5.445410
5.460058
5.474933
5.489951
5.505026
5.520072
5.535005
5.549738
5.564189
5.578275
5.591916
5.605035
5.617557
5.629411
5.640530
5.650850
5.660314
5.668866
5.676458
5.683048
5.688598
5.693076
5.696457
5.698722
5.699858
5.699858
5.698722
5.696457
5.693076
5.688598
5.683048
5.676458
5.668866
5.660314
5.650850
5.640530
5.629411
5.617557
5.605035
5.591916
5.578275
5.564189
5.549738
5.535005
5.520072
5.505026
5.489951
5.474933
5.460058
5.445410
5.431071
5.417125
5.403649
5.390721
5.378414
5.366797
5.355938
5.345897
5.336732
5.328495
5.321232
5.314984
5.309789
5.305674
5.302663
5.300773
5.300016
5.300395
5.301908
5.304546
5.308296
5.313134
5.319035
5.325963
5.333881
5.342742
5.352498
5.363091
5.374462
5.386546
5.399275
5.412577
5.426375
5.440592
5.455146
5.469955
5.484935
5.500000
5.515065
5.530045
5.544854
5.559408
5.573625
5.587423
5.600725
5.613454
5.625538
5.636909
5.647502
5.657258
5.666119
5.674037
5.680965
5.686866
5.691704
5.695454
5.698092
5.699605
5.699984
5.699227
5.697337
5.694326
5.690211
5.685016
5.678768
5.671505
5.663268
5.654103
5.644062
5.633203
5.621586
5.609279
5.596351
5.582875
5.568929
5.554590
5.539942
5.525067
5.510049
5.494974
5.479928
5.464995
5.450262
5.435811
5.421725
5.408084
5.394965
5.382443
5.370589
5.359470
5.349150
5.339686
5.331134
5.323542
5.316952
5.311402
5.306924
5.303543
5.301278
5.300142
5.300142
5.301278
5.303543
5.306924
5.311402
5.316952
5.323542
5.331134
5.339686
5.349150
5.359470
5.370589
5.382443
5.394965
5.408084
5.421725
5.435811
5.450262
5.464995
5.479928
5.494974
5.510049
5.525067
5.539942
5.554590
5.568929
5.582875
5.596351
5.609279
5.621586
5.633203
5.644062
5.654103
5.663268
5.671505
5.678768
5.685016
5.690211
5.694326
5.697337
5.699227
5.699984
5.699605
5.698092
5.695454
5.691704
5.686866
5.680965
5.674037
5.666119
5.657258
5.647502
5.636909
5.625538
5.613454
5.600725
5.587423
5.573625
5.559408
5.544854
5.530045
5.515065
5.500000
5.484935
5.469955
5.455146
5.440592
5.426375
5.412577
5.399275
5.386546
5.374462
5.363091
5.352498
5.342742
5.333881
5.325963
5.319035
5.313134
5.308296
5.304546
5.301908
5.300395
5.300016
5.300773
5.302663
5.305674
5.309789
5.314984
5.321232
5.328495
5.336732
5.345897
5.355938
5.366797
5.378414
5.390721
5.403649
5.417125
5.431071
5.445410
5.460058
5.474933
5.489951
5.505026
5.520072
5.535005
5.549738
5.564189
5.578275
5.591916
5.605035
5.617557
5.629411
5.640530
5.650850
5.660314
5.668866
5.676458
5.683048
5.688598
5.693076
5.696457
5.698722
5.699858
5.699858
5.698722
5.696457
5.693076
5.688598
5.683048
5.676458
5.668866
5.660314
5.650850
5.640530
5.629411
5.617557
5.605035
5.591916
5.578275
5.564189
5.549738
5.535005
5.520072
5.505026
5.489951
5.474933
5.460058
5.445410
5.431071
5.417125
5.403649
5.390721
5.378414
5.366797
5.355938
5.345897
5.336732
5.328495
5.321232
5.314984
5.309789
5.305674
5.302663
5.300773
5.300016
5.300395
5.301908
5.304546
5.308296
5.313134
5.319035
5.325963
5.333881
5.342742
5.352498
5.363091
5.374462
5.386546
5.399275
5.412577
5.426375
5.440592
5.455146
5.469955
5.484935
5.500000
5.515065
5.530045
5.544854
5.559408
5.573625
5.587423
5.600725
5.613454
5.625538
5.636909
5.647502
5.657258
5.666119
5.674037
5.680965
5.686866
5.691704
5.695454
5.698092
5.699605
5.699984
5.699227
5.697337
5.694326
5.690211
5.685016
5.678768
5.671505
5.663268
5.654103
5.644062
5.633203
5.621586
5.609279
5.596351
5.582875
5.568929
5.554590
5.539942
5.525067
5.510049
5.494974
5.479928
5.464995
5.450262
5.435811
5.421725
5.408084
5.394965
5.382443
5.370589
5.359470
5.349150
5.339686
5.331134
5.323542
5.316952
5.311402
5.306924
5.303543
5.301278
5.300142
5.300142
5.301278
5.303543
5.306924
5.311402
5.316952
5.323542
5.331134
5.339686
5.349150
5.359470
5.370589
5.382443
5.394965
5.408084
5.421725
5.435811
5.450262
5.464995
5.479928
5.494974
5.510049
5.525067
5.539942
5.554590
5.568929
5.582875
5.596351
5.609279
5.621586
5.633203
5.644062
5.654103
5.663268
5.671505
5.678768
5.685016
5.690211
5.694326
5.697337
5.699227
5.699984
5.699605
5.698092
5.695454
5.691704
5.686866
5.680965
5.674037
5.666119
5.657258
5.647502
5.636909
5.625538
5.613454
5.600725
5.587423
5.573625
5.559408
5.544854
5.530045
5.515065
5.500000
5.484935
5.469955
5.455146
5.440592
5.426375
5.412577
5.399275
5.386546
5.374462
5.363091
5.352498
5.342742
5.333881
5.325963
5.319035
5.313134
5.308296
5.304546
5.301908
5.300395
5.300016
5.300773
5.302663
5.305674
5.309789
5.314984
5.321232
5.328495
5.336732
5.345897
5.355938
5.366797
5.378414
5.390721
5.403649
5.417125
5.431071
5.445410
5.460058
5.474933
5.489951
5.505026
5.520072
5.535005
5.549738
5.564189
5.578275
5.591916
5.605035
5.617557
5.629411
5.640530
5.650850
5.660314
5.668866
5.676458
5.683048
5.688598
5.693076
5.696457
5.698722
5.699858
5.699858
5.698722
5.696457
5.693076
5.688598
5.683048
5.676458
5.668866
5.660314
5.650850
5.640530
5.629411
5.617557
5.605035
5.591916
5.578275
5.564189
5.549738
5.535005
5.520072
5.505026
5.489951
5.474933
5.460058
5.445410
5.431071
5.417125
5.403649
5.390721
5.378414
5.366797
5.355938
5.345897
5.336732
5.328495
5.321232
5.314984
5.309789
5.305674
5.302663
5.300773
5.300016
5.300395
5.301908
5.304546
5.308296
5.313134
5.319035
5.325963
5.333881
5.342742
5.352498
5.363091
5.374462
5.386546
5.399275
5.412577
5.426375
5.440592
5.455146
5.469955
5.484935
5.500000
5.515065
5.530045
5.544854
5.559408
5.573625
5.587423
5.600725
5.613454
5.625538
5.636909
5.647502
5.657258
5.666119
5.674037
5.680965
5.686866
5.691704
5.695454
5.698092
5.699605
5.699984
5.699227
5.697337
5.694326
5.690211
5.685016
5.678768
5.671505
5.663268
5.654103
5.644062
5.633203
5.621586
5.609279
5.596351
5.582875
5.568929
5.554590
5.539942
5.525067
5.510049
5.494974
5.479928
5.464995
5.450262
5.435811
5.421725
5.408084
5.394965
5.382443
5.370589
5.359470
5.349150
5.339686
5.331134
5.323542
5.316952
5.311402
5.306924
5.303543
5.301278
5.300142
5.300142
5.301278
5.303543
5.306924
5.311402
5.316952
5.323542
5.331134
5.339686
5.349150
5.359470
5.370589
5.382443
5.394965
5.408084
5.421725
5.435811
5.450262
5.464995
5.479928
5.494974
5.510049
5.525067
5.539942
5.554590
5.568929
5.582875
5.596351
5.609279
5.621586
5.633203
5.644062
5.654103
5.663268
5.671505
5.678768
5.685016
5.690211
5.694326
5.697337
5.699227
5.699984
5.699605
5.698092
5.695454
5.691704
5.686866
5.680965
5.674037
5.666119
5.657258
5.647502
5.636909
5.625538
5.613454
5.600725
5.587423
5.573625
5.559408
5.544854
5.530045
5.515065
5.500000
5.484935
5.469955
5.455146
5.440592
5.426375
5.412577
5.399275
5.386546
5.374462
5.363091
5.352498
5.342742
5.333881
5.325963
5.319035
5.313134
5.308296
5.304546
5.301908
5.300395
5.300016
5.300773
5.302663
5.305674
5.309789
5.314984
5.321232
5.328495
5.336732
5.345897
5.355938
5.366797
5.378414
5.390721
5.403649
5.417125
5.431071
5.445410
5.460058
5.474933
5.489951
5.505026
5.520072
5.535005
5.549738
5.564189
5.578275
5.591916
5.605035
5.617557
5.629411
5.640530
5.650850
5.660314
5.668866
5.676458
5.683048
5.688598
5.693076
5.696457
5.698722
5.699858
5.699858
5.698722
5.696457
5.693076
5.688598
5.683048
5.676458
5.668866
5.660314
5.650850
5.640530
5.629411
5.617557
5.605035
5.591916
5.578275
5.564189
5.549738
5.535005
5.520072
5.505026
5.489951
5.474933
5.460058
5.445410
5.431071
5.417125
5.403649
5.390721
5.378414
5.366797
5.355938
5.345897
5.336732
5.328495
5.321232
5.314984
5.309789
5.305674
5.302663
5.300773
5.300016
5.300395
5.301908
5.304546
5.308296
5.313134
5.319035
5.325963
5.333881
5.342742
5.352498
5.363091
5.374462
5.386546
5.399275
5.412577
5.426375
5.440592
5.455146
5.469955
5.484935
5.500000
5.515065
5.530045
5.544854
5.559408
5.573625
5.587423
5.600725
5.613454
5.625538
5.636909
5.647502
5.657258
5.666119
5.674037
5.680965
5.686866
5.691704
5.695454
5.698092
5.699605
5.699984
5.699227
5.697337
5.694326
5.690211
5.685016
5.678768
5.671505
5.663268
5.654103
5.644062
5.633203
5.621586
5.609279
5.596351
5.582875
5.568929
5.554590
5.539942
5.525067
5.510049
5.494974
5.479928
5.464995
5.450262
5.435811
5.421725
5.408084
5.394965
5.382443
5.370589
5.359470
5.349150
5.339686
5.331134
5.323542
5.316952
5.311402
5.306924
5.303543
5.301278
5.300142
5.300142
5.301278
5.303543
5.306924
5.311402
5.316952
5.323542
5.331134
5.339686
5.349150
5.359470
5.370589
5.382443
5.394965
5.408084
5.421725
5.435811
5.450262
5.464995
5.479928
5.494974
5.510049
5.525067
5.539942
5.554590
5.568929
5.582875
5.596351
5.609279
5.621586
5.633203
5.644062
5.654103
5.663268
5.671505
5.678768
5.685016
5.690211
5.694326
5.697337
5.699227
5.699984
5.699605
5.698092
5.695454
5.691704
5.686866
5.680965
5.674037
5.666119
5.657258
5.647502
5.636909
5.625538
5.613454
5.600725
5.587423
5.573625
5.559408
5.544854
5.530045
5.515065
5.500000
5.484935
5.469955
5.455146
5.440592
5.426375
5.412577
5.399275
5.386546
5.374462
5.363091
5.352498
5.342742
5.333881
5.325963
5.319035
5.313134
5.308296
5.304546
5.301908
5.300395
5.300016
5.300773
5.302663
5.305674
5.309789
5.314984
5.321232
5.328495
5.336732
5.345897
5.355938
5.366797
5.378414
5.390721
5.403649
5.417125
5.431071
5.445410
5.460058
5.474933
5.489951
5.505026
5.520072
5.535005
5.549738
5.564189
5.578275
5.591916
5.605035
5.617557
5.629411
5.640530
5.650850
5.660314
5.668866
5.676458
5.683048
5.688598
5.693076
5.696457
5.698722
5.699858
5.699858
5.698722
5.696457
5.693076
5.688598
5.683048
5.676458
5.668866
5.660314
5.650850
5.640530
5.629411
5.617557
5.605035
5.591916
5.578275
5.564189
5.549738
5.535005
5.520072
5.505026
5.489951
5.474933
5.460058
5.445410
5.431071
5.417125
5.403649
5.390721
5.378414
5.366797
5.355938
5.345897
5.336732
5.328495
5.321232
5.314984
5.309789
5.305674
5.302663
5.300773
5.300016
5.300395
5.301908
5.304546
5.308296
5.313134
5.319035
5.325963
5.333881
5.342742
5.352498
5.363091
5.374462
5.386546
5.399275
5.412577
5.426375
5.440592
5.455146
5.469955
5.484935
5.500000
5.515065
5.530045
5.544854
5.559408
5.573625
5.587423
5.600725
5.613454
5.625538
5.636909
5.647502
5.657258
5.666119
5.674037
5.680965
5.686866
5.691704
5.695454
5.698092
5.699605
5.699984
5.699227
5.697337
5.694326
5.690211
5.685016
5.678768
5.671505
5.663268
5.654103
5.644062
5.633203
5.621586
5.609279
5.596351
5.582875
5.568929
5.554590
5.539942
5.525067
5.510049
5.494974
5.479928
5.464995
5.450262
5.435811
5.421725
5.408084
5.394965
5.382443
5.370589
5.359470
5.349150
5.339686
5.331134
5.323542
5.316952
5.311402
5.306924
5.303543
5.301278
5.300142
5.300142
5.301278
5.303543
5.306924
5.311402
5.316952
5.323542
5.331134
5.339686
5.349150
5.359470
5.370589
5.382443
5.394965
5.408084
5.421725
5.435811
5.450262
5.464995
5.479928
5.494974
5.510049
5.525067
5.539942
5.554590
5.568929
5.582875
5.596351
5.609279
5.621586
5.633203
5.644062
5.654103
5.663268
5.671505
5.678768
5.685016
5.690211
5.694326
5.697337
5.699227
5.699984
5.699605
5.698092
5.695454
5.691704
5.686866
5.680965
5.674037
5.666119
5.657258
5.647502
5.636909
5.625538
5.613454
5.600725
5.587423
5.573625
5.559408
5.544854
5.530045
5.515065
5.500000
5.484935
5.469955
5.455146
5.440592
5.426375
5.412577
5.399275
5.386546
5.374462
5.363091
5.352498
5.342742
5.333881
5.325963
5.319035
5.313134
5.308296
5.304546
5.301908
5.300395
5.300016
5.300773
5.302663
5.305674
5.309789
5.314984
5.321232
5.328495
5.336732
5.345897
5.355938
5.366797
5.378414
5.390721
5.403649
5.417125
5.431071
5.445410
5.460058
5.474933
5.489951
5.505026
5.520072
5.535005
5.549738
5.564189
5.578275
5.591916
5.605035
5.617557
5.629411
5.640530
5.650850
5.660314
5.668866
5.676458
5.683048
5.688598
5.693076
5.696457
5.698722
5.699858
5.699858
5.698722
5.696457
5.693076
5.688598
5.683048
5.676458
5.668866
5.660314
5.650850
5.640530
5.629411
5.617557
5.605035
5.591916
5.578275
5.564189
5.549738
5.535005
5.520072
5.505026
5.489951
5.474933
5.460058
5.445410
5.431071
5.417125
5.403649
5.390721
5.378414
5.366797
5.355938
5.345897
5.336732
5.328495
5.321232
5.314984
5.309789
5.305674
5.302663
5.300773
5.300016
5.300395
5.301908
5.304546
5.308296
5.313134
5.319035
5.325963
5.333881
5.342742
5.352498
5.363091
5.374462
5.386546
5.399275
5.412577
5.426375
5.440592
5.455146
5.469955
5.484935
5.500000
5.515065
5.530045
5.544854
5.559408
5.573625
5.587423
5.600725
5.613454
5.625538
5.636909
5.647502
5.657258
5.666119
5.674037
5.680965
5.686866
5.691704
5.695454
5.698092
5.699605
5.699984
5.699227
5.697337
5.694326
5.690211
5.685016
5.678768
5.671505
5.663268
5.654103
5.644062
5.633203
5.621586
5.609279
5.596351
5.582875
5.568929
5.554590
5.539942
5.525067
5.510049
5.494974
5.479928
5.464995
5.450262
5.435811
5.421725
5.408084
5.394965
5.382443
5.370589
5.359470
5.349150
5.339686
5.331134
5.323542
5.316952
5.311402
5.306924
5.303543
5.301278
5.300142
5.300142
5.301278
5.303543
5.306924
5.311402
5.316952
5.323542
5.331134
5.339686
5.349150
5.359470
5.370589
5.382443
5.394965
5.408084
5.421725
5.435811
5.450262
5.464995
5.479928
5.494974
5.510049
5.525067
5.539942
5.554590
5.568929
5.582875
5.596351
5.609279
5.621586
5.633203
5.644062
5.654103
5.663268
5.671505
5.678768
5.685016
5.690211
5.694326
5.697337
5.699227
5.699984
5.699605
5.698092
5.695454
5.691704
5.686866
5.680965
5.674037
5.666119
5.657258
5.647502
5.636909
5.625538
5.613454
5.600725
5.587423
5.573625
5.559408
5.544854
5.530045
5.515065
5.500000
5.484935
5.469955
5.455146
5.440592
5.426375
5.412577
5.399275
5.386546
5.374462
5.363091
5.352498
5.342742
5.333881
5.325963
5.319035
5.313134
5.308296
5.304546
5.301908
5.300395
5.300016
5.300773
5.302663
5.305674
5.309789
5.314984
5.321232
5.328495
5.336732
5.345897
5.355938
5.366797
5.378414
5.390721
5.403649
5.417125
5.431071
5.445410
5.460058
5.474933
5.489951
5.505026
5.520072
5.535005
5.549738
5.564189
5.578275
5.591916
5.605035
5.617557
5.629411
5.640530
5.650850
5.660314
5.668866
5.676458
5.683048
5.688598
5.693076
5.696457
5.698722
5.699858
5.699858
5.698722
5.696457
5.693076
5.688598
5.683048
5.676458
5.668866
5.660314
5.650850
5.640530
5.629411
5.617557
5.605035
5.591916
5.578275
5.564189
5.549738
5.535005
5.520072
5.505026
5.489951
5.474933
5.460058
5.445410
5.431071
5.417125
5.403649
5.390721
5.378414
5.366797
5.355938
5.345897
5.336732
5.328495
5.321232
5.314984
5.309789
5.305674
5.302663
5.300773
5.300016
5.300395
5.301908
5.304546
5.308296
5.313134
5.319035
5.325963
5.333881
5.342742
5.352498
5.363091
5.374462
5.386546
5.399275
5.412577
5.426375
5.440592
5.455146
5.469955
5.484935
5.500000
5.515065
5.530045
5.544854
5.559408
5.573625
5.587423
5.600725
5.613454
5.625538
5.636909
5.647502
5.657258
5.666119
5.674037
5.680965
5.686866
5.691704
5.695454
5.698092
5.699605
5.699984
5.699227
5.697337
5.694326
5.690211
5.685016
5.678768
5.671505
5.663268
5.654103
5.644062
5.633203
5.621586
5.609279
5.596351
5.582875
5.568929
5.554590
5.539942
5.525067
5.510049
5.494974
5.479928
5.464995
5.450262
5.435811
5.421725
5.408084
5.394965
5.382443
5.370589
5.359470
5.349150
5.339686
5.331134
5.323542
5.316952
5.311402
5.306924
5.303543
5.301278
5.300142
5.300142
5.301278
5.303543
5.306924
5.311402
5.316952
5.323542
5.331134
5.339686
5.349150
5.359470
5.370589
5.382443
5.394965
5.408084
5.421725
5.435811
5.450262
5.464995
5.479928
5.494974
5.510049
5.525067
5.539942
5.554590
5.568929
5.582875
5.596351
5.609279
5.621586
5.633203
5.644062
5.654103
5.663268
5.671505
5.678768
5.685016
5.690211
5.694326
5.697337
5.699227
5.699984
5.699605
5.698092
5.695454
5.691704
5.686866
5.680965
5.674037
5.666119
5.657258
5.647502
5.636909
5.625538
5.613454
5.600725
5.587423
5.573625
5.559408
5.544854
5.530045
5.515065
5.500000
5.484935
5.469955
5.455146
5.440592
5.426375
5.412577
5.399275
5.386546
5.374462
5.363091
5.352498
5.342742
5.333881
5.325963
5.319035
5.313134
5.308296
5.304546
5.301908
5.300395
5.300016
5.300773
5.302663
5.305674
5.309789
5.314984
5.321232
5.328495
5.336732
5.345897
5.355938
5.366797
5.378414
5.390721
5.403649
5.417125
5.431071
5.445410
5.460058
5.474933
5.489951
5.505026
5.520072
5.535005
5.549738
5.564189
5.578275
5.591916
5.605035
5.617557
5.629411
5.640530
5.650850
5.660314
5.668866
5.676458
5.683048
5.688598
5.693076
5.696457
5.698722
5.699858
5.699858
5.698722
5.696457
5.693076
5.688598
5.683048
5.676458
5.668866
5.660314
5.650850
5.640530
5.629411
5.617557
5.605035
5.591916
5.578275
5.564189
5.549738
5.535005
5.520072
5.505026
5.489951
5.474933
5.460058
5.445410
5.431071
5.417125
5.403649
5.390721
5.378414
5.366797
5.355938
5.345897
5.336732
5.328495
5.321232
5.314984
5.309789
5.305674
5.302663
5.300773
5.300016
5.300395
5.301908
5.304546
5.308296
5.313134
5.319035
5.325963
5.333881
5.342742
5.352498
5.363091
5.374462
5.386546
5.399275
5.412577
5.426375
5.440592
5.455146
5.469955
5.484935
5.500000
5.515065
5.530045
5.544854
5.559408
5.573625
5.587423
5.600725
5.613454
5.625538
5.636909
5.647502
5.657258
5.666119
5.674037
5.680965
5.686866
5.691704
5.695454
5.698092
5.699605
5.699984
5.699227
5.697337
5.694326
5.690211
5.685016
5.678768
5.671505
5.663268
5.654103
5.644062
5.633203
5.621586
5.609279
5.596351
5.582875
5.568929
5.554590
5.539942
5.525067
5.510049
5.494974
5.479928
5.464995
5.450262
5.435811
5.421725
5.408084
5.394965
5.382443
5.370589
5.359470
5.349150
5.339686
5.331134
5.323542
5.316952
5.311402
5.306924
5.303543
5.301278
5.300142
5.300142
5.301278
5.303543
5.306924
5.311402
5.316952
5.323542
5.331134
5.339686
5.349150
5.359470
5.370589
5.382443
5.394965
5.408084
5.421725
5.435811
5.450262
5.464995
5.479928
5.494974
5.510049
5.525067
5.539942
5.554590
5.568929
5.582875
5.596351
5.609279
5.621586
5.633203
5.644062
5.654103
5.663268
5.671505
5.678768
5.685016
5.690211
5.694326
5.697337
5.699227
5.699984
5.699605
5.698092
5.695454
5.691704
5.686866
5.680965
5.674037
5.666119
5.657258
5.647502
5.636909
5.625538
5.613454
5.600725
5.587423
5.573625
5.559408
5.544854
5.530045
5.515065
5.500000
5.484935
5.469955
5.455146
5.440592
5.426375
5.412577
5.399275
5.386546
5.374462
5.363091
5.352498
5.342742
5.333881
5.325963
5.319035
5.313134
5.308296
5.304546
5.301908
5.300395
5.300016
5.300773
5.302663
5.305674
5.309789
5.314984
5.321232
5.328495
5.336732
5.345897
5.355938
5.366797
5.378414
5.390721
5.403649
5.417125
5.431071
5.445410
5.460058
5.474933
5.489951
5.505026
5.520072
5.535005
5.549738
5.564189
5.578275
5.591916
5.605035
5.617557
5.629411
5.640530
5.650850
5.660314
5.668866
5.676458
5.683048
5.688598
5.693076
5.696457
5.698722
5.699858
5.699858
5.698722
5.696457
5.693076
5.688598
5.683048
5.676458
5.668866
5.660314
5.650850
5.640530
5.629411
5.617557
5.605035
5.591916
5.578275
5.564189
5.549738
5.535005
5.520072
5.505026
5.489951
5.474933
5.460058
5.445410
5.431071
5.417125
5.403649
5.390721
5.378414
5.366797
5.355938
5.345897
5.336732
5.328495
5.321232
5.314984
5.309789
5.305674
5.302663
5.300773
5.300016
5.300395
5.301908
5.304546
5.308296
5.313134
5.319035
5.325963
5.333881
5.342742
5.352498
5.363091
5.374462
5.386546
5.399275
5.412577
5.426375
5.440592
5.455146
5.469955
5.484935
5.500000
5.515065
5.530045
5.544854
5.559408
5.573625
5.587423
5.600725
5.613454
5.625538
5.636909
5.647502
5.657258
5.666119
5.674037
5.680965
5.686866
5.691704
5.695454
5.698092
5.699605
5.699984
5.699227
5.697337
5.694326
5.690211
5.685016
5.678768
5.671505
5.663268
5.654103
5.644062
5.633203
5.621586
5.609279
5.596351
5.582875
5.568929
5.554590
5.539942
5.525067
5.510049
5.494974
5.479928
5.464995
5.450262
5.435811
5.421725
5.408084
5.394965
5.382443
5.370589
5.359470
5.349150
5.339686
5.331134
5.323542
5.316952
5.311402
5.306924
5.303543
5.301278
5.300142
5.300142
5.301278
5.303543
5.306924
5.311402
5.316952
5.323542
5.331134
5.339686
5.349150
5.359470
5.370589
5.382443
5.394965
5.408084
5.421725
5.435811
5.450262
5.464995
5.479928
5.494974
5.510049
5.525067
5.539942
5.554590
5.568929
5.582875
5.596351
5.609279
5.621586
5.633203
5.644062
5.654103
5.663268
5.671505
5.678768
5.685016
5.690211
5.694326
5.697337
5.699227
5.699984
5.699605
5.698092
5.695454
5.691704
5.686866
5.680965
5.674037
5.666119
5.657258
5.647502
5.636909
5.625538
5.613454
5.600725
5.587423
5.573625
5.559408
5.544854
5.530045
5.515065
5.500000
5.484935
5.469955
5.455146
5.440592
5.426375
5.412577
5.399275
5.386546
5.374462
5.363091
5.352498
5.342742
5.333881
5.325963
5.319035
5.313134
5.308296
5.304546
5.301908
5.300395
5.300016
5.300773
5.302663
5.305674
5.309789
5.314984
5.321232
5.328495
5.336732
5.345897
5.355938
5.366797
5.378414
5.390721
5.403649
5.417125
5.431071
5.445410
5.460058
5.474933
5.489951
5.505026
5.520072
5.535005
5.549738
5.564189
5.578275
5.591916
5.605035
5.617557
5.629411
5.640530
5.650850
5.660314
5.668866
5.676458
5.683048
5.688598
5.693076
5.696457
5.698722
5.699858
5.699858
5.698722
5.696457
5.693076
5.688598
5.683048
5.676458
5.668866
5.660314
5.650850
5.640530
5.629411
5.617557
5.605035
5.591916
5.578275
5.564188
5.549738
5.535005
5.520072
5.505026
5.489951
5.474933
5.460058
5.445410
5.431071
5.417125
5.403649
5.390721
5.378414
5.366797
5.355938
5.345897
5.336732
5.328495
5.321232
5.314985
5.309789
5.305674
5.302663
5.300773
5.300016
5.300395
5.301908
5.304546
5.308296
5.313134
5.319035
5.325963
5.333881
5.342742
5.352498
5.363091
5.374462
5.386546
5.399275
5.412577
5.426375
5.440592
5.455146
5.469955
5.484935
5.500000
5.515065
5.530045
5.544854
5.559408
5.573625
5.587423
5.600725
5.613454
5.625538
5.636909
5.647502
5.657258
5.666119
5.674037
5.680965
5.686866
5.691704
5.695454
5.698092
5.699605
5.699984
5.699227
5.697337
5.694326
5.690211
5.685015
5.678768
5.671505
5.663268
5.654103
5.644062
5.633203
5.621586
5.609279
5.596351
5.582875
5.568929
5.554590
5.539942
5.525067
5.510049
5.494974
5.479928
5.464995
5.450262
5.435812
5.421725
5.408084
5.394965
5.382443
5.370589
5.359470
5.349150
5.339686
5.331134
5.323542
5.316952
5.311402
5.306924
5.303543
5.301278
5.300142
5.300142
5.301278
5.303543
5.306924
5.311402
5.316952
5.323542
5.331134
5.339686
5.349150
5.359470
5.370589
5.382443
5.394965
5.408084
5.421725
5.435812
5.450262
5.464995
5.479928
5.494974
5.510049
5.525067
5.539942
5.554590
5.568929
5.582875
5.596351
5.609279
5.621586
5.633203
5.644062
5.654103
5.663268
5.671505
5.678768
5.685015
5.690211
5.694326
5.697337
5.699227
5.699984
5.699605
5.698092
5.695454
5.691704
5.686866
5.680965
5.674037
5.666119
5.657258
5.647502
5.636909
5.625538
5.613454
5.600725
5.587423
5.573625
5.559408
5.544854
5.530045
5.515065
5.500000
5.484935
5.469955
5.455146
5.440592
5.426375
5.412577
5.399275
5.386546
5.374462
5.363091
5.352498
5.342742
5.333881
5.325963
5.319035
5.313135
5.308296
5.304547
5.301908
5.300395
5.300016
5.300774
5.302664
5.305675
5.309790
5.314986
5.321233
5.328496
5.336733
5.345899
5.355939
5.366799
5.378415
5.390722
5.403650
5.417126
5.431072
5.445411
5.460059
5.474934
5.489951
5.505026
5.520072
5.535004
5.549736
5.564187
5.578272
5.591912
5.605030
5.617551
5.629404
5.640522
5.650841
5.660302
5.668852
5.676443
5.683031
5.688579
5.693055
5.696434
5.698696
5.699829
5.699826
5.698687
5.696419
5.693035
5.688554
5.683002
5.676409
5.668814
5.660259
5.650795
5.640473
5.629354
5.617500
5.604979
5.591862
5.578225
5.564144
5.549700
5.534975
5.520054
5.505021
5.489962
5.474964
5.460111
5.445489
5.431182
5.417271
5.403835
5.390952
5.378695
5.367136
5.356339
5.346367
5.337278
5.329123
5.321949
5.315798
5.310705
5.306700
5.303804
5.302036
5.301405
5.301913
5.303559
5.306331
5.310213
5.315181
5.321205
5.328249
5.336269
5.345218
5.355039
5.365673
5.377052
5.389108
5.401763
5.414938
5.428549
5.442510
5.456728
5.471113
5.485569
5.500000
5.514309
5.528400
5.542177
5.555543
5.568407
5.580676
5.592266
5.603093
5.613080
5.622155
5.630256
5.637324
5.643314
5.648186
5.651914
5.654480
5.655879
5.656120
5.655221
5.653214
5.650146
5.646073
5.641065
5.635202
5.628573
5.621278
5.613422
5.605115
5.596472
5.587606
5.578632
5.569659
5.560793
5.552130
5.543760
5.535761
5.528200
5.521132
5.514600
5.508636
5.503256
5.498471
5.494276
5.490661
5.487605
5.485082
5.483059
5.481503
5.480371
5.479626
5.479225
5.479126
5.479291
5.479679
5.480255
5.480984
5.481833
5.482776
5.483786
5.484838
5.485915
5.486997
5.488071
5.489123
5.490144
5.491125
5.492060
5.492944
5.493774
5.494548
5.495265
5.495925
5.496530
5.497078
5.497574
5.498019
5.498416
5.498768
5.499077
5.499347
5.499580
5.499780
5.499950
