5.500000
5.500041
5.500090
5.500148
5.500216
5.500295
5.500386
5.500492
5.500613
5.500751
5.500909
5.501088
5.501291
5.501520
5.501777
5.502065
5.502388
5.502748
5.503149
5.503594
5.504086
5.504629
5.505228
5.505884
5.506603
5.507389
5.508243
5.509171
5.510175
5.511258
5.512422
5.513669
5.514999
5.516414
5.517912
5.519492
5.521150
5.522882
5.524683
5.526545
5.528460
5.530416
5.532403
5.534406
5.536412
5.538405
5.540367
5.542281
5.544129
5.545893
5.547553
5.549092
5.550493
5.551739
5.552815
5.553709
5.554407
5.554900
5.555181
5.555242
5.555079
5.554693
5.554080
5.553244
5.552187
5.550915
5.549432
5.547747
5.545868
5.543803
5.541562
5.539155
5.536592
5.533885
5.531044
5.528080
5.525003
5.521825
5.518556
5.515205
5.511785
5.508304
5.504772
5.501199
5.497593
5.493963
5.490318
5.486666
5.483015
5.479372
5.475745
5.472142
5.468568
5.465031
5.461537
5.458092
5.454703
5.451375
5.448112
5.444922
5.441809
5.438778
5.435834
5.432981
5.430223
5.427565
5.425011
5.422565
5.420229
5.418009
5.415906
5.413924
5.412066
5.410334
5.408731
5.407259
5.405920
5.404716
5.403648
5.402719
5.401929
5.401279
5.400772
5.400405
5.400182
5.400101
5.400164
5.400368
5.400715
5.401204
5.401834
5.402604
5.403513
5.404560
5.405743
5.407060
5.408510
5.410090
5.411798
5.413632
5.415589
5.417666
5.419860
5.422169
5.424588
5.427115
5.429745
5.432476
5.435302
5.438221
5.441227
5.444318
5.447487
5.450731
5.454045
5.457425
5.460865
5.464361
5.467907
5.471499
5.475132
5.478800
5.482498
5.486221
5.489964
5.493721
5.497487
5.501256
5.505024
5.508785
5.512533
5.516263
5.519971
5.523650
5.527295
5.530901
5.534464
5.537978
5.541437
5.544838
5.548175
5.551444
5.554639
5.557757
5.560793
5.563742
5.566601
5.569365
5.572031
5.574594
5.577051
5.579399
5.581634
5.583753
5.585752
5.587631
5.589384
5.591011
5.592508
5.593874
5.595106
5.596203
5.597163
5.597985
5.598669
5.599211
5.599613
5.599874
5.599992
5.599968
5.599802
5.599495
5.599046
5.598456
5.597727
5.596859
5.595852
5.594710
5.593433
5.592023
5.590483
5.588814
5.587018
5.585099
5.583060
5.580902
5.578629
5.576244
5.573751
5.571154
5.568455
5.565659
5.562769
5.559791
5.556727
5.553583
5.550362
5.547071
5.543712
5.540291
5.536812
5.533282
5.529704
5.526084
5.522427
5.518738
5.515023
5.511286
5.507533
5.503769
5.500000
5.496231
5.492467
5.488714
5.484977
5.481262
5.477573
5.473916
5.470296
5.466718
5.463188
5.459709
5.456288
5.452929
5.449638
5.446417
5.443273
5.440209
5.437231
5.434341
5.431545
5.428846
5.426249
5.423756
5.421371
5.419098
5.416940
5.414901
5.412982
5.411186
5.409517
5.407977
5.406567
5.405290
5.404148
5.403141
5.402273
5.401544
5.400954
5.400505
5.400198
5.400032
5.400008
5.400126
5.400387
5.400788
5.401331
5.402015
5.402837
5.403797
5.404894
5.406126
5.407492
5.408989
5.410616
5.412369
5.414248
5.416247
5.418366
5.420601
5.422949
5.425406
5.427969
5.430634
5.433399
5.436258
5.439207
5.442243
5.445361
5.448556
5.451825
5.455162
5.458562
5.462022
5.465536
5.469098
5.472705
5.476350
5.480029
5.483737
5.487467
5.491215
5.494976
5.498744
5.502513
5.506279
5.510036
5.513779
5.517502
5.521201
5.524869
5.528502
5.532094
5.535641
5.539137
5.542578
5.545958
5.549273
5.552517
5.555687
5.558778
5.561786
5.564705
5.567533
5.570265
5.572897
5.575425
5.577846
5.580157
5.582353
5.584433
5.586392
5.588229
5.589941
5.591524
5.592978
5.594299
5.595487
5.596538
5.597453
5.598229
5.598865
5.599361
5.599716
5.599929
5.600000
5.599929
5.599716
5.599361
5.598865
5.598229
5.597453
5.596538
5.595487
5.594299
5.592978
5.591524
5.589941
5.588229
5.586392
5.584433
5.582353
5.580157
5.577846
5.575425
5.572897
5.570265
5.567533
5.564705
5.561786
5.558778
5.555687
5.552517
5.549273
5.545958
5.542578
5.539137
5.535641
5.532094
5.528502
5.524869
5.521201
5.517502
5.513779
5.510036
5.506279
5.502513
5.498744
5.494976
5.491215
5.487467
5.483737
5.480029
5.476350
5.472705
5.469098
5.465536
5.462022
5.458562
5.455162
5.451825
5.448556
5.445361
5.442243
5.439207
5.436257
5.433399
5.430634
5.427969
5.425406
5.422949
5.420601
5.418366
5.416247
5.414248
5.412369
5.410616
5.408989
5.407492
5.406126
5.404894
5.403797
5.402837
5.402015
5.401331
5.400788
5.400387
5.400126
5.400008
5.400032
5.400198
5.400505
5.400954
5.401544
5.402273
5.403141
5.404148
5.405290
5.406567
5.407977
5.409517
5.411186
5.412982
5.414901
5.416940
5.419098
5.421371
5.423756
5.426249
5.428846
5.431545
5.434341
5.437231
5.440209
5.443273
5.446417
5.449638
5.452929
5.456288
5.459709
5.463188
5.466718
5.470296
5.473916
5.477573
5.481262
5.484977
5.488714
5.492467
5.496231
5.500000
5.503769
5.507533
5.511286
5.515023
5.518738
5.522427
5.526084
5.529704
5.533282
5.536812
5.540291
5.543712
5.547071
5.550362
5.553583
5.556727
5.559791
5.562769
5.565659
5.568455
5.571154
5.573751
5.576244
5.578629
5.580902
5.583060
5.585099
5.587018
5.588814
5.590483
5.592023
5.593433
5.594710
5.595852
5.596859
5.597727
5.598456
5.599046
5.599495
5.599802
5.599968
5.599992
5.599874
5.599613
5.599212
5.598669
5.597985
5.597163
5.596203
5.595106
5.593874
5.592508
5.591011
5.589384
5.587631
5.585752
5.583753
5.581634
5.579399
5.577051
5.574594
5.572031
5.569366
5.566601
5.563743
5.560793
5.557757
5.554639
5.551444
5.548175
5.544838
5.541438
5.537978
5.534464
5.530902
5.527295
5.523650
5.519971
5.516263
5.512533
5.508785
5.505024
5.501256
5.497487
5.493721
5.489964
5.486221
5.482498
5.478799
5.475131
5.471498
5.467906
5.464359
5.460863
5.457422
5.454042
5.450727
5.447483
5.444313
5.441221
5.438214
5.435295
5.432467
5.429735
5.427103
5.424575
5.422154
5.419843
5.417647
5.415567
5.413608
5.411771
5.410059
5.408476
5.407022
5.405701
5.404513
5.403462
5.402547
5.401771
5.401135
5.400639
5.400284
5.400071
5.400000
5.400071
5.400284
5.400639
5.401135
5.401771
5.402547
5.403462
5.404513
5.405701
5.407022
5.408476
5.410059
5.411771
5.413608
5.415567
5.417647
5.419843
5.422154
5.424575
5.427103
5.429735
5.432467
5.435295
5.438214
5.441221
5.444313
5.447483
5.450727
5.454042
5.457422
5.460863
5.464359
5.467906
5.471498
5.475131
5.478799
5.482498
5.486221
5.489964
5.493721
5.497487
5.501256
5.505024
5.508785
5.512533
5.516263
5.519971
5.523650
5.527295
5.530902
5.534464
5.537978
5.541438
5.544838
5.548175
5.551444
5.554639
5.557757
5.560793
5.563743
5.566601
5.569366
5.572031
5.574594
5.577051
5.579399
5.581634
5.583753
5.585752
5.587631
5.589384
5.591011
5.592508
5.593874
5.595106
5.596203
5.597163
5.597985
5.598669
5.599212
5.599613
5.599874
5.599992
5.599968
5.599802
5.599495
5.599046
5.598456
5.597727
5.596859
5.595852
5.594710
5.593433
5.592023
5.590483
5.588814
5.587018
5.585099
5.583060
5.580902
5.578629
5.576244
5.573751
5.571154
5.568455
5.565659
5.562769
5.559791
5.556727
5.553583
5.550362
5.547071
5.543712
5.540291
5.536812
5.533282
5.529704
5.526084
5.522427
5.518738
5.515023
5.511286
5.507533
5.503769
5.500000
5.496231
5.492467
5.488714
5.484977
5.481262
5.477573
5.473916
5.470296
5.466718
5.463188
5.459709
5.456288
5.452929
5.449638
5.446417
5.443273
5.440209
5.437231
5.434341
5.431545
5.428846
5.426249
5.423756
5.421371
5.419098
5.416940
5.414901
5.412982
5.411186
5.409517
5.407977
5.406567
5.405290
5.404148
5.403141
5.402273
5.401544
5.400954
5.400505
5.400198
5.400032
5.400008
5.400126
5.400387
5.400788
5.401331
5.402015
5.402837
5.403797
5.404894
5.406126
5.407492
5.408989
5.410616
5.412369
5.414248
5.416247
5.418366
5.420601
5.422949
5.425406
5.427969
5.430634
5.433399
5.436257
5.439207
5.442243
5.445361
5.448556
5.451825
5.455162
5.458562
5.462022
5.465536
5.469098
5.472705
5.476350
5.480029
5.483737
5.487467
5.491215
5.494976
5.498744
5.502513
5.506279
5.510036
5.513779
5.517502
5.521201
5.524869
5.528502
5.532094
5.535641
5.539137
5.542578
5.545958
5.549273
5.552517
5.555687
5.558779
5.561786
5.564705
5.567533
5.570265
5.572897
5.575425
5.577846
5.580157
5.582353
5.584433
5.586392
5.588229
5.589941
5.591524
5.592978
5.594299
5.595487
5.596538
5.597453
5.598229
5.598865
5.599361
5.599716
5.599929
5.600000
5.599929
5.599716
5.599361
5.598865
5.598229
5.597453
5.596538
5.595487
5.594299
5.592978
5.591524
5.589941
5.588229
5.586392
5.584433
5.582353
5.580157
5.577846
5.575425
5.572897
5.570265
5.567533
5.564705
5.561786
5.558779
5.555687
5.552517
5.549273
5.545958
5.542578
5.539137
5.535641
5.532094
5.528502
5.524869
5.521201
5.517502
5.513779
5.510036
5.506279
5.502513
5.498744
5.494976
5.491215
5.487467
5.483737
5.480029
5.476350
5.472705
5.469098
5.465536
5.462022
5.458562
5.455162
5.451825
5.448556
5.445361
5.442243
5.439207
5.436257
5.433399
5.430634
5.427969
5.425406
5.422949
5.420601
5.418366
5.416247
5.414248
5.412369
5.410616
5.408989
5.407492
5.406126
5.404894
5.403797
5.402837
5.402015
5.401331
5.400788
5.400387
5.400126
5.400008
5.400032
5.400198
5.400505
5.400954
5.401544
5.402273
5.403141
5.404148
5.405290
5.406567
5.407977
5.409517
5.411186
5.412982
5.414901
5.416940
5.419098
5.421371
5.423756
5.426249
5.428846
5.431545
5.434341
5.437231
5.440209
5.443273
5.446417
5.449638
5.452929
5.456288
5.459709
5.463188
5.466718
5.470296
5.473916
5.477573
5.481262
5.484977
5.488714
5.492467
5.496231
5.500000
5.503769
5.507533
5.511286
5.515023
5.518738
5.522427
5.526084
5.529704
5.533282
5.536812
5.540291
5.543712
5.547071
5.550362
5.553583
5.556727
5.559791
5.562769
5.565659
5.568455
5.571154
5.573751
5.576244
5.578629
5.580902
5.583060
5.585099
5.587018
5.588814
5.590483
5.592023
5.593433
5.594710
5.595852
5.596859
5.597727
5.598456
5.599046
5.599495
5.599802
5.599968
5.599992
5.599874
5.599613
5.599212
5.598669
5.597985
5.597163
5.596203
5.595106
5.593874
5.592508
5.591011
5.589384
5.587631
5.585752
5.583753
5.581634
5.579399
5.577051
5.574594
5.572031
5.569366
5.566601
5.563743
5.560793
5.557757
5.554639
5.551444
5.548175
5.544838
5.541438
5.537978
5.534464
5.530902
5.527295
5.523650
5.519971
5.516263
5.512533
5.508785
5.505024
5.501256
5.497487
5.493721
5.489964
5.486221
5.482498
5.478799
5.475131
5.471498
5.467906
5.464359
5.460863
5.457422
5.454042
5.450727
5.447483
5.444313
5.441221
5.438214
5.435295
5.432467
5.429735
5.427103
5.424575
5.422154
5.419843
5.417647
5.415567
5.413608
5.411771
5.410059
5.408476
5.407022
5.405701
5.404513
5.403462
5.402547
5.401771
5.401135
5.400639
5.400284
5.400071
5.400000
5.400071
5.400284
5.400639
5.401135
5.401771
5.402547
5.403462
5.404513
5.405701
5.407022
5.408476
5.410059
5.411771
5.413608
5.415567
5.417647
5.419843
5.422154
5.424575
5.427103
5.429735
5.432467
5.435295
5.438214
5.441221
5.444313
5.447483
5.450727
5.454042
5.457422
5.460863
5.464359
5.467906
5.471498
5.475131
5.478799
5.482498
5.486221
5.489964
5.493721
5.497487
5.501256
5.505024
5.508785
5.512533
5.516263
5.519971
5.523650
5.527295
5.530902
5.534464
5.537978
5.541438
5.544838
5.548175
5.551444
5.554639
5.557757
5.560793
5.563743
5.566601
5.569366
5.572031
5.574594
5.577051
5.579399
5.581634
5.583753
5.585752
5.587631
5.589384
5.591011
5.592508
5.593874
5.595106
5.596203
5.597163
5.597985
5.598669
5.599212
5.599613
5.599874
5.599992
5.599968
5.599802
5.599495
5.599046
5.598456
5.597727
5.596859
5.595852
5.594710
5.593433
5.592023
5.590483
5.588814
5.587018
5.585099
5.583060
5.580902
5.578629
5.576244
5.573751
5.571154
5.568455
5.565659
5.562769
5.559791
5.556727
5.553583
5.550362
5.547071
5.543712
5.540291
5.536812
5.533282
5.529704
5.526084
5.522427
5.518738
5.515023
5.511286
5.507533
5.503769
5.500000
5.496231
5.492467
5.488714
5.484977
5.481262
5.477573
5.473916
5.470296
5.466718
5.463188
5.459709
5.456288
5.452929
5.449638
5.446417
5.443273
5.440209
5.437231
5.434341
5.431545
5.428846
5.426249
5.423756
5.421371
5.419098
5.416940
5.414901
5.412982
5.411186
5.409517
5.407977
5.406567
5.405290
5.404148
5.403141
5.402273
5.401544
5.400954
5.400505
5.400198
5.400032
5.400008
5.400126
5.400387
5.400788
5.401331
5.402015
5.402837
5.403797
5.404894
5.406126
5.407492
5.408989
5.410616
5.412369
5.414248
5.416247
5.418366
5.420601
5.422949
5.425406
5.427969
5.430634
5.433399
5.436257
5.439207
5.442243
5.445361
5.448556
5.451825
5.455162
5.458562
5.462022
5.465536
5.469098
5.472705
5.476350
5.480029
5.483737
5.487467
5.491215
5.494976
5.498744
5.502513
5.506279
5.510036
5.513779
5.517502
5.521201
5.524869
5.528502
5.532094
5.535641
5.539137
5.542578
5.545958
5.549273
5.552517
5.555687
5.558779
5.561786
5.564705
5.567533
5.570265
5.572897
5.575425
5.577846
5.580157
5.582353
5.584433
5.586392
5.588229
5.589941
5.591524
5.592978
5.594299
5.595487
5.596538
5.597453
5.598229
5.598865
5.599361
5.599716
5.599929
5.600000
5.599929
5.599716
5.599361
5.598865
5.598229
5.597453
5.596538
5.595487
5.594299
5.592978
5.591524
5.589941
5.588229
5.586392
5.584433
5.582353
5.580157
5.577846
5.575425
5.572897
5.570265
5.567533
5.564705
5.561786
5.558779
5.555687
5.552517
5.549273
5.545958
5.542578
5.539137
5.535641
5.532094
5.528502
5.524869
5.521201
5.517502
5.513779
5.510036
5.506279
5.502513
5.498744
5.494976
5.491215
5.487467
5.483737
5.480029
5.476350
5.472705
5.469098
5.465536
5.462022
5.458562
5.455162
5.451825
5.448556
5.445361
5.442243
5.439207
5.436257
5.433399
5.430634
5.427969
5.425406
5.422949
5.420601
5.418366
5.416247
5.414248
5.412369
5.410616
5.408989
5.407492
5.406126
5.404894
5.403797
5.402837
5.402015
5.401331
5.400788
5.400387
5.400126
5.400008
5.400032
5.400198
5.400505
5.400954
5.401544
5.402273
5.403141
5.404148
5.405290
5.406567
5.407977
5.409517
5.411186
5.412982
5.414901
5.416940
5.419098
5.421371
5.423756
5.426249
5.428846
5.431545
5.434341
5.437231
5.440209
5.443273
5.446417
5.449638
5.452929
5.456288
5.459709
5.463188
5.466718
5.470296
5.473916
5.477573
5.481262
5.484977
5.488714
5.492467
5.496231
5.500000
5.503769
5.507533
5.511286
5.515023
5.518738
5.522427
5.526084
5.529704
5.533282
5.536812
5.540291
5.543712
5.547071
5.550362
5.553583
5.556727
5.559791
5.562769
5.565659
5.568455
5.571154
5.573751
5.576244
5.578629
5.580902
5.583060
5.585099
5.587018
5.588814
5.590483
5.592023
5.593433
5.594710
5.595852
5.596859
5.597727
5.598456
5.599046
5.599495
5.599802
5.599968
5.599992
5.599874
5.599613
5.599212
5.598669
5.597985
5.597163
5.596203
5.595106
5.593874
5.592508
5.591011
5.589384
5.587631
5.585752
5.583753
5.581634
5.579399
5.577051
5.574594
5.572031
5.569366
5.566601
5.563743
5.560793
5.557757
5.554639
5.551444
5.548175
5.544838
5.541438
5.537978
5.534464
5.530902
5.527295
5.523650
5.519971
5.516263
5.512533
5.508785
5.505024
5.501256
5.497487
5.493721
5.489964
5.486221
5.482498
5.478799
5.475131
5.471498
5.467906
5.464359
5.460863
5.457422
5.454042
5.450727
5.447483
5.444313
5.441221
5.438214
5.435295
5.432467
5.429735
5.427103
5.424575
5.422154
5.419843
5.417647
5.415567
5.413608
5.411771
5.410059
5.408476
5.407022
5.405701
5.404513
5.403462
5.402547
5.401771
5.401135
5.400639
5.400284
5.400071
5.400000
5.400071
5.400284
5.400639
5.401135
5.401771
5.402547
5.403462
5.404513
5.405701
5.407022
5.408476
5.410059
5.411771
5.413608
5.415567
5.417647
5.419843
5.422154
5.424575
5.427103
5.429735
5.432467
5.435295
5.438214
5.441221
5.444313
5.447483
5.450727
5.454042
5.457422
5.460863
5.464359
5.467906
5.471498
5.475131
5.478799
5.482498
5.486221
5.489964
5.493721
5.497487
5.501256
5.505024
5.508785
5.512533
5.516263
5.519971
5.523650
5.527295
5.530902
5.534464
5.537978
5.541438
5.544838
5.548175
5.551444
5.554639
5.557757
5.560793
5.563743
5.566601
5.569366
5.572031
5.574594
5.577051
5.579399
5.581634
5.583753
5.585752
5.587631
5.589384
5.591011
5.592508
5.593874
5.595106
5.596203
5.597163
5.597985
5.598669
5.599212
5.599613
5.599874
5.599992
5.599968
5.599802
5.599495
5.599046
5.598456
5.597727
5.596859
5.595852
5.594710
5.593433
5.592023
5.590483
5.588814
5.587018
5.585099
5.583060
5.580902
5.578629
5.576244
5.573751
5.571154
5.568455
5.565659
5.562769
5.559791
5.556727
5.553583
5.550362
5.547071
5.543712
5.540291
5.536812
5.533282
5.529704
5.526084
5.522427
5.518738
5.515023
5.511286
5.507533
5.503769
5.500000
5.496231
5.492467
5.488714
5.484977
5.481262
5.477573
5.473916
5.470296
5.466718
5.463188
5.459709
5.456288
5.452929
5.449638
5.446417
5.443273
5.440209
5.437231
5.434341
5.431545
5.428846
5.426249
5.423756
5.421371
5.419098
5.416940
5.414901
5.412982
5.411186
5.409517
5.407977
5.406567
5.405290
5.404148
5.403141
5.402273
5.401544
5.400954
5.400505
5.400198
5.400032
5.400008
5.400126
5.400387
5.400788
5.401331
5.402015
5.402837
5.403797
5.404894
5.406126
5.407492
5.408989
5.410616
5.412369
5.414248
5.416247
5.418366
5.420601
5.422949
5.425406
5.427969
5.430634
5.433399
5.436257
5.439207
5.442243
5.445361
5.448556
5.451825
5.455162
5.458562
5.462022
5.465536
5.469098
5.472705
5.476350
5.480029
5.483737
5.487467
5.491215
5.494976
5.498744
5.502513
5.506279
5.510036
5.513779
5.517502
5.521201
5.524869
5.528502
5.532094
5.535641
5.539137
5.542578
5.545958
5.549273
5.552517
5.555687
5.558779
5.561786
5.564705
5.567533
5.570265
5.572897
5.575425
5.577846
5.580157
5.582353
5.584433
5.586392
5.588229
5.589941
5.591524
5.592978
5.594299
5.595487
5.596538
5.597453
5.598229
5.598865
5.599361
5.599716
5.599929
5.600000
5.599929
5.599716
5.599361
5.598865
5.598229
5.597453
5.596538
5.595487
5.594299
5.592978
5.591524
5.589941
5.588229
5.586392
5.584433
5.582353
5.580157
5.577846
5.575425
5.572897
5.570265
5.567533
5.564705
5.561786
5.558779
5.555687
5.552517
5.549273
5.545958
5.542578
5.539137
5.535641
5.532094
5.528502
5.524869
5.521201
5.517502
5.513779
5.510036
5.506279
5.502513
5.498744
5.494976
5.491215
5.487467
5.483737
5.480029
5.476350
5.472705
5.469098
5.465536
5.462022
5.458562
5.455162
5.451825
5.448556
5.445361
5.442243
5.439207
5.436257
5.433399
5.430634
5.427969
5.425406
5.422949
5.420601
5.418366
5.416247
5.414248
5.412369
5.410616
5.408989
5.407492
5.406126
5.404894
5.403797
5.402837
5.402015
5.401331
5.400788
5.400387
5.400126
5.400008
5.400032
5.400198
5.400505
5.400954
5.401544
5.402273
5.403141
5.404148
5.405290
5.406567
5.407977
5.409517
5.411186
5.412982
5.414901
5.416940
5.419098
5.421371
5.423756
5.426249
5.428846
5.431545
5.434341
5.437231
5.440209
5.443273
5.446417
5.449638
5.452929
5.456288
5.459709
5.463188
5.466718
5.470296
5.473916
5.477573
5.481262
5.484977
5.488714
5.492467
5.496231
5.500000
5.503769
5.507533
5.511286
5.515023
5.518738
5.522427
5.526084
5.529704
5.533282
5.536812
5.540291
5.543712
5.547071
5.550362
5.553583
5.556727
5.559791
5.562769
5.565659
5.568455
5.571154
5.573751
5.576244
5.578629
5.580902
5.583060
5.585099
5.587018
5.588814
5.590483
5.592023
5.593433
5.594710
5.595852
5.596859
5.597727
5.598456
5.599046
5.599495
5.599802
5.599968
5.599992
5.599874
5.599613
5.599212
5.598669
5.597985
5.597163
5.596203
5.595106
5.593874
5.592508
5.591011
5.589384
5.587631
5.585752
5.583753
5.581634
5.579399
5.577051
5.574594
5.572031
5.569366
5.566601
5.563743
5.560793
5.557757
5.554639
5.551444
5.548175
5.544838
5.541438
5.537978
5.534464
5.530902
5.527295
5.523650
5.519971
5.516263
5.512533
5.508785
5.505024
5.501256
5.497487
5.493721
5.489964
5.486221
5.482498
5.478799
5.475131
5.471498
5.467906
5.464359
5.460863
5.457422
5.454042
5.450727
5.447483
5.444313
5.441221
5.438214
5.435295
5.432467
5.429735
5.427103
5.424575
5.422154
5.419843
5.417647
5.415567
5.413608
5.411771
5.410059
5.408476
5.407022
5.405701
5.404513
5.403462
5.402547
5.401771
5.401135
5.400639
5.400284
5.400071
5.400000
5.400071
5.400284
5.400639
5.401135
5.401771
5.402547
5.403462
5.404513
5.405701
5.407022
5.408476
5.410059
5.411771
5.413608
5.415567
5.417647
5.419843
5.422154
5.424575
5.427103
5.429735
5.432467
5.435295
5.438214
5.441221
5.444313
5.447483
5.450727
5.454042
5.457422
5.460863
5.464359
5.467906
5.471498
5.475131
5.478799
5.482498
5.486221
5.489964
5.493721
5.497487
5.501256
5.505024
5.508785
5.512533
5.516263
5.519971
5.523650
5.527295
5.530902
5.534464
5.537978
5.541438
5.544838
5.548175
5.551444
5.554639
5.557757
5.560793
5.563743
5.566601
5.569366
5.572031
5.574594
5.577051
5.579399
5.581634
5.583753
5.585752
5.587631
5.589384
5.591011
5.592508
5.593874
5.595106
5.596203
5.597163
5.597985
5.598669
5.599212
5.599613
5.599874
5.599992
5.599968
5.599802
5.599495
5.599046
5.598456
5.597727
5.596859
5.595852
5.594710
5.593433
5.592023
5.590483
5.588814
5.587018
5.585099
5.583060
5.580902
5.578629
5.576244
5.573751
5.571154
5.568455
5.565659
5.562769
5.559791
5.556727
5.553583
5.550362
5.547071
5.543712
5.540291
5.536812
5.533282
5.529704
5.526084
5.522427
5.518738
5.515023
5.511286
5.507533
5.503769
5.500000
5.496231
5.492467
5.488714
5.484977
5.481262
5.477573
5.473916
5.470296
5.466718
5.463188
5.459709
5.456288
5.452929
5.449638
5.446417
5.443273
5.440209
5.437231
5.434341
5.431545
5.428846
5.426249
5.423756
5.421371
5.419098
5.416940
5.414901
5.412982
5.411186
5.409517
5.407977
5.406567
5.405290
5.404148
5.403141
5.402273
5.401544
5.400954
5.400505
5.400198
5.400032
5.400008
5.400126
5.400387
5.400788
5.401331
5.402015
5.402837
5.403797
5.404894
5.406126
5.407492
5.408989
5.410616
5.412369
5.414248
5.416247
5.418366
5.420601
5.422949
5.425406
5.427969
5.430634
5.433399
5.436257
5.439207
5.442243
5.445361
5.448556
5.451825
5.455162
5.458562
5.462022
5.465536
5.469098
5.472705
5.476350
5.480029
5.483737
5.487467
5.491215
5.494976
5.498744
5.502513
5.506279
5.510036
5.513779
5.517502
5.521201
5.524869
5.528502
5.532094
5.535641
5.539137
5.542578
5.545958
5.549273
5.552517
5.555687
5.558779
5.561786
5.564705
5.567533
5.570265
5.572897
5.575425
5.577846
5.580157
5.582353
5.584433
5.586392
5.588229
5.589941
5.591524
5.592978
5.594299
5.595487
5.596538
5.597453
5.598229
5.598865
5.599361
5.599716
5.599929
5.600000
5.599929
5.599716
5.599361
5.598865
5.598229
5.597453
5.596538
5.595487
5.594299
5.592978
5.591524
5.589941
5.588229
5.586392
5.584433
5.582353
5.580157
5.577846
5.575425
5.572897
5.570265
5.567533
5.564705
5.561786
5.558779
5.555687
5.552517
5.549273
5.545958
5.542578
5.539137
5.535641
5.532094
5.528502
5.524869
5.521201
5.517502
5.513779
5.510036
5.506279
5.502513
5.498744
5.494976
5.491215
5.487467
5.483737
5.480029
5.476350
5.472705
5.469098
5.465536
5.462022
5.458562
5.455162
5.451825
5.448556
5.445361
5.442243
5.439207
5.436257
5.433399
5.430634
5.427969
5.425406
5.422949
5.420601
5.418366
5.416247
5.414248
5.412369
5.410616
5.408989
5.407492
5.406126
5.404894
5.403797
5.402837
5.402015
5.401331
5.400788
5.400387
5.400126
5.400008
5.400032
5.400198
5.400505
5.400954
5.401544
5.402273
5.403141
5.404148
5.405290
5.406567
5.407977
5.409517
5.411186
5.412982
5.414901
5.416940
5.419098
5.421371
5.423756
5.426249
5.428846
5.431545
5.434341
5.437231
5.440209
5.443273
5.446417
5.449638
5.452929
5.456288
5.459709
5.463188
5.466718
5.470296
5.473916
5.477573
5.481262
5.484977
5.488714
5.492467
5.496231
5.500000
5.503769
5.507533
5.511286
5.515023
5.518738
5.522427
5.526084
5.529704
5.533282
5.536812
5.540291
5.543712
5.547071
5.550362
5.553583
5.556727
5.559791
5.562769
5.565659
5.568455
5.571154
5.573751
5.576244
5.578629
5.580902
5.583060
5.585099
5.587018
5.588814
5.590483
5.592023
5.593433
5.594710
5.595852
5.596859
5.597727
5.598456
5.599046
5.599495
5.599802
5.599968
5.599992
5.599874
5.599613
5.599212
5.598669
5.597985
5.597163
5.596203
5.595106
5.593874
5.592508
5.591011
5.589384
5.587631
5.585752
5.583753
5.581634
5.579399
5.577051
5.574594
5.572031
5.569366
5.566601
5.563743
5.560793
5.557757
5.554639
5.551444
5.548175
5.544838
5.541438
5.537978
5.534464
5.530902
5.527295
5.523650
5.519971
5.516263
5.512533
5.508785
5.505024
5.501256
5.497487
5.493721
5.489964
5.486221
5.482498
5.478799
5.475131
5.471498
5.467906
5.464359
5.460863
5.457422
5.454042
5.450727
5.447483
5.444313
5.441221
5.438214
5.435295
5.432467
5.429735
5.427103
5.424575
5.422154
5.419843
5.417647
5.415567
5.413608
5.411771
5.410059
5.408476
5.407022
5.405701
5.404513
5.403462
5.402547
5.401771
5.401135
5.400639
5.400284
5.400071
5.400000
5.400071
5.400284
5.400639
5.401135
5.401771
5.402547
5.403462
5.404513
5.405701
5.407022
5.408476
5.410059
5.411771
5.413608
5.415567
5.417647
5.419843
5.422154
5.424575
5.427103
5.429735
5.432467
5.435295
5.438214
5.441221
5.444313
5.447483
5.450727
5.454042
5.457422
5.460863
5.464359
5.467906
5.471498
5.475131
5.478799
5.482498
5.486221
5.489964
5.493721
5.497487
5.501256
5.505024
5.508785
5.512533
5.516263
5.519971
5.523650
5.527295
5.530902
5.534464
5.537978
5.541438
5.544838
5.548175
5.551444
5.554639
5.557757
5.560793
5.563743
5.566601
5.569366
5.572031
5.574594
5.577051
5.579399
5.581634
5.583753
5.585752
5.587631
5.589384
5.591011
5.592508
5.593874
5.595106
5.596203
5.597163
5.597985
5.598669
5.599212
5.599613
5.599874
5.599992
5.599968
5.599802
5.599495
5.599046
5.598456
5.597727
5.596859
5.595852
5.594710
5.593433
5.592023
5.590483
5.588814
5.587018
5.585099
5.583060
5.580902
5.578629
5.576244
5.573751
5.571154
5.568455
5.565659
5.562769
5.559791
5.556727
5.553583
5.550362
5.547071
5.543712
5.540291
5.536812
5.533282
5.529704
5.526084
5.522427
5.518738
5.515023
5.511286
5.507533
5.503769
5.500000
5.496231
5.492467
5.488714
5.484977
5.481262
5.477573
5.473916
5.470296
5.466718
5.463188
5.459709
5.456288
5.452929
5.449638
5.446417
5.443273
5.440209
5.437231
5.434341
5.431545
5.428846
5.426249
5.423756
5.421371
5.419098
5.416940
5.414901
5.412982
5.411186
5.409517
5.407977
5.406567
5.405290
5.404148
5.403141
5.402273
5.401544
5.400954
5.400505
5.400198
5.400032
5.400008
5.400126
5.400387
5.400788
5.401331
5.402015
5.402837
5.403797
5.404894
5.406126
5.407492
5.408989
5.410616
5.412369
5.414248
5.416247
5.418366
5.420601
5.422949
5.425406
5.427969
5.430634
5.433399
5.436257
5.439207
5.442243
5.445361
5.448556
5.451825
5.455162
5.458562
5.462022
5.465536
5.469098
5.472705
5.476350
5.480029
5.483737
5.487467
5.491215
5.494976
5.498744
5.502513
5.506279
5.510036
5.513779
5.517502
5.521201
5.524869
5.528502
5.532094
5.535641
5.539137
5.542578
5.545958
5.549273
5.552517
5.555687
5.558779
5.561786
5.564705
5.567533
5.570265
5.572897
5.575425
5.577846
5.580157
5.582353
5.584433
5.586392
5.588229
5.589941
5.591524
5.592978
5.594299
5.595487
5.596538
5.597453
5.598229
5.598865
5.599361
5.599716
5.599929
5.600000
5.599929
5.599716
5.599361
5.598865
5.598229
5.597453
5.596538
5.595487
5.594299
5.592978
5.591524
5.589941
5.588229
5.586392
5.584433
5.582353
5.580157
5.577846
5.575425
5.572897
5.570265
5.567533
5.564705
5.561786
5.558779
5.555687
5.552517
5.549273
5.545958
5.542578
5.539137
5.535641
5.532094
5.528502
5.524869
5.521201
5.517502
5.513779
5.510036
5.506279
5.502513
5.498744
5.494976
5.491215
5.487467
5.483737
5.480029
5.476350
5.472705
5.469098
5.465536
5.462022
5.458562
5.455162
5.451825
5.448556
5.445361
5.442243
5.439207
5.436257
5.433399
5.430634
5.427969
5.425406
5.422949
5.420601
5.418366
5.416247
5.414248
5.412369
5.410616
5.408989
5.407492
5.406126
5.404894
5.403797
5.402837
5.402015
5.401331
5.400788
5.400387
5.400126
5.400008
5.400032
5.400198
5.400505
5.400954
5.401544
5.402273
5.403141
5.404148
5.405290
5.406567
5.407977
5.409517
5.411186
5.412982
5.414901
5.416940
5.419098
5.421371
5.423756
5.426249
5.428846
5.431545
5.434341
5.437231
5.440209
5.443273
5.446417
5.449638
5.452929
5.456288
5.459709
5.463188
5.466718
5.470296
5.473916
5.477573
5.481262
5.484977
5.488714
5.492467
5.496231
5.500000
5.503769
5.507533
5.511286
5.515023
5.518738
5.522427
5.526084
5.529704
5.533282
5.536812
5.540291
5.543712
5.547071
5.550362
5.553583
5.556727
5.559791
5.562769
5.565659
5.568455
5.571154
5.573751
5.576244
5.578629
5.580902
5.583060
5.585099
5.587018
5.588814
5.590483
5.592023
5.593433
5.594710
5.595852
5.596859
5.597727
5.598456
5.599046
5.599495
5.599802
5.599968
5.599992
5.599874
5.599613
5.599212
5.598669
5.597985
5.597163
5.596203
5.595106
5.593874
5.592508
5.591011
5.589384
5.587631
5.585752
5.583753
5.581634
5.579399
5.577051
5.574594
5.572031
5.569366
5.566601
5.563743
5.560793
5.557757
5.554639
5.551444
5.548175
5.544838
5.541438
5.537978
5.534464
5.530902
5.527295
5.523650
5.519971
5.516263
5.512533
5.508785
5.505024
5.501256
5.497487
5.493721
5.489964
5.486221
5.482498
5.478799
5.475131
5.471498
5.467906
5.464359
5.460863
5.457422
5.454042
5.450727
5.447483
5.444313
5.441221
5.438214
5.435295
5.432467
5.429735
5.427103
5.424575
5.422154
5.419843
5.417647
5.415567
5.413608
5.411771
5.410059
5.408476
5.407022
5.405701
5.404513
5.403462
5.402547
5.401771
5.401135
5.400639
5.400284
5.400071
5.400000
5.400071
5.400284
5.400639
5.401135
5.401771
5.402547
5.403462
5.404513
5.405701
5.407022
5.408476
5.410059
5.411771
5.413608
5.415567
5.417647
5.419843
5.422154
5.424575
5.427103
5.429735
5.432467
5.435295
5.438214
5.441221
5.444313
5.447483
5.450727
5.454042
5.457422
5.460863
5.464359
5.467906
5.471498
5.475131
5.478799
5.482498
5.486221
5.489964
5.493721
5.497487
5.501256
5.505024
5.508785
5.512533
5.516263
5.519971
5.523650
5.527295
5.530902
5.534464
5.537978
5.541438
5.544838
5.548175
5.551444
5.554639
5.557757
5.560793
5.563743
5.566601
5.569366
5.572031
5.574594
5.577051
5.579399
5.581634
5.583753
5.585752
5.587631
5.589384
5.591011
5.592508
5.593874
5.595106
5.596203
5.597163
5.597985
5.598669
5.599212
5.599613
5.599874
5.599992
5.599968
5.599802
5.599495
5.599046
5.598456
5.597727
5.596859
5.595852
5.594710
5.593433
5.592023
5.590483
5.588814
5.587018
5.585099
5.583060
5.580902
5.578629
5.576244
5.573751
5.571154
5.568455
5.565659
5.562769
5.559791
5.556727
5.553583
5.550362
5.547071
5.543712
5.540291
5.536812
5.533282
5.529704
5.526084
5.522427
5.518738
5.515023
5.511286
5.507533
5.503769
5.500000
5.496231
5.492467
5.488714
5.484977
5.481262
5.477573
5.473916
5.470296
5.466718
5.463188
5.459709
5.456288
5.452929
5.449638
5.446417
5.443273
5.440209
5.437231
5.434341
5.431545
5.428846
5.426249
5.423756
5.421371
5.419098
5.416940
5.414901
5.412982
5.411186
5.409517
5.407977
5.406567
5.405290
5.404148
5.403141
5.402273
5.401544
5.400954
5.400505
5.400198
5.400032
5.400008
5.400126
5.400387
5.400788
5.401331
5.402015
5.402837
5.403797
5.404894
5.406126
5.407492
5.408989
5.410616
5.412369
5.414248
5.416247
5.418366
5.420601
5.422949
5.425406
5.427969
5.430634
5.433399
5.436257
5.439207
5.442243
5.445361
5.448556
5.451825
5.455162
5.458562
5.462022
5.465536
5.469098
5.472705
5.476350
5.480029
5.483737
5.487467
5.491215
5.494976
5.498744
5.502513
5.506279
5.510036
5.513779
5.517502
5.521201
5.524869
5.528502
5.532094
5.535641
5.539137
5.542578
5.545958
5.549273
5.552517
5.555687
5.558779
5.561786
5.564705
5.567533
5.570265
5.572897
5.575425
5.577846
5.580157
5.582353
5.584433
5.586392
5.588229
5.589941
5.591524
5.592978
5.594299
5.595487
5.596538
5.597453
5.598229
5.598865
5.599361
5.599716
5.599929
5.600000
5.599929
5.599716
5.599361
5.598865
5.598229
5.597453
5.596538
5.595487
5.594299
5.592978
5.591524
5.589941
5.588229
5.586392
5.584433
5.582353
5.580157
5.577846
5.575425
5.572897
5.570265
5.567533
5.564705
5.561786
5.558779
5.555687
5.552517
5.549273
5.545958
5.542578
5.539137
5.535641
5.532094
5.528502
5.524869
5.521201
5.517502
5.513779
5.510036
5.506279
5.502513
5.498744
5.494976
5.491215
5.487467
5.483737
5.480029
5.476350
5.472705
5.469098
5.465536
5.462022
5.458562
5.455162
5.451825
5.448556
5.445361
5.442243
5.439207
5.436257
5.433399
5.430634
5.427969
5.425406
5.422949
5.420601
5.418366
5.416247
5.414248
5.412369
5.410616
5.408989
5.407492
5.406126
5.404894
5.403797
5.402837
5.402015
5.401331
5.400788
5.400387
5.400126
5.400008
5.400032
5.400198
5.400505
5.400954
5.401544
5.402273
5.403141
5.404148
5.405290
5.406567
5.407977
5.409517
5.411186
5.412982
5.414901
5.416940
5.419098
5.421371
5.423756
5.426249
5.428846
5.431545
5.434341
5.437231
5.440209
5.443273
5.446417
5.449638
5.452929
5.456288
5.459709
5.463188
5.466718
5.470296
5.473916
5.477573
5.481262
5.484977
5.488714
5.492467
5.496231
5.500000
5.503769
5.507533
5.511286
5.515023
5.518738
5.522427
5.526084
5.529704
5.533282
5.536812
5.540291
5.543712
5.547071
5.550362
5.553583
5.556727
5.559791
5.562769
5.565659
5.568455
5.571154
5.573751
5.576244
5.578629
5.580902
5.583060
5.585099
5.587018
5.588814
5.590483
5.592023
5.593433
5.594710
5.595852
5.596859
5.597727
5.598456
5.599046
5.599495
5.599802
5.599968
5.599992
5.599874
5.599613
5.599212
5.598669
5.597985
5.597163
5.596203
5.595106
5.593874
5.592508
5.591011
5.589384
5.587631
5.585752
5.583753
5.581634
5.579399
5.577051
5.574594
5.572031
5.569366
5.566601
5.563743
5.560793
5.557757
5.554639
5.551444
5.548175
5.544838
5.541438
5.537978
5.534464
5.530902
5.527295
5.523650
5.519971
5.516263
5.512533
5.508785
5.505024
5.501256
5.497487
5.493721
5.489964
5.486221
5.482498
5.478799
5.475131
5.471498
5.467906
5.464359
5.460863
5.457422
5.454042
5.450727
5.447483
5.444313
5.441221
5.438214
5.435295
5.432467
5.429735
5.427103
5.424575
5.422154
5.419843
5.417647
5.415567
5.413608
5.411771
5.410059
5.408476
5.407022
5.405701
5.404513
5.403462
5.402547
5.401771
5.401135
5.400639
5.400284
5.400071
5.400000
5.400071
5.400284
5.400639
5.401135
5.401771
5.402547
5.403462
5.404513
5.405701
5.407022
5.408476
5.410059
5.411771
5.413608
5.415567
5.417647
5.419843
5.422154
5.424575
5.427103
5.429735
5.432467
5.435295
5.438214
5.441221
5.444313
5.447483
5.450727
5.454042
5.457422
5.460863
5.464359
5.467906
5.471498
5.475131
5.478799
5.482498
5.486221
5.489964
5.493721
5.497487
5.501256
5.505024
5.508785
5.512533
5.516263
5.519971
5.523650
5.527295
5.530902
5.534464
5.537978
5.541438
5.544838
5.548175
5.551444
5.554639
5.557757
5.560793
5.563743
5.566601
5.569366
5.572031
5.574594
5.577051
5.579399
5.581634
5.583753
5.585752
5.587631
5.589384
5.591011
5.592508
5.593874
5.595106
5.596203
5.597163
5.597985
5.598669
5.599212
5.599613
5.599874
5.599992
5.599968
5.599802
5.599495
5.599046
5.598456
5.597727
5.596859
5.595852
5.594710
5.593433
5.592023
5.590483
5.588814
5.587018
5.585099
5.583060
5.580902
5.578629
5.576244
5.573751
5.571154
5.568455
5.565659
5.562769
5.559791
5.556727
5.553583
5.550362
5.547071
5.543712
5.540291
5.536812
5.533282
5.529704
5.526084
5.522427
5.518738
5.515023
5.511286
5.507533
5.503769
5.500000
5.496231
5.492467
5.488714
5.484977
5.481262
5.477573
5.473916
5.470296
5.466718
5.463188
5.459709
5.456288
5.452929
5.449638
5.446417
5.443273
5.440209
5.437231
5.434341
5.431545
5.428846
5.426249
5.423756
5.421371
5.419098
5.416940
5.414901
5.412982
5.411186
5.409517
5.407977
5.406567
5.405290
5.404148
5.403141
5.402273
5.401544
5.400954
5.400505
5.400198
5.400032
5.400008
5.400126
5.400387
5.400788
5.401331
5.402015
5.402837
5.403797
5.404894
5.406126
5.407492
5.408989
5.410616
5.412369
5.414248
5.416247
5.418366
5.420601
5.422949
5.425406
5.427969
5.430634
5.433399
5.436257
5.439207
5.442243
5.445361
5.448556
5.451825
5.455162
5.458562
5.462022
5.465536
5.469098
5.472705
5.476350
5.480029
5.483737
5.487467
5.491215
5.494976
5.498744
5.502513
5.506279
5.510036
5.513779
5.517502
5.521201
5.524869
5.528502
5.532094
5.535641
5.539137
5.542578
5.545958
5.549273
5.552517
5.555687
5.558779
5.561786
5.564705
5.567533
5.570265
5.572897
5.575425
5.577846
5.580157
5.582353
5.584433
5.586392
5.588229
5.589941
5.591524
5.592978
5.594299
5.595487
5.596538
5.597453
5.598229
5.598865
5.599361
5.599716
5.599929
5.600000
5.599929
5.599716
5.599361
5.598865
5.598229
5.597453
5.596538
5.595487
5.594299
5.592978
5.591524
5.589941
5.588229
5.586392
5.584433
5.582353
5.580157
5.577846
5.575425
5.572897
5.570265
5.567533
5.564705
5.561786
5.558779
5.555687
5.552517
5.549273
5.545958
5.542578
5.539137
5.535641
5.532094
5.528502
5.524869
5.521201
5.517502
5.513779
5.510036
5.506279
5.502513
5.498744
5.494976
5.491215
5.487467
5.483737
5.480029
5.476350
5.472705
5.469098
5.465536
5.462022
5.458562
5.455162
5.451825
5.448556
5.445361
5.442243
5.439207
5.436257
5.433399
5.430634
5.427969
5.425406
5.422949
5.420601
5.418366
5.416247
5.414248
5.412369
5.410616
5.408989
5.407492
5.406126
5.404894
5.403797
5.402837
5.402015
5.401331
5.400788
5.400387
5.400126
5.400008
5.400032
5.400198
5.400505
5.400954
5.401544
5.402273
5.403141
5.404148
5.405290
5.406567
5.407977
5.409517
5.411186
5.412982
5.414901
5.416940
5.419098
5.421371
5.423756
5.426249
5.428846
5.431545
5.434341
5.437231
5.440209
5.443273
5.446417
5.449638
5.452929
5.456288
5.459709
5.463188
5.466718
5.470296
5.473916
5.477573
5.481262
5.484977
5.488714
5.492467
5.496231
5.500000
5.503769
5.507533
5.511286
5.515023
5.518738
5.522427
5.526084
5.529704
5.533282
5.536812
5.540291
5.543712
5.547071
5.550362
5.553583
5.556727
5.559791
5.562769
5.565659
5.568455
5.571154
5.573751
5.576244
5.578629
5.580902
5.583060
5.585099
5.587018
5.588814
5.590483
5.592023
5.593433
5.594710
5.595852
5.596859
5.597727
5.598456
5.599046
5.599495
5.599802
5.599968
5.599992
5.599874
5.599613
5.599212
5.598669
5.597985
5.597163
5.596203
5.595106
5.593874
5.592508
5.591011
5.589384
5.587631
5.585752
5.583753
5.581634
5.579399
5.577051
5.574594
5.572031
5.569366
5.566601
5.563743
5.560793
5.557757
5.554639
5.551444
5.548175
5.544838
5.541438
5.537978
5.534464
5.530902
5.527295
5.523650
5.519971
5.516263
5.512533
5.508785
5.505024
5.501256
5.497487
5.493721
5.489964
5.486221
5.482498
5.478799
5.475131
5.471498
5.467906
5.464359
5.460863
5.457422
5.454042
5.450727
5.447483
5.444313
5.441221
5.438214
5.435295
5.432467
5.429735
5.427103
5.424575
5.422154
5.419843
5.417647
5.415567
5.413608
5.411771
5.410059
5.408476
5.407022
5.405701
5.404513
5.403462
5.402547
5.401771
5.401135
5.400639
5.400284
5.400071
5.400000
5.400071
5.400284
5.400639
5.401135
5.401771
5.402547
5.403462
5.404513
5.405701
5.407022
5.408476
5.410059
5.411771
5.413608
5.415567
5.417647
5.419843
5.422154
5.424575
5.427103
5.429735
5.432467
5.435295
5.438214
5.441221
5.444313
5.447483
5.450727
5.454042
5.457422
5.460863
5.464359
5.467906
5.471498
5.475131
5.478799
5.482498
5.486221
5.489964
5.493721
5.497487
5.501256
5.505024
5.508785
5.512533
5.516263
5.519971
5.523650
5.527295
5.530902
5.534464
5.537978
5.541438
5.544838
5.548175
5.551444
5.554639
5.557757
5.560793
5.563743
5.566601
5.569366
5.572031
5.574594
5.577051
5.579399
5.581634
5.583753
5.585752
5.587631
5.589384
5.591011
5.592508
5.593874
5.595106
5.596203
5.597163
5.597985
5.598669
5.599212
5.599613
5.599874
5.599992
5.599968
5.599802
5.599495
5.599046
5.598456
5.597727
5.596859
5.595852
5.594710
5.593433
5.592023
5.590483
5.588814
5.587018
5.585099
5.583060
5.580902
5.578629
5.576244
5.573751
5.571154
5.568455
5.565659
5.562769
5.559791
5.556727
5.553583
5.550362
5.547071
5.543712
5.540291
5.536812
5.533282
5.529704
5.526084
5.522427
5.518738
5.515023
5.511286
5.507533
5.503769
5.500000
5.496231
5.492467
5.488714
5.484977
5.481262
5.477573
5.473916
5.470296
5.466718
5.463188
5.459709
5.456288
5.452929
5.449638
5.446417
5.443273
5.440209
5.437231
5.434341
5.431545
5.428846
5.426249
5.423756
5.421371
5.419098
5.416940
5.414901
5.412982
5.411186
5.409517
5.407977
5.406567
5.405290
5.404148
5.403141
5.402273
5.401544
5.400954
5.400505
5.400198
5.400032
5.400008
5.400126
5.400387
5.400788
5.401331
5.402015
5.402837
5.403797
5.404894
5.406126
5.407492
5.408989
5.410616
5.412369
5.414248
5.416247
5.418366
5.420601
5.422949
5.425406
5.427969
5.430634
5.433399
5.436257
5.439207
5.442243
5.445361
5.448556
5.451825
5.455162
5.458562
5.462022
5.465536
5.469098
5.472705
5.476350
5.480029
5.483737
5.487467
5.491215
5.494976
5.498744
5.502513
5.506279
5.510036
5.513779
5.517502
5.521201
5.524869
5.528502
5.532094
5.535641
5.539137
5.542578
5.545958
5.549273
5.552517
5.555687
5.558779
5.561786
5.564705
5.567533
5.570265
5.572897
5.575425
5.577846
5.580157
5.582353
5.584433
5.586392
5.588229
5.589941
5.591524
5.592978
5.594299
5.595487
5.596538
5.597453
5.598229
5.598865
5.599361
5.599716
5.599929
5.600000
5.599929
5.599716
5.599361
5.598865
5.598229
5.597453
5.596538
5.595487
5.594299
5.592978
5.591524
5.589941
5.588229
5.586392
5.584433
5.582353
5.580157
5.577846
5.575425
5.572897
5.570265
5.567533
5.564705
5.561786
5.558779
5.555687
5.552517
5.549273
5.545958
5.542578
5.539137
5.535641
5.532094
5.528502
5.524869
5.521201
5.517502
5.513779
5.510036
5.506279
5.502513
5.498744
5.494976
5.491215
5.487467
5.483737
5.480029
5.476350
5.472705
5.469098
5.465536
5.462022
5.458562
5.455162
5.451825
5.448556
5.445361
5.442243
5.439207
5.436257
5.433399
5.430634
5.427969
5.425406
5.422949
5.420601
5.418366
5.416247
5.414248
5.412369
5.410616
5.408989
5.407492
5.406126
5.404894
5.403797
5.402837
5.402015
5.401331
5.400788
5.400387
5.400126
5.400008
5.400032
5.400198
5.400505
5.400954
5.401544
5.402273
5.403141
5.404148
5.405290
5.406567
5.407977
5.409517
5.411186
5.412982
5.414901
5.416940
5.419098
5.421371
5.423756
5.426249
5.428846
5.431545
5.434341
5.437231
5.440209
5.443273
5.446417
5.449638
5.452929
5.456288
5.459709
5.463188
5.466718
5.470296
5.473916
5.477573
5.481262
5.484977
5.488714
5.492467
5.496231
5.500000
5.503769
5.507533
5.511286
5.515023
5.518738
5.522427
5.526084
5.529704
5.533282
5.536812
5.540291
5.543712
5.547071
5.550362
5.553583
5.556727
5.559791
5.562769
5.565659
5.568455
5.571154
5.573751
5.576244
5.578629
5.580902
5.583060
5.585099
5.587018
5.588814
5.590483
5.592023
5.593433
5.594710
5.595852
5.596859
5.597727
5.598456
5.599046
5.599495
5.599802
5.599968
5.599992
5.599874
5.599613
5.599212
5.598669
5.597985
5.597163
5.596203
5.595106
5.593874
5.592508
5.591011
5.589384
5.587631
5.585752
5.583753
5.581634
5.579399
5.577051
5.574594
5.572031
5.569366
5.566601
5.563743
5.560793
5.557757
5.554639
5.551444
5.548175
5.544838
5.541438
5.537978
5.534464
5.530902
5.527295
5.523650
5.519971
5.516263
5.512533
5.508785
5.505024
5.501256
5.497487
5.493721
5.489964
5.486221
5.482498
5.478799
5.475131
5.471498
5.467906
5.464359
5.460863
5.457422
5.454042
5.450727
5.447483
5.444313
5.441221
5.438214
5.435295
5.432467
5.429735
5.427103
5.424575
5.422154
5.419843
5.417647
5.415567
5.413608
5.411771
5.410059
5.408476
5.407022
5.405701
5.404513
5.403462
5.402547
5.401771
5.401135
5.400639
5.400284
5.400071
5.400000
5.400071
5.400284
5.400639
5.401135
5.401771
5.402547
5.403462
5.404513
5.405701
5.407022
5.408476
5.410059
5.411771
5.413608
5.415567
5.417647
5.419843
5.422154
5.424575
5.427103
5.429735
5.432467
5.435295
5.438214
5.441221
5.444313
5.447483
5.450727
5.454042
5.457422
5.460863
5.464359
5.467906
5.471498
5.475131
5.478799
5.482498
5.486221
5.489964
5.493721
5.497487
5.501256
5.505024
5.508785
5.512533
5.516263
5.519971
5.523650
5.527295
5.530902
5.534464
5.537978
5.541438
5.544838
5.548175
5.551444
5.554639
5.557757
5.560793
5.563743
5.566601
5.569366
5.572031
5.574594
5.577051
5.579399
5.581634
5.583753
5.585752
5.587631
5.589384
5.591011
5.592508
5.593874
5.595106
5.596203
5.597163
5.597985
5.598669
5.599212
5.599613
5.599874
5.599992
5.599968
5.599802
5.599495
5.599046
5.598456
5.597727
5.596859
5.595852
5.594710
5.593433
5.592023
5.590483
5.588814
5.587018
5.585099
5.583060
5.580902
5.578629
5.576244
5.573751
5.571154
5.568455
5.565659
5.562769
5.559791
5.556727
5.553583
5.550362
5.547071
5.543712
5.540291
5.536812
5.533282
5.529704
5.526084
5.522427
5.518738
5.515023
5.511286
5.507533
5.503769
5.500000
5.496231
5.492467
5.488714
5.484977
5.481262
5.477573
5.473916
5.470296
5.466718
5.463188
5.459709
5.456288
5.452929
5.449638
5.446417
5.443273
5.440209
5.437231
5.434341
5.431545
5.428846
5.426249
5.423756
5.421371
5.419098
5.416940
5.414901
5.412982
5.411186
5.409517
5.407977
5.406567
5.405290
5.404148
5.403141
5.402273
5.401544
5.400954
5.400505
5.400198
5.400032
5.400008
5.400126
5.400387
5.400788
5.401331
5.402015
5.402837
5.403797
5.404894
5.406126
5.407492
5.408989
5.410616
5.412369
5.414248
5.416247
5.418366
5.420601
5.422949
5.425406
5.427969
5.430634
5.433399
5.436257
5.439207
5.442243
5.445361
5.448556
5.451825
5.455162
5.458562
5.462022
5.465536
5.469098
5.472705
5.476350
5.480029
5.483737
5.487467
5.491215
5.494976
5.498744
5.502513
5.506279
5.510036
5.513779
5.517502
5.521201
5.524869
5.528502
5.532094
5.535641
5.539137
5.542578
5.545958
5.549273
5.552517
5.555687
5.558779
5.561786
5.564705
5.567533
5.570265
5.572897
5.575425
5.577846
5.580157
5.582353
5.584433
5.586392
5.588229
5.589941
5.591524
5.592978
5.594299
5.595487
5.596538
5.597453
5.598229
5.598865
5.599361
5.599716
5.599929
5.600000
5.599929
5.599716
5.599361
5.598865
5.598229
5.597453
5.596538
5.595487
5.594299
5.592978
5.591524
5.589941
5.588229
5.586392
5.584433
5.582353
5.580157
5.577846
5.575425
5.572897
5.570265
5.567533
5.564705
5.561786
5.558779
5.555687
5.552517
5.549273
5.545958
5.542578
5.539137
5.535641
5.532094
5.528502
5.524869
5.521201
5.517502
5.513779
5.510036
5.506279
5.502513
5.498744
5.494976
5.491215
5.487467
5.483737
5.480029
5.476350
5.472705
5.469098
5.465536
5.462022
5.458562
5.455162
5.451825
5.448556
5.445361
5.442243
5.439207
5.436257
5.433399
5.430634
5.427969
5.425406
5.422949
5.420601
5.418366
5.416247
5.414248
5.412369
5.410616
5.408989
5.407492
5.406126
5.404894
5.403797
5.402837
5.402015
5.401331
5.400788
5.400387
5.400126
5.400008
5.400032
5.400198
5.400505
5.400954
5.401544
5.402273
5.403141
5.404148
5.405290
5.406567
5.407977
5.409517
5.411186
5.412982
5.414901
5.416940
5.419098
5.421371
5.423756
5.426249
5.428846
5.431545
5.434341
5.437231
5.440209
5.443273
5.446417
5.449638
5.452929
5.456288
5.459709
5.463188
5.466718
5.470296
5.473916
5.477573
5.481262
5.484977
5.488714
5.492467
5.496231
5.500000
5.503769
5.507533
5.511286
5.515023
5.518738
5.522427
5.526084
5.529704
5.533282
5.536812
5.540291
5.543712
5.547071
5.550362
5.553583
5.556727
5.559791
5.562769
5.565659
5.568455
5.571154
5.573751
5.576244
5.578629
5.580902
5.583060
5.585099
5.587018
5.588814
5.590483
5.592023
5.593433
5.594710
5.595852
5.596859
5.597727
5.598456
5.599046
5.599495
5.599802
5.599968
5.599992
5.599874
5.599613
5.599212
5.598669
5.597985
5.597163
5.596203
5.595106
5.593874
5.592508
5.591011
5.589384
5.587631
5.585752
5.583753
5.581634
5.579399
5.577051
5.574594
5.572031
5.569366
5.566601
5.563743
5.560793
5.557757
5.554639
5.551444
5.548175
5.544838
5.541438
5.537978
5.534464
5.530902
5.527295
5.523650
5.519971
5.516263
5.512533
5.508785
5.505024
5.501256
5.497487
5.493721
5.489964
5.486221
5.482498
5.478799
5.475131
5.471498
5.467906
5.464359
5.460863
5.457422
5.454042
5.450727
5.447483
5.444313
5.441221
5.438214
5.435295
5.432467
5.429735
5.427103
5.424575
5.422154
5.419843
5.417647
5.415567
5.413608
5.411771
5.410059
5.408476
5.407022
5.405701
5.404513
5.403462
5.402547
5.401771
5.401135
5.400639
5.400284
5.400071
5.400000
5.400071
5.400284
5.400639
5.401135
5.401771
5.402547
5.403462
5.404513
5.405701
5.407022
5.408476
5.410059
5.411771
5.413608
5.415567
5.417647
5.419843
5.422154
5.424575
5.427103
5.429735
5.432467
5.435295
5.438214
5.441221
5.444313
5.447483
5.450727
5.454042
5.457422
5.460863
5.464359
5.467906
5.471498
5.475131
5.478799
5.482498
5.486221
5.489964
5.493721
5.497487
5.501256
5.505024
5.508785
5.512533
5.516263
5.519971
5.523650
5.527295
5.530902
5.534464
5.537978
5.541438
5.544838
5.548175
5.551444
5.554639
5.557757
5.560793
5.563743
5.566601
5.569366
5.572031
5.574594
5.577051
5.579399
5.581634
5.583753
5.585752
5.587631
5.589384
5.591011
5.592508
5.593874
5.595106
5.596203
5.597163
5.597985
5.598669
5.599212
5.599613
5.599874
5.599992
5.599968
5.599802
5.599495
5.599046
5.598456
5.597727
5.596859
5.595852
5.594710
5.593433
5.592023
5.590483
5.588814
5.587018
5.585099
5.583060
5.580902
5.578629
5.576244
5.573751
5.571154
5.568455
5.565659
5.562769
5.559791
5.556727
5.553583
5.550362
5.547071
5.543712
5.540291
5.536812
5.533282
5.529704
5.526084
5.522427
5.518738
5.515023
5.511286
5.507533
5.503769
5.500000
5.496231
5.492467
5.488714
5.484977
5.481262
5.477573
5.473916
5.470296
5.466718
5.463188
5.459709
5.456288
5.452929
5.449638
5.446417
5.443273
5.440209
5.437231
5.434341
5.431545
5.428846
5.426249
5.423756
5.421371
5.419098
5.416940
5.414901
5.412982
5.411186
5.409517
5.407977
5.406567
5.405290
5.404148
5.403141
5.402273
5.401544
5.400954
5.400505
5.400198
5.400032
5.400008
5.400126
5.400387
5.400788
5.401331
5.402015
5.402837
5.403797
5.404894
5.406126
5.407492
5.408989
5.410616
5.412369
5.414248
5.416247
5.418366
5.420601
5.422949
5.425406
5.427969
5.430634
5.433399
5.436257
5.439207
5.442243
5.445361
5.448556
5.451825
5.455162
5.458562
5.462022
5.465536
5.469098
5.472705
5.476350
5.480029
5.483737
5.487467
5.491215
5.494976
5.498744
5.502513
5.506279
5.510036
5.513779
5.517502
5.521201
5.524869
5.528502
5.532094
5.535641
5.539137
5.542578
5.545958
5.549273
5.552517
5.555687
5.558779
5.561786
5.564705
5.567533
5.570265
5.572897
5.575425
5.577846
5.580157
5.582353
5.584433
5.586392
5.588229
5.589941
5.591524
5.592978
5.594299
5.595487
5.596538
5.597453
5.598229
5.598865
5.599361
5.599716
5.599929
5.600000
5.599929
5.599716
5.599361
5.598865
5.598229
5.597453
5.596538
5.595487
5.594299
5.592978
5.591524
5.589941
5.588229
5.586392
5.584433
5.582353
5.580157
5.577846
5.575425
5.572897
5.570265
5.567533
5.564705
5.561786
5.558779
5.555687
5.552517
5.549273
5.545958
5.542578
5.539137
5.535641
5.532094
5.528502
5.524869
5.521201
5.517502
5.513779
5.510036
5.506279
5.502513
5.498744
5.494976
5.491215
5.487467
5.483737
5.480029
5.476350
5.472705
5.469098
5.465536
5.462022
5.458562
5.455162
5.451825
5.448556
5.445361
5.442243
5.439207
5.436257
5.433399
5.430634
5.427969
5.425406
5.422949
5.420601
5.418366
5.416247
5.414248
5.412369
5.410616
5.408989
5.407492
5.406126
5.404894
5.403797
5.402837
5.402015
5.401331
5.400788
5.400387
5.400126
5.400008
5.400032
5.400198
5.400505
5.400954
5.401544
5.402273
5.403141
5.404148
5.405290
5.406567
5.407977
5.409517
5.411186
5.412982
5.414901
5.416940
5.419098
5.421371
5.423756
5.426249
5.428846
5.431545
5.434341
5.437231
5.440209
5.443273
5.446417
5.449638
5.452929
5.456288
5.459709
5.463188
5.466718
5.470296
5.473916
5.477573
5.481262
5.484977
5.488714
5.492467
5.496231
5.500000
5.503769
5.507533
5.511286
5.515023
5.518738
5.522427
5.526084
5.529704
5.533282
5.536812
5.540291
5.543712
5.547071
5.550362
5.553583
5.556727
5.559791
5.562769
5.565659
5.568455
5.571154
5.573751
5.576244
5.578629
5.580902
5.583060
5.585099
5.587018
5.588814
5.590483
5.592023
5.593433
5.594710
5.595852
5.596859
5.597727
5.598456
5.599046
5.599495
5.599802
5.599968
5.599992
5.599874
5.599613
5.599212
5.598669
5.597985
5.597163
5.596203
5.595106
5.593874
5.592508
5.591011
5.589384
5.587631
5.585752
5.583753
5.581634
5.579399
5.577051
5.574594
5.572031
5.569366
5.566601
5.563743
5.560793
5.557757
5.554639
5.551444
5.548175
5.544838
5.541438
5.537978
5.534464
5.530902
5.527295
5.523650
5.519971
5.516263
5.512533
5.508785
5.505024
5.501256
5.497487
5.493721
5.489964
5.486221
5.482498
5.478799
5.475131
5.471498
5.467906
5.464359
5.460863
5.457422
5.454042
5.450727
5.447483
5.444313
5.441221
5.438214
5.435295
5.432467
5.429735
5.427103
5.424575
5.422154
5.419843
5.417647
5.415567
5.413608
5.411771
5.410059
5.408476
5.407022
5.405701
5.404513
5.403462
5.402547
5.401771
5.401135
5.400639
5.400284
5.400071
5.400000
5.400071
5.400284
5.400639
5.401135
5.401771
5.402547
5.403462
5.404513
5.405701
5.407022
5.408476
5.410059
5.411771
5.413608
5.415567
5.417647
5.419843
5.422154
5.424575
5.427103
5.429735
5.432467
5.435295
5.438214
5.441221
5.444313
5.447483
5.450727
5.454042
5.457422
5.460863
5.464359
5.467906
5.471498
5.475131
5.478799
5.482498
5.486221
5.489964
5.493721
5.497487
5.501256
5.505024
5.508785
5.512533
5.516263
5.519971
5.523650
5.527295
5.530902
5.534464
5.537978
5.541438
5.544838
5.548175
5.551444
5.554639
5.557757
5.560793
5.563743
5.566601
5.569366
5.572031
5.574594
5.577051
5.579399
5.581634
5.583753
5.585752
5.587631
5.589384
5.591011
5.592508
5.593874
5.595106
5.596203
5.597163
5.597985
5.598669
5.599212
5.599613
5.599874
5.599992
5.599968
5.599802
5.599495
5.599046
5.598456
5.597727
5.596859
5.595852
5.594710
5.593433
5.592023
5.590483
5.588814
5.587018
5.585099
5.583060
5.580902
5.578629
5.576244
5.573751
5.571154
5.568455
5.565659
5.562769
5.559791
5.556727
5.553583
5.550362
5.547071
5.543712
5.540291
5.536812
5.533282
5.529704
5.526084
5.522427
5.518738
5.515023
5.511286
5.507533
5.503769
5.500000
5.496231
5.492467
5.488714
5.484977
5.481262
5.477573
5.473916
5.470296
5.466718
5.463188
5.459709
5.456288
5.452929
5.449638
5.446417
5.443273
5.440209
5.437231
5.434341
5.431545
5.428846
5.426249
5.423756
5.421371
5.419098
5.416940
5.414901
5.412982
5.411186
5.409517
5.407977
5.406567
5.405290
5.404148
5.403141
5.402273
5.401544
5.400954
5.400505
5.400198
5.400032
5.400008
5.400126
5.400387
5.400788
5.401331
5.402015
5.402837
5.403797
5.404894
5.406126
5.407492
5.408989
5.410616
5.412369
5.414248
5.416247
5.418366
5.420601
5.422949
5.425406
5.427969
5.430634
5.433399
5.436257
5.439207
5.442243
5.445361
5.448556
5.451825
5.455162
5.458562
5.462022
5.465536
5.469098
5.472705
5.476350
5.480029
5.483737
5.487467
5.491215
5.494976
5.498744
5.502513
5.506279
5.510036
5.513779
5.517502
5.521201
5.524869
5.528502
5.532094
5.535641
5.539137
5.542578
5.545958
5.549273
5.552517
5.555687
5.558779
5.561786
5.564705
5.567533
5.570265
5.572897
5.575425
5.577846
5.580157
5.582353
5.584433
5.586392
5.588229
5.589941
5.591524
5.592978
5.594299
5.595487
5.596538
5.597453
5.598229
5.598865
5.599361
5.599716
5.599929
5.600000
5.599929
5.599716
5.599361
5.598865
5.598229
5.597453
5.596538
5.595487
5.594299
5.592978
5.591524
5.589941
5.588229
5.586392
5.584433
5.582353
5.580157
5.577846
5.575425
5.572897
5.570265
5.567533
5.564705
5.561786
5.558779
5.555687
5.552517
5.549273
5.545958
5.542578
5.539137
5.535641
5.532094
5.528502
5.524869
5.521201
5.517502
5.513779
5.510036
5.506279
5.502513
5.498744
5.494976
5.491215
5.487467
5.483737
5.480029
5.476350
5.472705
5.469098
5.465536
5.462022
5.458562
5.455162
5.451825
5.448556
5.445361
5.442243
5.439207
5.436257
5.433399
5.430634
5.427969
5.425406
5.422949
5.420601
5.418366
5.416247
5.414248
5.412369
5.410616
5.408989
5.407492
5.406126
5.404894
5.403797
5.402837
5.402015
5.401331
5.400788
5.400387
5.400126
5.400008
5.400032
5.400198
5.400505
5.400954
5.401544
5.402273
5.403141
5.404148
5.405290
5.406567
5.407977
5.409517
5.411186
5.412982
5.414901
5.416940
5.419098
5.421371
5.423756
5.426249
5.428846
5.431545
5.434341
5.437231
5.440209
5.443273
5.446417
5.449638
5.452929
5.456288
5.459709
5.463188
5.466718
5.470296
5.473916
5.477573
5.481262
5.484977
5.488714
5.492467
5.496231
5.500000
5.503769
5.507533
5.511286
5.515023
5.518738
5.522427
5.526084
5.529704
5.533282
5.536812
5.540291
5.543712
5.547071
5.550362
5.553583
5.556727
5.559791
5.562769
5.565659
5.568455
5.571154
5.573751
5.576244
5.578629
5.580902
5.583060
5.585099
5.587018
5.588814
5.590483
5.592023
5.593433
5.594710
5.595852
5.596859
5.597727
5.598456
5.599046
5.599495
5.599802
5.599968
5.599992
5.599874
5.599613
5.599212
5.598669
5.597985
5.597163
5.596203
5.595106
5.593874
5.592508
5.591011
5.589384
5.587631
5.585752
5.583753
5.581634
5.579399
5.577051
5.574594
5.572031
5.569366
5.566601
5.563743
5.560793
5.557757
5.554639
5.551444
5.548175
5.544838
5.541438
5.537978
5.534464
5.530902
5.527295
5.523650
5.519971
5.516263
5.512533
5.508785
5.505024
5.501256
5.497487
5.493721
5.489964
5.486221
5.482498
5.478799
5.475131
5.471498
5.467906
5.464359
5.460863
5.457422
5.454042
5.450727
5.447483
5.444313
5.441221
5.438214
5.435295
5.432467
5.429735
5.427103
5.424575
5.422154
5.419843
5.417647
5.415567
5.413608
5.411771
5.410059
5.408476
5.407022
5.405701
5.404513
5.403462
5.402547
5.401771
5.401135
5.400639
5.400284
5.400071
5.400000
5.400071
5.400284
5.400639
5.401135
5.401771
5.402547
5.403462
5.404513
5.405701
5.407022
5.408476
5.410059
5.411771
5.413608
5.415567
5.417647
5.419843
5.422154
5.424575
5.427103
5.429735
5.432467
5.435295
5.438214
5.441221
5.444313
5.447483
5.450727
5.454042
5.457422
5.460863
5.464359
5.467906
5.471498
5.475131
5.478799
5.482498
5.486221
5.489964
5.493721
5.497487
5.501256
5.505024
5.508785
5.512533
5.516263
5.519971
5.523650
5.527295
5.530902
5.534464
5.537978
5.541438
5.544838
5.548175
5.551444
5.554639
5.557757
5.560793
5.563743
5.566601
5.569366
5.572031
5.574594
5.577051
5.579399
5.581634
5.583753
5.585752
5.587631
5.589384
5.591011
5.592508
5.593874
5.595106
5.596203
5.597163
5.597985
5.598669
5.599212
5.599613
5.599874
5.599992
5.599968
5.599802
5.599495
5.599046
5.598456
5.597727
5.596859
5.595852
5.594710
5.593433
5.592023
5.590483
5.588814
5.587018
5.585099
5.583060
5.580902
5.578629
5.576244
5.573751
5.571154
5.568455
5.565659
5.562769
5.559791
5.556727
5.553583
5.550362
5.547071
5.543712
5.540291
5.536812
5.533282
5.529704
5.526084
5.522427
5.518738
5.515023
5.511286
5.507533
5.503769
5.500000
5.496231
5.492467
5.488714
5.484977
5.481262
5.477573
5.473916
5.470296
5.466718
5.463188
5.459709
5.456288
5.452929
5.449638
5.446417
5.443273
5.440209
5.437231
5.434341
5.431545
5.428846
5.426249
5.423756
5.421371
5.419098
5.416940
5.414901
5.412982
5.411186
5.409517
5.407977
5.406567
5.405290
5.404148
5.403141
5.402273
5.401544
5.400954
5.400505
5.400198
5.400032
5.400008
5.400126
5.400387
5.400788
5.401331
5.402015
5.402837
5.403797
5.404894
5.406126
5.407492
5.408989
5.410616
5.412369
5.414248
5.416247
5.418366
5.420601
5.422949
5.425406
5.427969
5.430634
5.433399
5.436258
5.439207
5.442243
5.445361
5.448556
5.451825
5.455162
5.458562
5.462022
5.465536
5.469098
5.472705
5.476350
5.480029
5.483737
5.487467
5.491215
5.494976
5.498744
5.502513
5.506279
5.510036
5.513779
5.517502
5.521201
5.524869
5.528502
5.532094
5.535641
5.539137
5.542578
5.545958
5.549273
5.552517
5.555687
5.558778
5.561786
5.564705
5.567533
5.570265
5.572897
5.575425
5.577846
5.580157
5.582353
5.584433
5.586392
5.588229
5.589941
5.591524
5.592978
5.594299
5.595487
5.596538
5.597453
5.598229
5.598865
5.599361
5.599716
5.599929
5.600000
5.599929
5.599716
5.599361
5.598865
5.598229
5.597453
5.596538
5.595487
5.594299
5.592978
5.591524
5.589941
5.588229
5.586392
5.584433
5.582353
5.580157
5.577846
5.575425
5.572897
5.570265
5.567533
5.564705
5.561786
5.558778
5.555687
5.552517
5.549273
5.545958
5.542578
5.539137
5.535641
5.532094
5.528502
5.524869
5.521201
5.517502
5.513779
5.510036
5.506279
5.502513
5.498744
5.494976
5.491215
5.487467
5.483737
5.480029
5.476350
5.472705
5.469098
5.465536
5.462022
5.458562
5.455162
5.451825
5.448556
5.445361
5.442243
5.439207
5.436258
5.433399
5.430634
5.427969
5.425406
5.422949
5.420601
5.418366
5.416247
5.414248
5.412369
5.410616
5.408989
5.407492
5.406126
5.404894
5.403797
5.402837
5.402015
5.401331
5.400789
5.400387
5.400126
5.400008
5.400032
5.400198
5.400505
5.400954
5.401544
5.402273
5.403142
5.404148
5.405290
5.406567
5.407977
5.409517
5.411187
5.412982
5.414901
5.416941
5.419098
5.421371
5.423756
5.426249
5.428847
5.431546
5.434341
5.437231
5.440210
5.443274
5.446418
5.449638
5.452930
5.456289
5.459710
5.463188
5.466718
5.470296
5.473916
5.477573
5.481262
5.484978
5.488715
5.492467
5.496231
5.500000
5.503769
5.507533
5.511285
5.515022
5.518737
5.522426
5.526083
5.529703
5.533280
5.536810
5.540288
5.543709
5.547067
5.550358
5.553578
5.556722
5.559784
5.562762
5.565650
5.568446
5.571143
5.573740
5.576231
5.578614
5.580884
5.583040
5.585078
5.586994
5.588786
5.590452
5.591989
5.593395
5.594668
5.595806
5.596807
5.597670
5.598393
5.598977
5.599419
5.599719
5.599876
5.599891
5.599762
5.599492
5.599079
5.598524
5.597828
5.596992
5.596017
5.594905
5.593656
5.592273
5.590757
5.589112
5.587338
5.585439
5.583416
5.581275
5.579016
5.576644
5.574162
5.571574
5.568883
5.566094
5.563211
5.560238
5.557180
5.554041
5.550827
5.547543
5.544194
5.540785
5.537323
5.533814
5.530264
5.526679
5.523066
5.519432
5.515783
5.512129
5.508475
5.504831
5.501204
5.497602
5.494036
5.490513
5.487043
5.483636
5.480302
5.477050
5.473892
5.470837
5.467896
5.465080
5.462400
5.459867
5.457491
5.455283
5.453252
5.451408
5.449760
5.448316
5.447083
5.446065
5.445270
5.444698
5.444352
5.444232
5.444334
5.444654
5.445187
5.445924
5.446856
5.447969
5.449251
5.450686
5.452257
5.453948
5.455739
5.457613
5.459552
5.461537
5.463550
5.465575
5.467595
5.469596
5.471565
5.473491
5.475362
5.477170
5.478909
5.480572
5.482156
5.483657
5.485074
5.486405
5.487653
5.488816
5.489898
5.490901
5.491827
5.492680
5.493463
5.494179
5.494833
5.495429
5.495969
5.496459
5.496900
5.497298
5.497655
5.497976
5.498261
5.498517
5.498743
5.498943
5.499120
5.499275
5.499412
5.499531
5.499635
5.499724
5.499802
5.499868
5.499925
5.499972
5.500012
