5.500000
5.500069
5.500150
5.500246
5.500358
5.500486
5.500634
5.500803
5.500994
5.501210
5.501451
5.501722
5.502022
5.502353
5.502718
5.503119
5.503555
5.504028
5.504539
5.505089
5.505677
5.506301
5.506962
5.507657
5.508381
5.509132
5.509905
5.510692
5.511486
5.512278
5.513056
5.513810
5.514526
5.515187
5.515779
5.516281
5.516675
5.516942
5.517060
5.517006
5.516761
5.516303
5.515611
5.514668
5.513456
5.511962
5.510174
5.508086
5.505692
5.502995
5.500000
5.496716
5.493159
5.489347
5.485305
5.481061
5.476644
5.472090
5.467436
5.462720
5.457983
5.453264
5.448605
5.444046
5.439624
5.435380
5.431345
5.427557
5.424043
5.420833
5.417951
5.415419
5.413257
5.411480
5.410102
5.409132
5.408579
5.408445
5.408734
5.409443
5.410571
5.412111
5.414057
5.416398
5.419122
5.422217
5.425667
5.429457
5.433567
5.437979
5.442673
5.447627
5.452819
5.458225
5.463822
5.469585
5.475489
5.481508
5.487617
5.493790
5.500000
5.506222
5.512429
5.518596
5.524696
5.530706
5.536600
5.542353
5.547943
5.553347
5.558543
5.563509
5.568226
5.572675
5.576837
5.580696
5.584237
5.587445
5.590308
5.592814
5.594953
5.596716
5.598097
5.599091
5.599692
5.599899
5.599710
5.599128
5.598153
5.596790
5.595045
5.592923
5.590435
5.587588
5.584395
5.580869
5.577023
5.572872
5.568434
5.563725
5.558764
5.553570
5.548165
5.542570
5.536806
5.530897
5.524865
5.518735
5.512532
5.506279
5.500000
5.493721
5.487468
5.481263
5.475133
5.469100
5.463190
5.457424
5.451827
5.446420
5.441224
5.436260
5.431548
5.427105
5.422951
5.419100
5.415569
5.412371
5.409519
5.407024
5.404896
5.403143
5.401772
5.400790
5.400198
5.400001
5.400198
5.400789
5.401772
5.403142
5.404895
5.407023
5.409518
5.412370
5.415567
5.419099
5.422949
5.427104
5.431546
5.436258
5.441222
5.446417
5.451825
5.457422
5.463188
5.469099
5.475131
5.481262
5.487467
5.493721
5.500000
5.506279
5.512533
5.518738
5.524869
5.530902
5.536812
5.542578
5.548175
5.553583
5.558778
5.563742
5.568455
5.572897
5.577051
5.580902
5.584433
5.587631
5.590483
5.592978
5.595106
5.596859
5.598229
5.599212
5.599802
5.600000
5.599802
5.599212
5.598229
5.596859
5.595106
5.592978
5.590483
5.587631
5.584433
5.580902
5.577051
5.572897
5.568455
5.563742
5.558778
5.553583
5.548175
5.542578
5.536812
5.530902
5.524869
5.518738
5.512533
5.506279
5.500000
5.493721
5.487467
5.481262
5.475131
5.469098
5.463188
5.457422
5.451825
5.446417
5.441222
5.436258
5.431545
5.427103
5.422949
5.419098
5.415567
5.412369
5.409517
5.407022
5.404894
5.403141
5.401771
5.400788
5.400198
5.400000
5.400198
5.400788
5.401771
5.403141
5.404894
5.407022
5.409517
5.412369
5.415567
5.419098
5.422949
5.427103
5.431545
5.436258
5.441222
5.446417
5.451825
5.457422
5.463188
5.469098
5.475131
5.481262
5.487467
5.493721
5.500000
5.506279
5.512533
5.518738
5.524869
5.530902
5.536812
5.542578
5.548175
5.553583
5.558778
5.563742
5.568455
5.572897
5.577051
5.580902
5.584433
5.587631
5.590483
5.592978
5.595106
5.596859
5.598229
5.599212
5.599802
5.600000
5.599802
5.599212
5.598229
5.596859
5.595106
5.592978
5.590483
5.587631
5.584433
5.580902
5.577051
5.572897
5.568455
5.563742
5.558778
5.553583
5.548175
5.542578
5.536812
5.530902
5.524869
5.518738
5.512533
5.506279
5.500000
5.493721
5.487467
5.481262
5.475131
5.469098
5.463188
5.457422
5.451825
5.446417
5.441222
5.436258
5.431545
5.427103
5.422949
5.419098
5.415567
5.412369
5.409517
5.407022
5.404894
5.403141
5.401771
5.400788
5.400198
5.400000
5.400198
5.400788
5.401771
5.403141
5.404894
5.407022
5.409517
5.412369
5.415567
5.419098
5.422949
5.427103
5.431545
5.436258
5.441222
5.446417
5.451825
5.457422
5.463188
5.469098
5.475131
5.481262
5.487467
5.493721
5.500000
5.506279
5.512533
5.518738
5.524869
5.530902
5.536812
5.542578
5.548175
5.553583
5.558779
5.563743
5.568455
5.572897
5.577051
5.580902
5.584433
5.587631
5.590483
5.592978
5.595106
5.596859
5.598229
5.599212
5.599802
5.600000
5.599802
5.599212
5.598229
5.596859
5.595106
5.592978
5.590483
5.587631
5.584433
5.580902
5.577051
5.572897
5.568455
5.563743
5.558779
5.553583
5.548175
5.542578
5.536812
5.530902
5.524869
5.518738
5.512533
5.506279
5.500000
5.493721
5.487467
5.481262
5.475131
5.469098
5.463188
5.457422
5.451825
5.446417
5.441221
5.436257
5.431545
5.427103
5.422949
5.419098
5.415567
5.412369
5.409517
5.407022
5.404894
5.403141
5.401771
5.400788
5.400198
5.400000
5.400198
5.400788
5.401771
5.403141
5.404894
5.407022
5.409517
5.412369
5.415567
5.419098
5.422949
5.427103
5.431545
5.436257
5.441221
5.446417
5.451825
5.457422
5.463188
5.469098
5.475131
5.481262
5.487467
5.493721
5.500000
5.506279
5.512533
5.518738
5.524869
5.530902
5.536812
5.542578
5.548175
5.553583
5.558779
5.563743
5.568455
5.572897
5.577051
5.580902
5.584433
5.587631
5.590483
5.592978
5.595106
5.596859
5.598229
5.599212
5.599802
5.600000
5.599802
5.599212
5.598229
5.596859
5.595106
5.592978
5.590483
5.587631
5.584433
5.580902
5.577051
5.572897
5.568455
5.563743
5.558779
5.553583
5.548175
5.542578
5.536812
5.530902
5.524869
5.518738
5.512533
5.506279
5.500000
5.493721
5.487467
5.481262
5.475131
5.469098
5.463188
5.457422
5.451825
5.446417
5.441221
5.436257
5.431545
5.427103
5.422949
5.419098
5.415567
5.412369
5.409517
5.407022
5.404894
5.403141
5.401771
5.400788
5.400198
5.400000
5.400198
5.400788
5.401771
5.403141
5.404894
5.407022
5.409517
5.412369
5.415567
5.419098
5.422949
5.427103
5.431545
5.436257
5.441221
5.446417
5.451825
5.457422
5.463188
5.469098
5.475131
5.481262
5.487467
5.493721
5.500000
5.506279
5.512533
5.518738
5.524869
5.530902
5.536812
5.542578
5.548175
5.553583
5.558779
5.563743
5.568455
5.572897
5.577051
5.580902
5.584433
5.587631
5.590483
5.592978
5.595106
5.596859
5.598229
5.599212
5.599802
5.600000
5.599802
5.599212
5.598229
5.596859
5.595106
5.592978
5.590483
5.587631
5.584433
5.580902
5.577051
5.572897
5.568455
5.563743
5.558779
5.553583
5.548175
5.542578
5.536812
5.530902
5.524869
5.518738
5.512533
5.506279
5.500000
5.493721
5.487467
5.481262
5.475131
5.469098
5.463188
5.457422
5.451825
5.446417
5.441221
5.436257
5.431545
5.427103
5.422949
5.419098
5.415567
5.412369
5.409517
5.407022
5.404894
5.403141
5.401771
5.400788
5.400198
5.400000
5.400198
5.400788
5.401771
5.403141
5.404894
5.407022
5.409517
5.412369
5.415567
5.419098
5.422949
5.427103
5.431545
5.436257
5.441221
5.446417
5.451825
5.457422
5.463188
5.469098
5.475131
5.481262
5.487467
5.493721
5.500000
5.506279
5.512533
5.518738
5.524869
5.530902
5.536812
5.542578
5.548175
5.553583
5.558779
5.563743
5.568455
5.572897
5.577051
5.580902
5.584433
5.587631
5.590483
5.592978
5.595106
5.596859
5.598229
5.599212
5.599802
5.600000
5.599802
5.599212
5.598229
5.596859
5.595106
5.592978
5.590483
5.587631
5.584433
5.580902
5.577051
5.572897
5.568455
5.563743
5.558779
5.553583
5.548175
5.542578
5.536812
5.530902
5.524869
5.518738
5.512533
5.506279
5.500000
5.493721
5.487467
5.481262
5.475131
5.469098
5.463188
5.457422
5.451825
5.446417
5.441221
5.436257
5.431545
5.427103
5.422949
5.419098
5.415567
5.412369
5.409517
5.407022
5.404894
5.403141
5.401771
5.400788
5.400198
5.400000
5.400198
5.400788
5.401771
5.403141
5.404894
5.407022
5.409517
5.412369
5.415567
5.419098
5.422949
5.427103
5.431545
5.436257
5.441221
5.446417
5.451825
5.457422
5.463188
5.469098
5.475131
5.481262
5.487467
5.493721
5.500000
5.506279
5.512533
5.518738
5.524869
5.530902
5.536812
5.542578
5.548175
5.553583
5.558779
5.563743
5.568455
5.572897
5.577051
5.580902
5.584433
5.587631
5.590483
5.592978
5.595106
5.596859
5.598229
5.599212
5.599802
5.600000
5.599802
5.599212
5.598229
5.596859
5.595106
5.592978
5.590483
5.587631
5.584433
5.580902
5.577051
5.572897
5.568455
5.563743
5.558779
5.553583
5.548175
5.542578
5.536812
5.530902
5.524869
5.518738
5.512533
5.506279
5.500000
5.493721
5.487467
5.481262
5.475131
5.469098
5.463188
5.457422
5.451825
5.446417
5.441221
5.436257
5.431545
5.427103
5.422949
5.419098
5.415567
5.412369
5.409517
5.407022
5.404894
5.403141
5.401771
5.400788
5.400198
5.400000
5.400198
5.400788
5.401771
5.403141
5.404894
5.407022
5.409517
5.412369
5.415567
5.419098
5.422949
5.427103
5.431545
5.436257
5.441221
5.446417
5.451825
5.457422
5.463188
5.469098
5.475131
5.481262
5.487467
5.493721
5.500000
5.506279
5.512533
5.518738
5.524869
5.530902
5.536812
5.542578
5.548175
5.553583
5.558779
5.563743
5.568455
5.572897
5.577051
5.580902
5.584433
5.587631
5.590483
5.592978
5.595106
5.596859
5.598229
5.599212
5.599802
5.600000
5.599802
5.599212
5.598229
5.596859
5.595106
5.592978
5.590483
5.587631
5.584433
5.580902
5.577051
5.572897
5.568455
5.563743
5.558779
5.553583
5.548175
5.542578
5.536812
5.530902
5.524869
5.518738
5.512533
5.506279
5.500000
5.493721
5.487467
5.481262
5.475131
5.469098
5.463188
5.457422
5.451825
5.446417
5.441221
5.436257
5.431545
5.427103
5.422949
5.419098
5.415567
5.412369
5.409517
5.407022
5.404894
5.403141
5.401771
5.400788
5.400198
5.400000
5.400198
5.400788
5.401771
5.403141
5.404894
5.407022
5.409517
5.412369
5.415567
5.419098
5.422949
5.427103
5.431545
5.436257
5.441221
5.446417
5.451825
5.457422
5.463188
5.469098
5.475131
5.481262
5.487467
5.493721
5.500000
5.506279
5.512533
5.518738
5.524869
5.530902
5.536812
5.542578
5.548175
5.553583
5.558779
5.563743
5.568455
5.572897
5.577051
5.580902
5.584433
5.587631
5.590483
5.592978
5.595106
5.596859
5.598229
5.599212
5.599802
5.600000
5.599802
5.599212
5.598229
5.596859
5.595106
5.592978
5.590483
5.587631
5.584433
5.580902
5.577051
5.572897
5.568455
5.563743
5.558779
5.553583
5.548175
5.542578
5.536812
5.530902
5.524869
5.518738
5.512533
5.506279
5.500000
5.493721
5.487467
5.481262
5.475131
5.469098
5.463188
5.457422
5.451825
5.446417
5.441221
5.436257
5.431545
5.427103
5.422949
5.419098
5.415567
5.412369
5.409517
5.407022
5.404894
5.403141
5.401771
5.400788
5.400198
5.400000
5.400198
5.400788
5.401771
5.403141
5.404894
5.407022
5.409517
5.412369
5.415567
5.419098
5.422949
5.427103
5.431545
5.436257
5.441221
5.446417
5.451825
5.457422
5.463188
5.469098
5.475131
5.481262
5.487467
5.493721
5.500000
5.506279
5.512533
5.518738
5.524869
5.530902
5.536812
5.542578
5.548175
5.553583
5.558779
5.563743
5.568455
5.572897
5.577051
5.580902
5.584433
5.587631
5.590483
5.592978
5.595106
5.596859
5.598229
5.599212
5.599802
5.600000
5.599802
5.599212
5.598229
5.596859
5.595106
5.592978
5.590483
5.587631
5.584433
5.580902
5.577051
5.572897
5.568455
5.563743
5.558779
5.553583
5.548175
5.542578
5.536812
5.530902
5.524869
5.518738
5.512533
5.506279
5.500000
5.493721
5.487467
5.481262
5.475131
5.469098
5.463188
5.457422
5.451825
5.446417
5.441221
5.436257
5.431545
5.427103
5.422949
5.419098
5.415567
5.412369
5.409517
5.407022
5.404894
5.403141
5.401771
5.400788
5.400198
5.400000
5.400198
5.400788
5.401771
5.403141
5.404894
5.407022
5.409517
5.412369
5.415567
5.419098
5.422949
5.427103
5.431545
5.436257
5.441221
5.446417
5.451825
5.457422
5.463188
5.469098
5.475131
5.481262
5.487467
5.493721
5.500000
5.506279
5.512533
5.518738
5.524869
5.530902
5.536812
5.542578
5.548175
5.553583
5.558779
5.563743
5.568455
5.572897
5.577051
5.580902
5.584433
5.587631
5.590483
5.592978
5.595106
5.596859
5.598229
5.599212
5.599802
5.600000
5.599802
5.599212
5.598229
5.596859
5.595106
5.592978
5.590483
5.587631
5.584433
5.580902
5.577051
5.572897
5.568455
5.563743
5.558779
5.553583
5.548175
5.542578
5.536812
5.530902
5.524869
5.518738
5.512533
5.506279
5.500000
5.493721
5.487467
5.481262
5.475131
5.469098
5.463188
5.457422
5.451825
5.446417
5.441221
5.436257
5.431545
5.427103
5.422949
5.419098
5.415567
5.412369
5.409517
5.407022
5.404894
5.403141
5.401771
5.400788
5.400198
5.400000
5.400198
5.400788
5.401771
5.403141
5.404894
5.407022
5.409517
5.412369
5.415567
5.419098
5.422949
5.427103
5.431545
5.436257
5.441221
5.446417
5.451825
5.457422
5.463188
5.469098
5.475131
5.481262
5.487467
5.493721
5.500000
5.506279
5.512533
5.518738
5.524869
5.530902
5.536812
5.542578
5.548175
5.553583
5.558779
5.563743
5.568455
5.572897
5.577051
5.580902
5.584433
5.587631
5.590483
5.592978
5.595106
5.596859
5.598229
5.599212
5.599802
5.600000
5.599802
5.599212
5.598229
5.596859
5.595106
5.592978
5.590483
5.587631
5.584433
5.580902
5.577051
5.572897
5.568455
5.563743
5.558779
5.553583
5.548175
5.542578
5.536812
5.530902
5.524869
5.518738
5.512533
5.506279
5.500000
5.493721
5.487467
5.481262
5.475131
5.469098
5.463188
5.457422
5.451825
5.446417
5.441221
5.436257
5.431545
5.427103
5.422949
5.419098
5.415567
5.412369
5.409517
5.407022
5.404894
5.403141
5.401771
5.400788
5.400198
5.400000
5.400198
5.400788
5.401771
5.403141
5.404894
5.407022
5.409517
5.412369
5.415567
5.419098
5.422949
5.427103
5.431545
5.436257
5.441221
5.446417
5.451825
5.457422
5.463188
5.469098
5.475131
5.481262
5.487467
5.493721
5.500000
5.506279
5.512533
5.518738
5.524869
5.530902
5.536812
5.542578
5.548175
5.553583
5.558779
5.563743
5.568455
5.572897
5.577051
5.580902
5.584433
5.587631
5.590483
5.592978
5.595106
5.596859
5.598229
5.599212
5.599802
5.600000
5.599802
5.599212
5.598229
5.596859
5.595106
5.592978
5.590483
5.587631
5.584433
5.580902
5.577051
5.572897
5.568455
5.563743
5.558779
5.553583
5.548175
5.542578
5.536812
5.530902
5.524869
5.518738
5.512533
5.506279
5.500000
5.493721
5.487467
5.481262
5.475131
5.469098
5.463188
5.457422
5.451825
5.446417
5.441221
5.436257
5.431545
5.427103
5.422949
5.419098
5.415567
5.412369
5.409517
5.407022
5.404894
5.403141
5.401771
5.400788
5.400198
5.400000
5.400198
5.400788
5.401771
5.403141
5.404894
5.407022
5.409517
5.412369
5.415567
5.419098
5.422949
5.427103
5.431545
5.436257
5.441221
5.446417
5.451825
5.457422
5.463188
5.469098
5.475131
5.481262
5.487467
5.493721
5.500000
5.506279
5.512533
5.518738
5.524869
5.530902
5.536812
5.542578
5.548175
5.553583
5.558779
5.563743
5.568455
5.572897
5.577051
5.580902
5.584433
5.587631
5.590483
5.592978
5.595106
5.596859
5.598229
5.599212
5.599802
5.600000
5.599802
5.599212
5.598229
5.596859
5.595106
5.592978
5.590483
5.587631
5.584433
5.580902
5.577051
5.572897
5.568455
5.563743
5.558779
5.553583
5.548175
5.542578
5.536812
5.530902
5.524869
5.518738
5.512533
5.506279
5.500000
5.493721
5.487467
5.481262
5.475131
5.469098
5.463188
5.457422
5.451825
5.446417
5.441221
5.436257
5.431545
5.427103
5.422949
5.419098
5.415567
5.412369
5.409517
5.407022
5.404894
5.403141
5.401771
5.400788
5.400198
5.400000
5.400198
5.400788
5.401771
5.403141
5.404894
5.407022
5.409517
5.412369
5.415567
5.419098
5.422949
5.427103
5.431545
5.436257
5.441221
5.446417
5.451825
5.457422
5.463188
5.469098
5.475131
5.481262
5.487467
5.493721
5.500000
5.506279
5.512533
5.518738
5.524869
5.530902
5.536812
5.542578
5.548175
5.553583
5.558779
5.563743
5.568455
5.572897
5.577051
5.580902
5.584433
5.587631
5.590483
5.592978
5.595106
5.596859
5.598229
5.599212
5.599802
5.600000
5.599802
5.599212
5.598229
5.596859
5.595106
5.592978
5.590483
5.587631
5.584433
5.580902
5.577051
5.572897
5.568455
5.563743
5.558779
5.553583
5.548175
5.542578
5.536812
5.530902
5.524869
5.518738
5.512533
5.506279
5.500000
5.493721
5.487467
5.481262
5.475131
5.469098
5.463188
5.457422
5.451825
5.446417
5.441221
5.436257
5.431545
5.427103
5.422949
5.419098
5.415567
5.412369
5.409517
5.407022
5.404894
5.403141
5.401771
5.400788
5.400198
5.400000
5.400198
5.400788
5.401771
5.403141
5.404894
5.407022
5.409517
5.412369
5.415567
5.419098
5.422949
5.427103
5.431545
5.436257
5.441221
5.446417
5.451825
5.457422
5.463188
5.469098
5.475131
5.481262
5.487467
5.493721
5.500000
5.506279
5.512533
5.518738
5.524869
5.530902
5.536812
5.542578
5.548175
5.553583
5.558779
5.563743
5.568455
5.572897
5.577051
5.580902
5.584433
5.587631
5.590483
5.592978
5.595106
5.596859
5.598229
5.599212
5.599802
5.600000
5.599802
5.599212
5.598229
5.596859
5.595106
5.592978
5.590483
5.587631
5.584433
5.580902
5.577051
5.572897
5.568455
5.563743
5.558779
5.553583
5.548175
5.542578
5.536812
5.530902
5.524869
5.518738
5.512533
5.506279
5.500000
5.493721
5.487467
5.481262
5.475131
5.469098
5.463188
5.457422
5.451825
5.446417
5.441221
5.436257
5.431545
5.427103
5.422949
5.419098
5.415567
5.412369
5.409517
5.407022
5.404894
5.403141
5.401771
5.400788
5.400198
5.400000
5.400198
5.400788
5.401771
5.403141
5.404894
5.407022
5.409517
5.412369
5.415567
5.419098
5.422949
5.427103
5.431545
5.436257
5.441221
5.446417
5.451825
5.457422
5.463188
5.469098
5.475131
5.481262
5.487467
5.493721
5.500000
5.506279
5.512533
5.518738
5.524869
5.530902
5.536812
5.542578
5.548175
5.553583
5.558779
5.563743
5.568455
5.572897
5.577051
5.580902
5.584433
5.587631
5.590483
5.592978
5.595106
5.596859
5.598229
5.599212
5.599802
5.600000
5.599802
5.599212
5.598229
5.596859
5.595106
5.592978
5.590483
5.587631
5.584433
5.580902
5.577051
5.572897
5.568455
5.563743
5.558779
5.553583
5.548175
5.542578
5.536812
5.530902
5.524869
5.518738
5.512533
5.506279
5.500000
5.493721
5.487467
5.481262
5.475131
5.469098
5.463188
5.457422
5.451825
5.446417
5.441221
5.436257
5.431545
5.427103
5.422949
5.419098
5.415567
5.412369
5.409517
5.407022
5.404894
5.403141
5.401771
5.400788
5.400198
5.400000
5.400198
5.400788
5.401771
5.403141
5.404894
5.407022
5.409517
5.412369
5.415567
5.419098
5.422949
5.427103
5.431545
5.436257
5.441221
5.446417
5.451825
5.457422
5.463188
5.469098
5.475131
5.481262
5.487467
5.493721
5.500000
5.506279
5.512533
5.518738
5.524869
5.530902
5.536812
5.542578
5.548175
5.553583
5.558779
5.563743
5.568455
5.572897
5.577051
5.580902
5.584433
5.587631
5.590483
5.592978
5.595106
5.596859
5.598229
5.599212
5.599802
5.600000
5.599802
5.599212
5.598229
5.596859
5.595106
5.592978
5.590483
5.587631
5.584433
5.580902
5.577051
5.572897
5.568455
5.563743
5.558779
5.553583
5.548175
5.542578
5.536812
5.530902
5.524869
5.518738
5.512533
5.506279
5.500000
5.493721
5.487467
5.481262
5.475131
5.469098
5.463188
5.457422
5.451825
5.446417
5.441221
5.436257
5.431545
5.427103
5.422949
5.419098
5.415567
5.412369
5.409517
5.407022
5.404894
5.403141
5.401771
5.400788
5.400198
5.400000
5.400198
5.400788
5.401771
5.403141
5.404894
5.407022
5.409517
5.412369
5.415567
5.419098
5.422949
5.427103
5.431545
5.436257
5.441221
5.446417
5.451825
5.457422
5.463188
5.469098
5.475131
5.481262
5.487467
5.493721
5.500000
5.506279
5.512533
5.518738
5.524869
5.530902
5.536812
5.542578
5.548175
5.553583
5.558779
5.563743
5.568455
5.572897
5.577051
5.580902
5.584433
5.587631
5.590483
5.592978
5.595106
5.596859
5.598229
5.599212
5.599802
5.600000
5.599802
5.599212
5.598229
5.596859
5.595106
5.592978
5.590483
5.587631
5.584433
5.580902
5.577051
5.572897
5.568455
5.563743
5.558779
5.553583
5.548175
5.542578
5.536812
5.530902
5.524869
5.518738
5.512533
5.506279
5.500000
5.493721
5.487467
5.481262
5.475131
5.469098
5.463188
5.457422
5.451825
5.446417
5.441221
5.436257
5.431545
5.427103
5.422949
5.419098
5.415567
5.412369
5.409517
5.407022
5.404894
5.403141
5.401771
5.400788
5.400198
5.400000
5.400198
5.400788
5.401771
5.403141
5.404894
5.407022
5.409517
5.412369
5.415567
5.419098
5.422949
5.427103
5.431545
5.436257
5.441221
5.446417
5.451825
5.457422
5.463188
5.469098
5.475131
5.481262
5.487467
5.493721
5.500000
5.506279
5.512533
5.518738
5.524869
5.530902
5.536812
5.542578
5.548175
5.553583
5.558779
5.563743
5.568455
5.572897
5.577051
5.580902
5.584433
5.587631
5.590483
5.592978
5.595106
5.596859
5.598229
5.599212
5.599802
5.600000
5.599802
5.599212
5.598229
5.596859
5.595106
5.592978
5.590483
5.587631
5.584433
5.580902
5.577051
5.572897
5.568455
5.563743
5.558779
5.553583
5.548175
5.542578
5.536812
5.530902
5.524869
5.518738
5.512533
5.506279
5.500000
5.493721
5.487467
5.481262
5.475131
5.469098
5.463188
5.457422
5.451825
5.446417
5.441221
5.436257
5.431545
5.427103
5.422949
5.419098
5.415567
5.412369
5.409517
5.407022
5.404894
5.403141
5.401771
5.400788
5.400198
5.400000
5.400198
5.400788
5.401771
5.403141
5.404894
5.407022
5.409517
5.412369
5.415567
5.419098
5.422949
5.427103
5.431545
5.436257
5.441221
5.446417
5.451825
5.457422
5.463188
5.469098
5.475131
5.481262
5.487467
5.493721
5.500000
5.506279
5.512533
5.518738
5.524869
5.530902
5.536812
5.542578
5.548175
5.553583
5.558779
5.563743
5.568455
5.572897
5.577051
5.580902
5.584433
5.587631
5.590483
5.592978
5.595106
5.596859
5.598229
5.599212
5.599802
5.600000
5.599802
5.599212
5.598229
5.596859
5.595106
5.592978
5.590483
5.587631
5.584433
5.580902
5.577051
5.572897
5.568455
5.563743
5.558779
5.553583
5.548175
5.542578
5.536812
5.530902
5.524869
5.518738
5.512533
5.506279
5.500000
5.493721
5.487467
5.481262
5.475131
5.469098
5.463188
5.457422
5.451825
5.446417
5.441221
5.436257
5.431545
5.427103
5.422949
5.419098
5.415567
5.412369
5.409517
5.407022
5.404894
5.403141
5.401771
5.400788
5.400198
5.400000
5.400198
5.400788
5.401771
5.403141
5.404894
5.407022
5.409517
5.412369
5.415567
5.419098
5.422949
5.427103
5.431545
5.436257
5.441221
5.446417
5.451825
5.457422
5.463188
5.469098
5.475131
5.481262
5.487467
5.493721
5.500000
5.506279
5.512533
5.518738
5.524869
5.530902
5.536812
5.542578
5.548175
5.553583
5.558779
5.563743
5.568455
5.572897
5.577051
5.580902
5.584433
5.587631
5.590483
5.592978
5.595106
5.596859
5.598229
5.599212
5.599802
5.600000
5.599802
5.599212
5.598229
5.596859
5.595106
5.592978
5.590483
5.587631
5.584433
5.580902
5.577051
5.572897
5.568455
5.563743
5.558779
5.553583
5.548175
5.542578
5.536812
5.530902
5.524869
5.518738
5.512533
5.506279
5.500000
5.493721
5.487467
5.481262
5.475131
5.469098
5.463188
5.457422
5.451825
5.446417
5.441221
5.436257
5.431545
5.427103
5.422949
5.419098
5.415567
5.412369
5.409517
5.407022
5.404894
5.403141
5.401771
5.400788
5.400198
5.400000
5.400198
5.400788
5.401771
5.403141
5.404894
5.407022
5.409517
5.412369
5.415567
5.419098
5.422949
5.427103
5.431545
5.436257
5.441221
5.446417
5.451825
5.457422
5.463188
5.469098
5.475131
5.481262
5.487467
5.493721
5.500000
5.506279
5.512533
5.518738
5.524869
5.530902
5.536812
5.542578
5.548175
5.553583
5.558779
5.563743
5.568455
5.572897
5.577051
5.580902
5.584433
5.587631
5.590483
5.592978
5.595106
5.596859
5.598229
5.599212
5.599802
5.600000
5.599802
5.599212
5.598229
5.596859
5.595106
5.592978
5.590483
5.587631
5.584433
5.580902
5.577051
5.572897
5.568455
5.563743
5.558779
5.553583
5.548175
5.542578
5.536812
5.530902
5.524869
5.518738
5.512533
5.506279
5.500000
5.493721
5.487467
5.481262
5.475131
5.469098
5.463188
5.457422
5.451825
5.446417
5.441221
5.436257
5.431545
5.427103
5.422949
5.419098
5.415567
5.412369
5.409517
5.407022
5.404894
5.403141
5.401771
5.400788
5.400198
5.400000
5.400198
5.400788
5.401771
5.403141
5.404894
5.407022
5.409517
5.412369
5.415567
5.419098
5.422949
5.427103
5.431545
5.436257
5.441221
5.446417
5.451825
5.457422
5.463188
5.469098
5.475131
5.481262
5.487467
5.493721
5.500000
5.506279
5.512533
5.518738
5.524869
5.530902
5.536812
5.542578
5.548175
5.553583
5.558779
5.563743
5.568455
5.572897
5.577051
5.580902
5.584433
5.587631
5.590483
5.592978
5.595106
5.596859
5.598229
5.599212
5.599802
5.600000
5.599802
5.599212
5.598229
5.596859
5.595106
5.592978
5.590483
5.587631
5.584433
5.580902
5.577051
5.572897
5.568455
5.563743
5.558779
5.553583
5.548175
5.542578
5.536812
5.530902
5.524869
5.518738
5.512533
5.506279
5.500000
5.493721
5.487467
5.481262
5.475131
5.469098
5.463188
5.457422
5.451825
5.446417
5.441221
5.436257
5.431545
5.427103
5.422949
5.419098
5.415567
5.412369
5.409517
5.407022
5.404894
5.403141
5.401771
5.400788
5.400198
5.400000
5.400198
5.400788
5.401771
5.403141
5.404894
5.407022
5.409517
5.412369
5.415567
5.419098
5.422949
5.427103
5.431545
5.436257
5.441221
5.446417
5.451825
5.457422
5.463188
5.469098
5.475131
5.481262
5.487467
5.493721
5.500000
5.506279
5.512533
5.518738
5.524869
5.530902
5.536812
5.542578
5.548175
5.553583
5.558779
5.563743
5.568455
5.572897
5.577051
5.580902
5.584433
5.587631
5.590483
5.592978
5.595106
5.596859
5.598229
5.599212
5.599802
5.600000
5.599802
5.599212
5.598229
5.596859
5.595106
5.592978
5.590483
5.587631
5.584433
5.580902
5.577051
5.572897
5.568455
5.563743
5.558779
5.553583
5.548175
5.542578
5.536812
5.530902
5.524869
5.518738
5.512533
5.506279
5.500000
5.493721
5.487467
5.481262
5.475131
5.469098
5.463188
5.457422
5.451825
5.446417
5.441221
5.436257
5.431545
5.427103
5.422949
5.419098
5.415567
5.412369
5.409517
5.407022
5.404894
5.403141
5.401771
5.400788
5.400198
5.400000
5.400198
5.400788
5.401771
5.403141
5.404894
5.407022
5.409517
5.412369
5.415567
5.419098
5.422949
5.427103
5.431545
5.436257
5.441221
5.446417
5.451825
5.457422
5.463188
5.469098
5.475131
5.481262
5.487467
5.493721
5.500000
5.506279
5.512533
5.518738
5.524869
5.530902
5.536812
5.542578
5.548175
5.553583
5.558779
5.563743
5.568455
5.572897
5.577051
5.580902
5.584433
5.587631
5.590483
5.592978
5.595106
5.596859
5.598229
5.599212
5.599802
5.600000
5.599802
5.599212
5.598229
5.596859
5.595106
5.592978
5.590483
5.587631
5.584433
5.580902
5.577051
5.572897
5.568455
5.563743
5.558779
5.553583
5.548175
5.542578
5.536812
5.530902
5.524869
5.518738
5.512533
5.506279
5.500000
5.493721
5.487467
5.481262
5.475131
5.469098
5.463188
5.457422
5.451825
5.446417
5.441221
5.436257
5.431545
5.427103
5.422949
5.419098
5.415567
5.412369
5.409517
5.407022
5.404894
5.403141
5.401771
5.400788
5.400198
5.400000
5.400198
5.400788
5.401771
5.403141
5.404894
5.407022
5.409517
5.412369
5.415567
5.419098
5.422949
5.427103
5.431545
5.436257
5.441221
5.446417
5.451825
5.457422
5.463188
5.469098
5.475131
5.481262
5.487467
5.493721
5.500000
5.506279
5.512533
5.518738
5.524869
5.530902
5.536812
5.542578
5.548175
5.553583
5.558779
5.563743
5.568455
5.572897
5.577051
5.580902
5.584433
5.587631
5.590483
5.592978
5.595106
5.596859
5.598229
5.599212
5.599802
5.600000
5.599802
5.599212
5.598229
5.596859
5.595106
5.592978
5.590483
5.587631
5.584433
5.580902
5.577051
5.572897
5.568455
5.563743
5.558779
5.553583
5.548175
5.542578
5.536812
5.530902
5.524869
5.518738
5.512533
5.506279
5.500000
5.493721
5.487467
5.481262
5.475131
5.469098
5.463188
5.457422
5.451825
5.446417
5.441221
5.436257
5.431545
5.427103
5.422949
5.419098
5.415567
5.412369
5.409517
5.407022
5.404894
5.403141
5.401771
5.400788
5.400198
5.400000
5.400198
5.400788
5.401771
5.403141
5.404894
5.407022
5.409517
5.412369
5.415567
5.419098
5.422949
5.427103
5.431545
5.436257
5.441221
5.446417
5.451825
5.457422
5.463188
5.469098
5.475131
5.481262
5.487467
5.493721
5.500000
5.506279
5.512533
5.518738
5.524869
5.530902
5.536812
5.542578
5.548175
5.553583
5.558779
5.563743
5.568455
5.572897
5.577051
5.580902
5.584433
5.587631
5.590483
5.592978
5.595106
5.596859
5.598229
5.599212
5.599802
5.600000
5.599802
5.599212
5.598229
5.596859
5.595106
5.592978
5.590483
5.587631
5.584433
5.580902
5.577051
5.572897
5.568455
5.563743
5.558779
5.553583
5.548175
5.542578
5.536812
5.530902
5.524869
5.518738
5.512533
5.506279
5.500000
5.493721
5.487467
5.481262
5.475131
5.469098
5.463188
5.457422
5.451825
5.446417
5.441221
5.436257
5.431545
5.427103
5.422949
5.419098
5.415567
5.412369
5.409517
5.407022
5.404894
5.403141
5.401771
5.400788
5.400198
5.400000
5.400198
5.400788
5.401771
5.403141
5.404894
5.407022
5.409517
5.412369
5.415567
5.419098
5.422949
5.427103
5.431545
5.436257
5.441221
5.446417
5.451825
5.457422
5.463188
5.469098
5.475131
5.481262
5.487467
5.493721
5.500000
5.506279
5.512533
5.518738
5.524869
5.530902
5.536812
5.542578
5.548175
5.553583
5.558779
5.563743
5.568455
5.572897
5.577051
5.580902
5.584433
5.587631
5.590483
5.592978
5.595106
5.596859
5.598229
5.599212
5.599802
5.600000
5.599802
5.599212
5.598229
5.596859
5.595106
5.592978
5.590483
5.587631
5.584433
5.580902
5.577051
5.572897
5.568455
5.563743
5.558779
5.553583
5.548175
5.542578
5.536812
5.530902
5.524869
5.518738
5.512533
5.506279
5.500000
5.493721
5.487467
5.481262
5.475131
5.469098
5.463188
5.457422
5.451825
5.446417
5.441221
5.436257
5.431545
5.427103
5.422949
5.419098
5.415567
5.412369
5.409517
5.407022
5.404894
5.403141
5.401771
5.400788
5.400198
5.400000
5.400198
5.400788
5.401771
5.403141
5.404894
5.407022
5.409517
5.412369
5.415567
5.419098
5.422949
5.427103
5.431545
5.436257
5.441221
5.446417
5.451825
5.457422
5.463188
5.469098
5.475131
5.481262
5.487467
5.493721
5.500000
5.506279
5.512533
5.518738
5.524869
5.530902
5.536812
5.542578
5.548175
5.553583
5.558779
5.563743
5.568455
5.572897
5.577051
5.580902
5.584433
5.587631
5.590483
5.592978
5.595106
5.596859
5.598229
5.599212
5.599802
5.600000
5.599802
5.599212
5.598229
5.596859
5.595106
5.592978
5.590483
5.587631
5.584433
5.580902
5.577051
5.572897
5.568455
5.563743
5.558779
5.553583
5.548175
5.542578
5.536812
5.530902
5.524869
5.518738
5.512533
5.506279
5.500000
5.493721
5.487467
5.481262
5.475131
5.469098
5.463188
5.457422
5.451825
5.446417
5.441221
5.436257
5.431545
5.427103
5.422949
5.419098
5.415567
5.412369
5.409517
5.407022
5.404894
5.403141
5.401771
5.400788
5.400198
5.400000
5.400198
5.400788
5.401771
5.403141
5.404894
5.407022
5.409517
5.412369
5.415567
5.419098
5.422949
5.427103
5.431545
5.436257
5.441221
5.446417
5.451825
5.457422
5.463188
5.469098
5.475131
5.481262
5.487467
5.493721
5.500000
5.506279
5.512533
5.518738
5.524869
5.530902
5.536812
5.542578
5.548175
5.553583
5.558779
5.563743
5.568455
5.572897
5.577051
5.580902
5.584433
5.587631
5.590483
5.592978
5.595106
5.596859
5.598229
5.599212
5.599802
5.600000
5.599802
5.599212
5.598229
5.596859
5.595106
5.592978
5.590483
5.587631
5.584433
5.580902
5.577051
5.572897
5.568455
5.563743
5.558779
5.553583
5.548175
5.542578
5.536812
5.530902
5.524869
5.518738
5.512533
5.506279
5.500000
5.493721
5.487467
5.481262
5.475131
5.469098
5.463188
5.457422
5.451825
5.446417
5.441221
5.436257
5.431545
5.427103
5.422949
5.419098
5.415567
5.412369
5.409517
5.407022
5.404894
5.403141
5.401771
5.400788
5.400198
5.400000
5.400198
5.400788
5.401771
5.403141
5.404894
5.407022
5.409517
5.412369
5.415567
5.419098
5.422949
5.427103
5.431545
5.436257
5.441221
5.446417
5.451825
5.457422
5.463188
5.469098
5.475131
5.481262
5.487467
5.493721
5.500000
5.506279
5.512533
5.518738
5.524869
5.530902
5.536812
5.542578
5.548175
5.553583
5.558779
5.563743
5.568455
5.572897
5.577051
5.580902
5.584433
5.587631
5.590483
5.592978
5.595106
5.596859
5.598229
5.599212
5.599802
5.600000
5.599802
5.599212
5.598229
5.596859
5.595106
5.592978
5.590483
5.587631
5.584433
5.580902
5.577051
5.572897
5.568455
5.563743
5.558779
5.553583
5.548175
5.542578
5.536812
5.530902
5.524869
5.518738
5.512533
5.506279
5.500000
5.493721
5.487467
5.481262
5.475131
5.469098
5.463188
5.457422
5.451825
5.446417
5.441221
5.436257
5.431545
5.427103
5.422949
5.419098
5.415567
5.412369
5.409517
5.407022
5.404894
5.403141
5.401771
5.400788
5.400198
5.400000
5.400198
5.400788
5.401771
5.403141
5.404894
5.407022
5.409517
5.412369
5.415567
5.419098
5.422949
5.427103
5.431545
5.436257
5.441221
5.446417
5.451825
5.457422
5.463188
5.469098
5.475131
5.481262
5.487467
5.493721
5.500000
5.506279
5.512533
5.518738
5.524869
5.530902
5.536812
5.542578
5.548175
5.553583
5.558779
5.563743
5.568455
5.572897
5.577051
5.580902
5.584433
5.587631
5.590483
5.592978
5.595106
5.596859
5.598229
5.599212
5.599802
5.600000
5.599802
5.599212
5.598229
5.596859
5.595106
5.592978
5.590483
5.587631
5.584433
5.580902
5.577051
5.572897
5.568455
5.563743
5.558779
5.553583
5.548175
5.542578
5.536812
5.530902
5.524869
5.518738
5.512533
5.506279
5.500000
5.493721
5.487467
5.481262
5.475131
5.469098
5.463188
5.457422
5.451825
5.446417
5.441221
5.436257
5.431545
5.427103
5.422949
5.419098
5.415567
5.412369
5.409517
5.407022
5.404894
5.403141
5.401771
5.400788
5.400198
5.400000
5.400198
5.400788
5.401771
5.403141
5.404894
5.407022
5.409517
5.412369
5.415567
5.419098
5.422949
5.427103
5.431545
5.436257
5.441221
5.446417
5.451825
5.457422
5.463188
5.469098
5.475131
5.481262
5.487467
5.493721
5.500000
5.506279
5.512533
5.518738
5.524869
5.530902
5.536812
5.542578
5.548175
5.553583
5.558779
5.563743
5.568455
5.572897
5.577051
5.580902
5.584433
5.587631
5.590483
5.592978
5.595106
5.596859
5.598229
5.599212
5.599802
5.600000
5.599802
5.599212
5.598229
5.596859
5.595106
5.592978
5.590483
5.587631
5.584433
5.580902
5.577051
5.572897
5.568455
5.563743
5.558779
5.553583
5.548175
5.542578
5.536812
5.530902
5.524869
5.518738
5.512533
5.506279
5.500000
5.493721
5.487467
5.481262
5.475131
5.469098
5.463188
5.457422
5.451825
5.446417
5.441221
5.436257
5.431545
5.427103
5.422949
5.419098
5.415567
5.412369
5.409517
5.407022
5.404894
5.403141
5.401771
5.400788
5.400198
5.400000
5.400198
5.400788
5.401771
5.403141
5.404894
5.407022
5.409517
5.412369
5.415567
5.419098
5.422949
5.427103
5.431545
5.436257
5.441221
5.446417
5.451825
5.457422
5.463188
5.469098
5.475131
5.481262
5.487467
5.493721
5.500000
5.506279
5.512533
5.518738
5.524869
5.530902
5.536812
5.542578
5.548175
5.553583
5.558778
5.563742
5.568455
5.572897
5.577051
5.580902
5.584433
5.587631
5.590483
5.592978
5.595106
5.596859
5.598229
5.599212
5.599802
5.600000
5.599802
5.599212
5.598229
5.596859
5.595106
5.592978
5.590483
5.587631
5.584433
5.580902
5.577051
5.572897
5.568455
5.563742
5.558778
5.553583
5.548175
5.542578
5.536812
5.530902
5.524869
5.518738
5.512533
5.506279
5.500000
5.493721
5.487467
5.481262
5.475131
5.469098
5.463188
5.457422
5.451825
5.446417
5.441222
5.436258
5.431545
5.427103
5.422949
5.419098
5.415567
5.412369
5.409517
5.407022
5.404894
5.403141
5.401771
5.400788
5.400198
5.400000
5.400198
5.400788
5.401771
5.403141
5.404894
5.407022
5.409517
5.412369
5.415567
5.419098
5.422949
5.427103
5.431545
5.436258
5.441222
5.446417
5.451825
5.457422
5.463188
5.469098
5.475131
5.481262
5.487467
5.493721
5.500000
5.506279
5.512533
5.518738
5.524869
5.530902
5.536812
5.542578
5.548175
5.553583
5.558778
5.563742
5.568455
5.572897
5.577051
5.580902
5.584433
5.587631
5.590483
5.592978
5.595106
5.596859
5.598229
5.599212
5.599802
5.600000
5.599802
5.599212
5.598229
5.596859
5.595106
5.592978
5.590483
5.587631
5.584433
5.580902
5.577051
5.572897
5.568455
5.563742
5.558778
5.553583
5.548175
5.542578
5.536812
5.530902
5.524869
5.518738
5.512533
5.506279
5.500000
5.493721
5.487467
5.481262
5.475131
5.469098
5.463188
5.457422
5.451825
5.446417
5.441222
5.436258
5.431545
5.427103
5.422949
5.419098
5.415567
5.412369
5.409517
5.407022
5.404894
5.403141
5.401771
5.400788
5.400198
5.400000
5.400198
5.400788
5.401771
5.403141
5.404894
5.407022
5.409517
5.412369
5.415567
5.419098
5.422949
5.427103
5.431545
5.436258
5.441222
5.446417
5.451825
5.457422
5.463188
5.469098
5.475131
5.481262
5.487467
5.493721
5.500000
5.506279
5.512533
5.518738
5.524869
5.530901
5.536812
5.542578
5.548175
5.553583
5.558778
5.563742
5.568454
5.572896
5.577051
5.580901
5.584433
5.587630
5.590482
5.592977
5.595105
5.596858
5.598228
5.599211
5.599802
5.599999
5.599802
5.599210
5.598228
5.596857
5.595104
5.592976
5.590481
5.587629
5.584431
5.580900
5.577049
5.572895
5.568452
5.563740
5.558776
5.553580
5.548173
5.542576
5.536810
5.530900
5.524867
5.518737
5.512532
5.506279
5.500000
5.493721
5.487468
5.481265
5.475135
5.469103
5.463194
5.457430
5.451835
5.446430
5.441236
5.436275
5.431566
5.427128
5.422977
5.419131
5.415605
5.412412
5.409565
5.407077
5.404955
5.403210
5.401847
5.400872
5.400290
5.400101
5.400308
5.400909
5.401903
5.403284
5.405047
5.407186
5.409692
5.412555
5.415763
5.419304
5.423163
5.427325
5.431774
5.436491
5.441457
5.446653
5.452057
5.457647
5.463400
5.469294
5.475304
5.481404
5.487571
5.493778
5.500000
5.506210
5.512383
5.518492
5.524511
5.530415
5.536178
5.541775
5.547181
5.552373
5.557327
5.562021
5.566433
5.570543
5.574333
5.577783
5.580878
5.583602
5.585943
5.587889
5.589429
5.590557
5.591266
5.591555
5.591421
5.590868
5.589898
5.588520
5.586743
5.584581
5.582049
5.579167
5.575957
5.572443
5.568655
5.564620
5.560376
5.555954
5.551395
5.546736
5.542017
5.537280
5.532564
5.527910
5.523356
5.518939
5.514695
5.510653
5.506841
5.503284
5.500000
5.497005
5.494308
5.491914
5.489826
5.488038
5.486544
5.485332
5.484389
5.483697
5.483239
5.482994
5.482940
5.483058
5.483325
5.483719
5.484221
5.484813
5.485474
5.486190
5.486944
5.487722
5.488514
5.489308
5.490095
5.490868
5.491619
5.492343
5.493038
5.493699
5.494323
5.494911
5.495461
5.495972
5.496445
5.496881
5.497282
5.497647
5.497978
5.498278
5.498549
5.498790
5.499006
5.499197
5.499366
5.499514
5.499642
5.499754
5.499850
5.499931
5.500000
