5.500000
5.500179
5.500390
5.500637
5.500923
5.501250
5.501622
5.502041
5.502509
5.503028
5.503601
5.504226
5.504906
5.505639
5.506422
5.507254
5.508129
5.509041
5.509983
5.510945
5.511914
5.512877
5.513814
5.514709
5.515538
5.516274
5.516891
5.517357
5.517639
5.517699
5.517501
5.517005
5.516170
5.514955
5.513321
5.511229
5.508645
5.505536
5.501879
5.497654
5.492852
5.487473
5.481528
5.475039
5.468044
5.460590
5.452741
5.444573
5.436174
5.427646
5.419098
5.410649
5.402424
5.394551
5.387158
5.380373
5.374318
5.369109
5.364853
5.361644
5.359564
5.358679
5.359042
5.360685
5.363629
5.367873
5.373403
5.380188
5.388181
5.397325
5.407547
5.418762
5.430878
5.443792
5.457395
5.471570
5.486200
5.501160
5.516325
5.531570
5.546769
5.561799
5.576539
5.590869
5.604678
5.617857
5.630301
5.641917
5.652614
5.662310
5.670933
5.678417
5.684706
5.689753
5.693520
5.695978
5.697109
5.696902
5.695359
5.692488
5.688309
5.682850
5.676147
5.668246
5.659200
5.649071
5.637928
5.625846
5.612907
5.599199
5.584814
5.569850
5.554408
5.538592
5.522509
5.506266
5.489974
5.473743
5.457680
5.441895
5.426493
5.411578
5.397250
5.383604
5.370733
5.358722
5.347652
5.337598
5.328627
5.320798
5.314164
5.308769
5.304651
5.301835
5.300341
5.300179
5.301351
5.303848
5.307653
5.312743
5.319081
5.326626
5.335329
5.345129
5.355964
5.367759
5.380436
5.393912
5.408095
5.422892
5.438203
5.453927
5.469957
5.486189
5.502513
5.518820
5.535003
5.550951
5.566561
5.581726
5.596347
5.610325
5.623568
5.635986
5.647499
5.658027
5.667501
5.675859
5.683044
5.689009
5.693714
5.697126
5.699224
5.699994
5.699430
5.697536
5.694324
5.689817
5.684045
5.677045
5.668865
5.659558
5.649188
5.637822
5.625538
5.612416
5.598545
5.584017
5.568928
5.553380
5.537476
5.521322
5.505026
5.488696
5.472442
5.456371
5.440592
5.425208
5.410324
5.396037
5.382443
5.369633
5.357693
5.346702
5.336732
5.327852
5.320119
5.313586
5.308296
5.304284
5.301577
5.300193
5.300142
5.301424
5.304029
5.307941
5.313134
5.319573
5.327215
5.336010
5.345897
5.356813
5.368683
5.381429
5.394965
5.409202
5.424044
5.439393
5.455146
5.471198
5.487442
5.503770
5.520072
5.536241
5.552168
5.567748
5.582875
5.597450
5.611375
5.624557
5.636909
5.648348
5.658798
5.668189
5.676458
5.683551
5.689420
5.694026
5.697337
5.699333
5.700000
5.699333
5.697337
5.694026
5.689420
5.683551
5.676458
5.668189
5.658798
5.648348
5.636909
5.624557
5.611375
5.597450
5.582875
5.567748
5.552168
5.536241
5.520072
5.503770
5.487442
5.471198
5.455146
5.439393
5.424044
5.409202
5.394965
5.381429
5.368683
5.356812
5.345897
5.336010
5.327215
5.319573
5.313134
5.307941
5.304029
5.301424
5.300142
5.300193
5.301577
5.304284
5.308296
5.313586
5.320119
5.327852
5.336732
5.346702
5.357693
5.369633
5.382443
5.396037
5.410323
5.425208
5.440592
5.456371
5.472442
5.488696
5.505026
5.521322
5.537476
5.553380
5.568929
5.584017
5.598546
5.612417
5.625538
5.637823
5.649188
5.659559
5.668866
5.677046
5.684046
5.689819
5.694326
5.697538
5.699432
5.699996
5.699227
5.697129
5.693717
5.689013
5.683048
5.675863
5.667506
5.658031
5.647502
5.635991
5.623572
5.610329
5.596351
5.581730
5.566564
5.550954
5.535005
5.518822
5.502513
5.486188
5.469955
5.453922
5.438197
5.422883
5.408084
5.393898
5.380419
5.367738
5.355938
5.345099
5.335293
5.326586
5.319035
5.312690
5.307594
5.303782
5.301278
5.300099
5.300252
5.301738
5.304546
5.308658
5.314044
5.320672
5.328495
5.337461
5.347511
5.358579
5.370589
5.383462
5.397112
5.411448
5.426375
5.441793
5.457599
5.473687
5.489951
5.506282
5.522571
5.538710
5.554590
5.570107
5.585156
5.599637
5.613454
5.626514
5.638731
5.650022
5.660314
5.669536
5.677627
5.684535
5.690211
5.694620
5.697731
5.699522
5.699984
5.699112
5.696913
5.693400
5.688598
5.682539
5.675261
5.666816
5.657258
5.646651
5.635067
5.622581
5.609279
5.595248
5.580581
5.565378
5.549738
5.533767
5.517570
5.501256
5.484935
5.468713
5.452700
5.437003
5.421725
5.406970
5.392835
5.379414
5.366797
5.355069
5.344307
5.334584
5.325963
5.318503
5.312253
5.307255
5.303543
5.301140
5.300063
5.300320
5.301908
5.304817
5.309027
5.314511
5.321232
5.329144
5.338197
5.348328
5.359470
5.371550
5.384485
5.398192
5.412577
5.427545
5.442996
5.458827
5.474933
5.491206
5.507538
5.523819
5.539942
5.555798
5.571282
5.586291
5.600725
5.614486
5.627485
5.639633
5.650850
5.661062
5.670199
5.678201
5.685016
5.690596
5.694905
5.697915
5.699605
5.699965
5.698990
5.696689
5.693076
5.688176
5.682021
5.674653
5.666119
5.656478
5.645794
5.634137
5.621586
5.608224
5.594141
5.579430
5.564189
5.548520
5.532527
5.516318
5.500000
5.483682
5.467473
5.451480
5.435811
5.420570
5.405859
5.391776
5.378414
5.365863
5.354206
5.343522
5.333881
5.325347
5.317979
5.311824
5.306924
5.303311
5.301010
5.300035
5.300395
5.302085
5.305095
5.309404
5.314984
5.321799
5.329801
5.338938
5.349150
5.360367
5.372515
5.385514
5.399275
5.413709
5.428718
5.444202
5.460058
5.476181
5.492462
5.508794
5.525067
5.541173
5.557004
5.572455
5.587423
5.601808
5.615515
5.628450
5.640530
5.651672
5.661803
5.670856
5.678768
5.685489
5.690973
5.695183
5.698092
5.699680
5.699937
5.698860
5.696457
5.692745
5.687747
5.681497
5.674037
5.665416
5.655693
5.644931
5.633203
5.620586
5.607165
5.593030
5.578275
5.562997
5.547300
5.531287
5.515065
5.498744
5.482430
5.466233
5.450262
5.434622
5.419419
5.404752
5.390721
5.377419
5.364933
5.353349
5.342742
5.333184
5.324739
5.317461
5.311402
5.306600
5.303087
5.300888
5.300016
5.300478
5.302269
5.305380
5.309789
5.315465
5.322373
5.330464
5.339686
5.349978
5.361269
5.373486
5.386546
5.400363
5.414844
5.429893
5.445410
5.461290
5.477429
5.493718
5.510049
5.526313
5.542401
5.558207
5.573625
5.588552
5.602888
5.616538
5.629411
5.641421
5.652489
5.662539
5.671505
5.679328
5.685956
5.691342
5.695454
5.698262
5.699748
5.699901
5.698722
5.696218
5.692406
5.687310
5.680965
5.673414
5.664707
5.654901
5.644062
5.632262
5.619581
5.606102
5.591916
5.577117
5.561803
5.546078
5.530045
5.513812
5.497487
5.481178
5.464995
5.449046
5.433436
5.418270
5.403649
5.389671
5.376428
5.364009
5.352498
5.341969
5.332494
5.324137
5.316952
5.310987
5.306283
5.302871
5.300773
5.300004
5.300568
5.302462
5.305674
5.310181
5.315954
5.322954
5.331134
5.340441
5.350812
5.362177
5.374462
5.387583
5.401454
5.415983
5.431071
5.446620
5.462524
5.478678
5.494974
5.511304
5.527558
5.543629
5.559408
5.574792
5.589677
5.603963
5.617557
5.630367
5.642307
5.653298
5.663268
5.672148
5.679881
5.686414
5.691704
5.695716
5.698423
5.699807
5.699858
5.698576
5.695971
5.692059
5.686866
5.680427
5.672785
5.663990
5.654103
5.643188
5.631317
5.618571
5.605035
5.590798
5.575956
5.560607
5.544854
5.528802
5.512558
5.496230
5.479928
5.463759
5.447832
5.432252
5.417125
5.402550
5.388625
5.375443
5.363091
5.351652
5.341202
5.331811
5.323542
5.316449
5.310580
5.305974
5.302663
5.300667
5.300000
5.300667
5.302663
5.305974
5.310580
5.316449
5.323542
5.331811
5.341202
5.351652
5.363091
5.375443
5.388625
5.402550
5.417125
5.432252
5.447832
5.463759
5.479928
5.496230
5.512558
5.528802
5.544854
5.560607
5.575956
5.590798
5.605035
5.618571
5.631317
5.643188
5.654103
5.663990
5.672785
5.680427
5.686866
5.692059
5.695971
5.698576
5.699858
5.699807
5.698423
5.695716
5.691704
5.686414
5.679881
5.672148
5.663268
5.653298
5.642307
5.630367
5.617557
5.603963
5.589677
5.574792
5.559408
5.543629
5.527558
5.511304
5.494974
5.478678
5.462524
5.446620
5.431071
5.415983
5.401454
5.387583
5.374462
5.362177
5.350812
5.340441
5.331134
5.322954
5.315954
5.310181
5.305674
5.302462
5.300568
5.300004
5.300773
5.302871
5.306283
5.310987
5.316952
5.324137
5.332494
5.341969
5.352498
5.364009
5.376428
5.389671
5.403649
5.418270
5.433436
5.449046
5.464995
5.481178
5.497487
5.513812
5.530045
5.546078
5.561803
5.577117
5.591916
5.606102
5.619581
5.632262
5.644062
5.654901
5.664707
5.673414
5.680965
5.687310
5.692406
5.696218
5.698722
5.699901
5.699748
5.698262
5.695454
5.691342
5.685956
5.679328
5.671505
5.662539
5.652489
5.641421
5.629411
5.616538
5.602888
5.588552
5.573625
5.558207
5.542401
5.526313
5.510049
5.493718
5.477429
5.461290
5.445410
5.429893
5.414844
5.400363
5.386546
5.373486
5.361269
5.349978
5.339686
5.330464
5.322373
5.315465
5.309789
5.305380
5.302269
5.300478
5.300016
5.300888
5.303087
5.306600
5.311402
5.317461
5.324739
5.333184
5.342742
5.353349
5.364933
5.377419
5.390721
5.404752
5.419419
5.434622
5.450262
5.466233
5.482430
5.498744
5.515065
5.531287
5.547300
5.562997
5.578275
5.593030
5.607165
5.620586
5.633203
5.644931
5.655693
5.665416
5.674037
5.681497
5.687747
5.692745
5.696457
5.698860
5.699937
5.699680
5.698092
5.695183
5.690973
5.685489
5.678768
5.670856
5.661803
5.651672
5.640530
5.628450
5.615515
5.601808
5.587423
5.572455
5.557004
5.541173
5.525067
5.508794
5.492462
5.476181
5.460058
5.444202
5.428718
5.413709
5.399275
5.385514
5.372515
5.360367
5.349150
5.338938
5.329801
5.321799
5.314984
5.309404
5.305095
5.302085
5.300395
5.300035
5.301010
5.303311
5.306924
5.311824
5.317979
5.325347
5.333881
5.343522
5.354206
5.365863
5.378414
5.391776
5.405859
5.420570
5.435811
5.451480
5.467473
5.483682
5.500000
5.516318
5.532527
5.548520
5.564189
5.579430
5.594141
5.608224
5.621586
5.634137
5.645794
5.656478
5.666119
5.674653
5.682021
5.688176
5.693076
5.696689
5.698990
5.699965
5.699605
5.697915
5.694905
5.690596
5.685016
5.678201
5.670199
5.661062
5.650850
5.639633
5.627485
5.614486
5.600725
5.586291
5.571282
5.555798
5.539942
5.523819
5.507538
5.491206
5.474933
5.458827
5.442996
5.427545
5.412577
5.398192
5.384485
5.371550
5.359470
5.348328
5.338197
5.329144
5.321232
5.314511
5.309027
5.304817
5.301908
5.300320
5.300063
5.301140
5.303543
5.307255
5.312253
5.318503
5.325963
5.334584
5.344307
5.355069
5.366797
5.379414
5.392835
5.406970
5.421725
5.437003
5.452700
5.468713
5.484935
5.501256
5.517570
5.533767
5.549738
5.565378
5.580581
5.595248
5.609279
5.622581
5.635067
5.646651
5.657258
5.666816
5.675261
5.682539
5.688598
5.693400
5.696913
5.699112
5.699984
5.699522
5.697731
5.694620
5.690211
5.684535
5.677627
5.669536
5.660314
5.650022
5.638731
5.626514
5.613454
5.599637
5.585156
5.570107
5.554590
5.538710
5.522571
5.506282
5.489951
5.473687
5.457599
5.441793
5.426375
5.411448
5.397112
5.383462
5.370589
5.358579
5.347511
5.337461
5.328495
5.320672
5.314044
5.308658
5.304546
5.301738
5.300252
5.300099
5.301278
5.303782
5.307594
5.312690
5.319035
5.326586
5.335293
5.345099
5.355938
5.367738
5.380419
5.393898
5.408084
5.422883
5.438197
5.453922
5.469955
5.486188
5.502513
5.518822
5.535005
5.550954
5.566564
5.581730
5.596351
5.610329
5.623572
5.635991
5.647502
5.658031
5.667506
5.675863
5.683048
5.689013
5.693717
5.697129
5.699227
5.699996
5.699432
5.697538
5.694326
5.689819
5.684046
5.677046
5.668866
5.659559
5.649188
5.637823
5.625538
5.612417
5.598546
5.584017
5.568929
5.553380
5.537476
5.521322
5.505026
5.488696
5.472442
5.456371
5.440592
5.425208
5.410323
5.396037
5.382443
5.369633
5.357693
5.346702
5.336732
5.327852
5.320119
5.313586
5.308296
5.304284
5.301577
5.300193
5.300142
5.301424
5.304029
5.307941
5.313134
5.319573
5.327215
5.336010
5.345897
5.356812
5.368683
5.381429
5.394965
5.409202
5.424044
5.439393
5.455146
5.471198
5.487442
5.503770
5.520072
5.536241
5.552168
5.567748
5.582875
5.597450
5.611375
5.624557
5.636909
5.648348
5.658798
5.668189
5.676458
5.683551
5.689420
5.694026
5.697337
5.699333
5.700000
5.699333
5.697337
5.694026
5.689420
5.683551
5.676458
5.668189
5.658798
5.648348
5.636909
5.624557
5.611375
5.597450
5.582875
5.567748
5.552168
5.536241
5.520072
5.503770
5.487442
5.471198
5.455146
5.439393
5.424044
5.409202
5.394965
5.381429
5.368683
5.356812
5.345897
5.336010
5.327215
5.319573
5.313134
5.307941
5.304029
5.301424
5.300142
5.300193
5.301577
5.304284
5.308296
5.313586
5.320119
5.327852
5.336732
5.346702
5.357693
5.369633
5.382443
5.396037
5.410323
5.425208
5.440592
5.456371
5.472442
5.488696
5.505026
5.521322
5.537476
5.553380
5.568929
5.584017
5.598546
5.612417
5.625538
5.637823
5.649188
5.659559
5.668866
5.677046
5.684046
5.689819
5.694326
5.697538
5.699432
5.699996
5.699227
5.697129
5.693717
5.689013
5.683048
5.675863
5.667506
5.658031
5.647502
5.635991
5.623572
5.610329
5.596351
5.581730
5.566564
5.550954
5.535005
5.518822
5.502513
5.486188
5.469955
5.453922
5.438197
5.422883
5.408084
5.393898
5.380419
5.367738
5.355938
5.345099
5.335293
5.326586
5.319035
5.312690
5.307594
5.303782
5.301278
5.300099
5.300252
5.301738
5.304546
5.308658
5.314044
5.320672
5.328495
5.337461
5.347511
5.358579
5.370589
5.383462
5.397112
5.411448
5.426375
5.441793
5.457599
5.473687
5.489951
5.506282
5.522571
5.538710
5.554590
5.570107
5.585156
5.599637
5.613454
5.626514
5.638731
5.650022
5.660314
5.669536
5.677627
5.684535
5.690211
5.694620
5.697731
5.699522
5.699984
5.699112
5.696913
5.693400
5.688598
5.682539
5.675261
5.666816
5.657258
5.646651
5.635067
5.622581
5.609279
5.595248
5.580581
5.565378
5.549738
5.533767
5.517570
5.501256
5.484935
5.468713
5.452700
5.437003
5.421725
5.406970
5.392835
5.379414
5.366797
5.355069
5.344307
5.334584
5.325963
5.318503
5.312253
5.307255
5.303543
5.301140
5.300063
5.300320
5.301908
5.304817
5.309027
5.314511
5.321232
5.329144
5.338197
5.348328
5.359470
5.371550
5.384485
5.398192
5.412577
5.427545
5.442996
5.458827
5.474933
5.491206
5.507538
5.523819
5.539942
5.555798
5.571282
5.586291
5.600725
5.614486
5.627485
5.639633
5.650850
5.661062
5.670199
5.678201
5.685016
5.690596
5.694905
5.697915
5.699605
5.699965
5.698990
5.696689
5.693076
5.688176
5.682021
5.674653
5.666119
5.656478
5.645794
5.634137
5.621586
5.608224
5.594141
5.579430
5.564189
5.548520
5.532527
5.516318
5.500000
5.483682
5.467473
5.451480
5.435811
5.420570
5.405859
5.391776
5.378414
5.365863
5.354206
5.343522
5.333881
5.325347
5.317979
5.311824
5.306924
5.303311
5.301010
5.300035
5.300395
5.302085
5.305095
5.309404
5.314984
5.321799
5.329801
5.338938
5.349150
5.360367
5.372515
5.385514
5.399275
5.413709
5.428718
5.444202
5.460058
5.476181
5.492462
5.508794
5.525067
5.541173
5.557004
5.572455
5.587423
5.601808
5.615515
5.628450
5.640530
5.651672
5.661803
5.670856
5.678768
5.685489
5.690973
5.695183
5.698092
5.699680
5.699937
5.698860
5.696457
5.692745
5.687747
5.681497
5.674037
5.665416
5.655693
5.644931
5.633203
5.620586
5.607165
5.593030
5.578275
5.562997
5.547300
5.531287
5.515065
5.498744
5.482430
5.466233
5.450262
5.434622
5.419419
5.404752
5.390721
5.377419
5.364933
5.353349
5.342742
5.333184
5.324739
5.317461
5.311402
5.306600
5.303087
5.300888
5.300016
5.300478
5.302269
5.305380
5.309789
5.315465
5.322373
5.330464
5.339686
5.349978
5.361269
5.373486
5.386546
5.400363
5.414844
5.429893
5.445410
5.461290
5.477429
5.493718
5.510049
5.526313
5.542401
5.558207
5.573625
5.588552
5.602888
5.616538
5.629411
5.641421
5.652489
5.662539
5.671505
5.679328
5.685956
5.691342
5.695454
5.698262
5.699748
5.699901
5.698722
5.696218
5.692406
5.687310
5.680965
5.673414
5.664707
5.654901
5.644062
5.632262
5.619581
5.606102
5.591916
5.577117
5.561803
5.546078
5.530045
5.513812
5.497487
5.481178
5.464995
5.449046
5.433436
5.418270
5.403649
5.389671
5.376428
5.364009
5.352498
5.341969
5.332494
5.324137
5.316952
5.310987
5.306283
5.302871
5.300773
5.300004
5.300568
5.302462
5.305674
5.310181
5.315954
5.322954
5.331134
5.340441
5.350812
5.362177
5.374462
5.387583
5.401454
5.415983
5.431071
5.446620
5.462524
5.478678
5.494974
5.511304
5.527558
5.543629
5.559408
5.574792
5.589677
5.603963
5.617557
5.630367
5.642307
5.653298
5.663268
5.672148
5.679881
5.686414
5.691704
5.695716
5.698423
5.699807
5.699858
5.698576
5.695971
5.692059
5.686866
5.680427
5.672785
5.663990
5.654103
5.643188
5.631317
5.618571
5.605035
5.590798
5.575956
5.560607
5.544854
5.528802
5.512558
5.496230
5.479928
5.463759
5.447832
5.432252
5.417125
5.402550
5.388625
5.375443
5.363091
5.351652
5.341202
5.331811
5.323542
5.316449
5.310580
5.305974
5.302663
5.300667
5.300000
5.300667
5.302663
5.305974
5.310580
5.316449
5.323542
5.331811
5.341202
5.351652
5.363091
5.375443
5.388625
5.402550
5.417125
5.432252
5.447832
5.463759
5.479928
5.496230
5.512558
5.528802
5.544854
5.560607
5.575956
5.590798
5.605035
5.618571
5.631317
5.643188
5.654103
5.663990
5.672785
5.680427
5.686866
5.692059
5.695971
5.698576
5.699858
5.699807
5.698423
5.695716
5.691704
5.686414
5.679881
5.672148
5.663268
5.653298
5.642307
5.630367
5.617557
5.603963
5.589677
5.574792
5.559408
5.543629
5.527558
5.511304
5.494974
5.478678
5.462524
5.446620
5.431071
5.415983
5.401454
5.387583
5.374462
5.362177
5.350812
5.340441
5.331134
5.322954
5.315954
5.310181
5.305674
5.302462
5.300568
5.300004
5.300773
5.302871
5.306283
5.310987
5.316952
5.324137
5.332494
5.341969
5.352498
5.364009
5.376428
5.389671
5.403649
5.418270
5.433436
5.449046
5.464995
5.481178
5.497487
5.513812
5.530045
5.546078
5.561803
5.577117
5.591916
5.606102
5.619581
5.632262
5.644062
5.654901
5.664707
5.673414
5.680965
5.687310
5.692406
5.696218
5.698722
5.699901
5.699748
5.698262
5.695454
5.691342
5.685956
5.679328
5.671505
5.662539
5.652489
5.641421
5.629411
5.616538
5.602888
5.588552
5.573625
5.558207
5.542401
5.526313
5.510049
5.493718
5.477429
5.461290
5.445410
5.429893
5.414844
5.400363
5.386546
5.373486
5.361269
5.349978
5.339686
5.330464
5.322373
5.315465
5.309789
5.305380
5.302269
5.300478
5.300016
5.300888
5.303087
5.306600
5.311402
5.317461
5.324739
5.333184
5.342742
5.353349
5.364933
5.377419
5.390721
5.404752
5.419419
5.434622
5.450262
5.466233
5.482430
5.498744
5.515065
5.531287
5.547300
5.562997
5.578275
5.593030
5.607165
5.620586
5.633203
5.644931
5.655693
5.665416
5.674037
5.681497
5.687747
5.692745
5.696457
5.698860
5.699937
5.699680
5.698092
5.695183
5.690973
5.685489
5.678768
5.670856
5.661803
5.651672
5.640530
5.628450
5.615515
5.601808
5.587423
5.572455
5.557004
5.541173
5.525067
5.508794
5.492462
5.476181
5.460058
5.444202
5.428718
5.413709
5.399275
5.385514
5.372515
5.360367
5.349150
5.338938
5.329801
5.321799
5.314984
5.309404
5.305095
5.302085
5.300395
5.300035
5.301010
5.303311
5.306924
5.311824
5.317979
5.325347
5.333881
5.343522
5.354206
5.365863
5.378414
5.391776
5.405859
5.420570
5.435811
5.451480
5.467473
5.483682
5.500000
5.516318
5.532527
5.548520
5.564189
5.579430
5.594141
5.608224
5.621586
5.634137
5.645794
5.656478
5.666119
5.674653
5.682021
5.688176
5.693076
5.696689
5.698990
5.699965
5.699605
5.697915
5.694905
5.690596
5.685016
5.678201
5.670199
5.661062
5.650850
5.639633
5.627485
5.614486
5.600725
5.586291
5.571282
5.555798
5.539942
5.523819
5.507538
5.491206
5.474933
5.458827
5.442996
5.427545
5.412577
5.398192
5.384485
5.371550
5.359470
5.348328
5.338197
5.329144
5.321232
5.314511
5.309027
5.304817
5.301908
5.300320
5.300063
5.301140
5.303543
5.307255
5.312253
5.318503
5.325963
5.334584
5.344307
5.355069
5.366797
5.379414
5.392835
5.406970
5.421725
5.437003
5.452700
5.468713
5.484935
5.501256
5.517570
5.533767
5.549738
5.565378
5.580581
5.595248
5.609279
5.622581
5.635067
5.646651
5.657258
5.666816
5.675261
5.682539
5.688598
5.693400
5.696913
5.699112
5.699984
5.699522
5.697731
5.694620
5.690211
5.684535
5.677627
5.669536
5.660314
5.650022
5.638731
5.626514
5.613454
5.599637
5.585156
5.570107
5.554590
5.538710
5.522571
5.506282
5.489951
5.473687
5.457599
5.441793
5.426375
5.411448
5.397112
5.383462
5.370589
5.358579
5.347511
5.337461
5.328495
5.320672
5.314044
5.308658
5.304546
5.301738
5.300252
5.300099
5.301278
5.303782
5.307594
5.312690
5.319035
5.326586
5.335293
5.345099
5.355938
5.367738
5.380419
5.393898
5.408084
5.422883
5.438197
5.453922
5.469955
5.486188
5.502513
5.518822
5.535005
5.550954
5.566564
5.581730
5.596351
5.610329
5.623572
5.635991
5.647502
5.658031
5.667506
5.675863
5.683048
5.689013
5.693717
5.697129
5.699227
5.699996
5.699432
5.697538
5.694326
5.689819
5.684046
5.677046
5.668866
5.659559
5.649188
5.637823
5.625538
5.612417
5.598546
5.584017
5.568929
5.553380
5.537476
5.521322
5.505026
5.488696
5.472442
5.456371
5.440592
5.425208
5.410323
5.396037
5.382443
5.369633
5.357693
5.346702
5.336732
5.327852
5.320119
5.313586
5.308296
5.304284
5.301577
5.300193
5.300142
5.301424
5.304029
5.307941
5.313134
5.319573
5.327215
5.336010
5.345897
5.356812
5.368683
5.381429
5.394965
5.409202
5.424044
5.439393
5.455146
5.471198
5.487442
5.503770
5.520072
5.536241
5.552168
5.567748
5.582875
5.597450
5.611375
5.624557
5.636909
5.648348
5.658798
5.668189
5.676458
5.683551
5.689420
5.694026
5.697337
5.699333
5.700000
5.699333
5.697337
5.694026
5.689420
5.683551
5.676458
5.668189
5.658798
5.648348
5.636909
5.624557
5.611375
5.597450
5.582875
5.567748
5.552168
5.536241
5.520072
5.503770
5.487442
5.471198
5.455146
5.439393
5.424044
5.409202
5.394965
5.381429
5.368683
5.356812
5.345897
5.336010
5.327215
5.319573
5.313134
5.307941
5.304029
5.301424
5.300142
5.300193
5.301577
5.304284
5.308296
5.313586
5.320119
5.327852
5.336732
5.346702
5.357693
5.369633
5.382443
5.396037
5.410323
5.425208
5.440592
5.456371
5.472442
5.488696
5.505026
5.521322
5.537476
5.553380
5.568929
5.584017
5.598546
5.612417
5.625538
5.637823
5.649188
5.659559
5.668866
5.677046
5.684046
5.689819
5.694326
5.697538
5.699432
5.699996
5.699227
5.697129
5.693717
5.689013
5.683048
5.675863
5.667506
5.658031
5.647502
5.635991
5.623572
5.610329
5.596351
5.581730
5.566564
5.550954
5.535005
5.518822
5.502513
5.486188
5.469955
5.453922
5.438197
5.422883
5.408084
5.393898
5.380419
5.367738
5.355938
5.345099
5.335293
5.326586
5.319035
5.312690
5.307594
5.303782
5.301278
5.300099
5.300252
5.301738
5.304546
5.308658
5.314044
5.320672
5.328495
5.337461
5.347511
5.358579
5.370589
5.383462
5.397112
5.411448
5.426375
5.441793
5.457599
5.473687
5.489951
5.506282
5.522571
5.538710
5.554590
5.570107
5.585156
5.599637
5.613454
5.626514
5.638731
5.650022
5.660314
5.669536
5.677627
5.684535
5.690211
5.694620
5.697731
5.699522
5.699984
5.699112
5.696913
5.693400
5.688598
5.682539
5.675261
5.666816
5.657258
5.646651
5.635067
5.622581
5.609279
5.595248
5.580581
5.565378
5.549738
5.533767
5.517570
5.501256
5.484935
5.468713
5.452700
5.437003
5.421725
5.406970
5.392835
5.379414
5.366797
5.355069
5.344307
5.334584
5.325963
5.318503
5.312253
5.307255
5.303543
5.301140
5.300063
5.300320
5.301908
5.304817
5.309027
5.314511
5.321232
5.329144
5.338197
5.348328
5.359470
5.371550
5.384485
5.398192
5.412577
5.427545
5.442996
5.458827
5.474933
5.491206
5.507538
5.523819
5.539942
5.555798
5.571282
5.586291
5.600725
5.614486
5.627485
5.639633
5.650850
5.661062
5.670199
5.678201
5.685016
5.690596
5.694905
5.697915
5.699605
5.699965
5.698990
5.696689
5.693076
5.688176
5.682021
5.674653
5.666119
5.656478
5.645794
5.634137
5.621586
5.608224
5.594141
5.579430
5.564189
5.548520
5.532527
5.516318
5.500000
5.483682
5.467473
5.451480
5.435811
5.420570
5.405859
5.391776
5.378414
5.365863
5.354206
5.343522
5.333881
5.325347
5.317979
5.311824
5.306924
5.303311
5.301010
5.300035
5.300395
5.302085
5.305095
5.309404
5.314984
5.321799
5.329801
5.338938
5.349150
5.360367
5.372515
5.385514
5.399275
5.413709
5.428718
5.444202
5.460058
5.476181
5.492462
5.508794
5.525067
5.541173
5.557004
5.572455
5.587423
5.601808
5.615515
5.628450
5.640530
5.651672
5.661803
5.670856
5.678768
5.685489
5.690973
5.695183
5.698092
5.699680
5.699937
5.698860
5.696457
5.692745
5.687747
5.681497
5.674037
5.665416
5.655693
5.644931
5.633203
5.620586
5.607165
5.593030
5.578275
5.562997
5.547300
5.531287
5.515065
5.498744
5.482430
5.466233
5.450262
5.434622
5.419419
5.404752
5.390721
5.377419
5.364933
5.353349
5.342742
5.333184
5.324739
5.317461
5.311402
5.306600
5.303087
5.300888
5.300016
5.300478
5.302269
5.305380
5.309789
5.315465
5.322373
5.330464
5.339686
5.349978
5.361269
5.373486
5.386546
5.400363
5.414844
5.429893
5.445410
5.461290
5.477429
5.493718
5.510049
5.526313
5.542401
5.558207
5.573625
5.588552
5.602888
5.616538
5.629411
5.641421
5.652489
5.662539
5.671505
5.679328
5.685956
5.691342
5.695454
5.698262
5.699748
5.699901
5.698722
5.696218
5.692406
5.687310
5.680965
5.673414
5.664707
5.654901
5.644062
5.632262
5.619581
5.606102
5.591916
5.577117
5.561803
5.546078
5.530045
5.513812
5.497487
5.481178
5.464995
5.449046
5.433436
5.418270
5.403649
5.389671
5.376428
5.364009
5.352498
5.341969
5.332494
5.324137
5.316952
5.310987
5.306283
5.302871
5.300773
5.300004
5.300568
5.302462
5.305674
5.310181
5.315954
5.322954
5.331134
5.340441
5.350812
5.362177
5.374462
5.387583
5.401454
5.415983
5.431071
5.446620
5.462524
5.478678
5.494974
5.511304
5.527558
5.543629
5.559408
5.574792
5.589677
5.603963
5.617557
5.630367
5.642307
5.653298
5.663268
5.672148
5.679881
5.686414
5.691704
5.695716
5.698423
5.699807
5.699858
5.698576
5.695971
5.692059
5.686866
5.680427
5.672785
5.663990
5.654103
5.643188
5.631317
5.618571
5.605035
5.590798
5.575956
5.560607
5.544854
5.528802
5.512558
5.496230
5.479928
5.463759
5.447832
5.432252
5.417125
5.402550
5.388625
5.375443
5.363091
5.351652
5.341202
5.331811
5.323542
5.316449
5.310580
5.305974
5.302663
5.300667
5.300000
5.300667
5.302663
5.305974
5.310580
5.316449
5.323542
5.331811
5.341202
5.351652
5.363091
5.375443
5.388625
5.402550
5.417125
5.432252
5.447832
5.463759
5.479928
5.496230
5.512558
5.528802
5.544854
5.560607
5.575956
5.590798
5.605035
5.618571
5.631317
5.643188
5.654103
5.663990
5.672785
5.680427
5.686866
5.692059
5.695971
5.698576
5.699858
5.699807
5.698423
5.695716
5.691704
5.686414
5.679881
5.672148
5.663268
5.653298
5.642307
5.630367
5.617557
5.603963
5.589677
5.574792
5.559408
5.543629
5.527558
5.511304
5.494974
5.478678
5.462524
5.446620
5.431071
5.415983
5.401454
5.387583
5.374462
5.362177
5.350812
5.340441
5.331134
5.322954
5.315954
5.310181
5.305674
5.302462
5.300568
5.300004
5.300773
5.302871
5.306283
5.310987
5.316952
5.324137
5.332494
5.341969
5.352498
5.364009
5.376428
5.389671
5.403649
5.418270
5.433436
5.449046
5.464995
5.481178
5.497487
5.513812
5.530045
5.546078
5.561803
5.577117
5.591916
5.606102
5.619581
5.632262
5.644062
5.654901
5.664707
5.673414
5.680965
5.687310
5.692406
5.696218
5.698722
5.699901
5.699747
5.698261
5.695454
5.691342
5.685955
5.679328
5.671505
5.662539
5.652488
5.641421
5.629411
5.616538
5.602888
5.588552
5.573625
5.558207
5.542401
5.526313
5.510049
5.493718
5.477429
5.461290
5.445410
5.429893
5.414845
5.400363
5.386547
5.373487
5.361270
5.349978
5.339687
5.330465
5.322374
5.315467
5.309790
5.305382
5.302272
5.300480
5.300018
5.300890
5.303090
5.306603
5.311405
5.317465
5.324742
5.333188
5.342746
5.353353
5.364938
5.377423
5.390725
5.404756
5.419422
5.434626
5.450264
5.466235
5.482431
5.498744
5.515064
5.531284
5.547296
5.562991
5.578266
5.593019
5.607151
5.620568
5.633181
5.644905
5.655662
5.665381
5.673996
5.681450
5.687694
5.692686
5.696391
5.698787
5.699856
5.699592
5.697996
5.695079
5.690861
5.685370
5.678643
5.670724
5.661667
5.651532
5.640388
5.628308
5.615374
5.601672
5.587295
5.572339
5.556903
5.541093
5.525013
5.508773
5.492481
5.476247
5.460180
5.444388
5.428978
5.414055
5.399718
5.386065
5.373188
5.361175
5.350106
5.340057
5.331096
5.323284
5.316674
5.311310
5.307229
5.304459
5.303016
5.302911
5.304142
5.306700
5.310565
5.315707
5.322088
5.329661
5.338367
5.348143
5.358913
5.370595
5.383101
5.396332
5.410187
5.424555
5.439324
5.454376
5.469589
5.484838
5.500000
5.514948
5.529557
5.543705
5.557271
5.570142
5.582208
5.593367
5.603527
5.612603
5.620526
5.627236
5.632689
5.636854
5.639717
5.641281
5.641564
5.640602
5.638447
5.635166
5.630842
5.625570
5.619457
5.612619
5.605180
5.597266
5.589007
5.580531
5.571962
5.563418
5.555010
5.546839
5.538990
5.531543
5.524557
5.518082
5.512153
5.506792
5.502011
5.497808
5.494174
5.491089
5.488528
5.486460
5.484848
5.483656
5.482842
5.482366
5.482187
5.482265
5.482563
5.483044
5.483674
5.484423
5.485261
5.486166
5.487112
5.488081
5.489057
5.490023
5.490970
5.491885
5.492763
5.493597
5.494381
5.495115
5.495795
5.496421
5.496993
5.497512
5.497979
5.498397
5.498768
5.499094
5.499379
5.499625
5.499835
5.500012
