-2.025183
-2.154099
-2.174223
-2.277265
-2.273785
-2.359275
-2.339605
-2.413444
-2.382728
-2.446429
-2.409359
-2.468067
-2.427365
-2.484711
-2.440528
-2.495303
-2.447035
-2.500901
-2.453692
-2.506500
-2.456870
-2.507559
-2.458383
-2.510434
-2.461409
-2.513309
-2.463982
-2.514822
-2.464284
-2.516184
-2.466100
-2.517696
-2.467159
-2.519058
-2.468067
-2.519058
-2.468218
-2.520118
-2.470034
-2.521631
-2.471698
-2.523295
-2.471093
-2.523295
-2.473665
-2.524505
-2.474573
-2.527078
-2.476540
-2.527078
-2.475178
-2.527078
-2.475784
-2.528893
-2.476691
-2.530406
-2.479566
-2.532827
-2.481836
-2.534038
-2.483349
-2.535097
-2.484106
-2.536308
-2.484862
-2.536308
-2.484106
-2.536005
-2.483954
-2.535249
-2.481080
-2.532676
-2.480172
-2.531314
-2.477902
-2.528893
-2.475330
-2.525867
-2.472455
-2.523295
-2.470488
-2.521025
-2.467159
-2.517545
-2.464133
-2.514519
-2.461107
-2.509828
-2.456719
-2.506802
-2.452936
-2.502112
-2.448397
-2.498480
-2.443555
-2.493487
-2.439620
-2.491369
-2.437654
-2.486980
-2.434325
-2.485770
-2.432812
-2.483954
-2.430693
-2.480323
-2.427970
-2.478658
-2.425700
-2.477751
-2.424792
-2.477146
-2.424036
-2.476540
-2.423885
-2.476238
-2.423279
-2.474876
-2.421312
-2.474876
-2.422220
-2.474119
-2.422220
-2.475935
-2.421766
-2.475935
-2.423582
-2.477751
-2.425549
-2.478053
-2.425852
-2.479264
-2.427667
-2.482744
-2.430996
-2.486073
-2.434476
-2.489553
-2.437502
-2.492882
-2.440831
-2.496211
-2.443857
-2.497572
-2.446429
-2.500296
-2.449002
-2.505138
-2.453390
-2.509375
-2.456416
-2.513157
-2.460804
-2.516940
-2.465041
-2.521479
-2.469580
-2.525565
-2.473212
-2.529801
-2.475784
-2.532827
-2.480323
-2.537064
-2.482290
-2.539636
-2.484862
-2.542360
-2.489856
-2.546143
-2.493184
-2.549169
-2.496059
-2.552498
-2.499237
-2.555826
-2.501809
-2.558248
-2.502112
-2.558853
-2.503171
-2.560063
-2.505289
-2.559761
-2.506046
-2.562181
-2.507710
-2.563846
-2.508467
-2.563846
-2.508315
-2.564148
-2.508618
-2.564148
-2.508618
-2.563846
-2.506651
-2.562030
-2.505743
-2.560366
-2.503625
-2.559004
-2.501960
-2.556734
-2.500145
-2.554465
-2.497572
-2.552195
-2.495152
-2.549623
-2.492125
-2.546597
-2.488191
-2.542965
-2.485619
-2.537972
-2.478961
-2.532525
-2.475935
-2.530104
-2.472455
-2.527078
-2.469731
-2.523597
-2.466251
-2.520420
-2.462015
-2.516032
-2.458383
-2.512401
-2.453541
-2.508013
-2.450969
-2.504835
-2.447489
-2.501355
-2.443706
-2.498329
-2.440680
-2.494395
-2.436746
-2.491369
-2.434174
-2.488948
-2.430239
-2.485316
-2.428272
-2.481231
-2.425246
-2.480474
-2.424187
-2.479113
-2.421463
-2.477297
-2.421010
-2.474725
-2.419043
-2.475330
-2.418740
-2.473212
-2.417984
-2.474573
-2.417681
-2.472757
-2.417984
-2.474422
-2.419043
-2.476086
-2.421161
-2.478205
-2.423279
-2.480323
-2.424036
-2.480928
-2.425700
-2.483198
-2.429029
-2.484711
-2.429180
-2.486678
-2.433114
-2.489402
-2.435838
-2.493789
-2.439772
-2.497270
-2.442950
-2.501052
-2.447035
-2.503625
-2.450061
-2.508467
-2.453844
-2.512552
-2.458081
-2.516335
-2.462166
-2.520118
-2.465949
-2.524505
-2.470639
-2.528893
-2.474422
-2.532374
-2.477902
-2.534341
-2.479566
-2.536913
-2.482139
-2.540847
-2.486527
-2.544932
-2.489402
-2.547050
-2.493336
-2.551287
-2.496665
-2.554465
-2.499842
-2.557642
-2.501355
-2.559155
-2.503927
-2.560517
-2.505440
-2.562635
-2.507256
-2.563695
-2.506197
-2.561728
-2.506651
-2.563543
-2.507559
-2.563089
-2.507256
-2.563997
-2.507559
-2.563846
-2.507710
-2.563392
-2.505894
-2.561425
-2.503322
-2.559004
-2.502414
-2.557642
-2.500296
-2.553708
-2.497421
-2.552044
-2.495303
-2.548564
-2.492125
-2.546748
-2.490007
-2.542663
-2.486073
-2.539031
-2.482441
-2.536913
-2.479718
-2.533735
-2.476389
-2.530406
-2.471698
-2.525867
-2.468823
-2.522084
-2.465192
-2.518604
-2.460653
-2.514368
-2.457173
-2.510585
-2.453390
-2.506197
-2.449456
-2.502868
-2.446278
-2.499842
-2.442950
-2.496816
-2.439772
-2.491822
-2.434627
-2.488645
-2.432963
-2.485014
-2.429029
-2.483349
-2.427667
-2.481987
-2.426305
-2.480777
-2.425398
-2.479718
-2.424338
-2.476691
-2.421917
-2.475330
-2.421312
-2.474573
-2.420253
-2.473817
-2.419648
-2.473665
-2.419799
-2.475027
-2.421161
-2.475178
-2.421766
-2.477599
-2.424036
-2.479566
-2.425549
-2.480928
-2.427365
-2.482593
-2.429785
-2.484106
-2.431299
-2.487586
-2.434174
-2.490461
-2.437048
-2.493789
-2.440831
-2.496816
-2.443857
-2.500447
-2.446127
-2.502414
-2.450666
-2.505743
-2.453844
-2.510585
-2.456567
-2.514065
-2.461863
-2.518151
-2.464587
-2.521479
-2.469731
-2.526775
-2.473060
-2.530255
-2.477297
-2.532676
-2.480323
-2.536005
-2.483954
-2.540544
-2.486527
-2.543873
-2.489402
-2.545991
-2.493789
-2.550077
-2.497270
-2.553254
-2.500296
-2.555826
-2.501960
-2.557945
-2.504835
-2.558702
-2.505440
-2.561274
-2.507861
-2.563241
-2.508164
-2.563543
-2.510131
-2.565056
-2.509072
-2.564603
-2.509828
-2.563997
-2.509677
-2.563997
-2.509979
-2.562938
-2.508618
-2.562181
-2.507559
-2.561122
-2.506500
-2.559912
-2.504986
-2.556432
-2.501658
-2.552952
-2.498934
-2.551590
-2.496362
-2.548866
-2.492125
-2.545084
-2.489704
-2.542360
-2.486527
-2.538728
-2.482139
-2.534492
-2.480021
-2.530860
-2.476238
-2.527834
-2.472757
-2.524505
-2.468218
-2.519966
-2.465041
-2.516486
-2.461712
-2.511644
-2.457627
-2.508920
-2.454449
-2.504684
-2.449153
-2.500447
-2.446581
-2.498178
-2.442193
-2.494244
-2.439772
-2.489553
-2.436594
-2.488191
-2.434930
-2.485770
-2.431147
-2.483047
-2.429937
-2.480928
-2.428726
-2.479718
-2.425700
-2.476691
-2.423430
-2.474271
-2.423279
-2.474876
-2.423279
-2.475481
-2.424036
-2.475935
-2.424338
-2.476086
-2.423430
-2.474573
-2.423582
-2.475632
-2.425095
-2.476238
-2.426608
-2.479415
-2.427213
-2.480323
-2.430693
-2.483047
-2.433871
-2.486678
-2.436897
-2.488343
-2.439015
-2.490763
-2.441588
-2.495152
-2.445824
-2.498329
-2.449305
-2.502717
-2.453692
-2.506953
-2.455962
-2.509828
-2.460653
-2.514065
-2.464889
-2.518453
-2.469126
-2.522236
-2.471396
-2.525111
-2.476238
-2.529650
-2.481080
-2.533282
-2.483954
-2.537215
-2.488494
-2.540998
-2.490763
-2.541906
-2.493638
-2.546294
-2.496816
-2.549925
-2.501204
-2.551136
-2.502566
-2.554767
-2.506046
-2.557945
-2.507559
-2.559307
-2.509526
-2.560668
-2.511493
-2.562938
-2.513611
-2.564603
-2.514065
-2.564148
-2.514670
-2.565208
-2.515124
-2.565813
-2.516032
-2.565511
-2.515729
-2.565511
-2.515427
-2.562635
-2.511644
-2.561122
-2.511039
-2.558550
-2.508618
-2.557188
-2.506953
-2.555221
-2.505138
-2.551741
-2.501960
-2.550077
-2.499993
-2.547958
-2.496967
-2.544630
-2.493789
-2.541452
-2.490158
-2.537367
-2.486829
-2.532374
-2.483198
-2.530104
-2.478961
-2.526018
-2.474422
-2.521631
-2.471698
-2.518604
-2.469126
-2.514973
-2.465041
-2.510887
-2.461258
-2.507559
-2.458383
-2.503927
-2.455054
-2.500598
-2.451423
-2.497572
-2.447186
-2.493336
-2.443403
-2.489704
-2.441739
-2.486527
-2.438108
-2.484560
-2.436746
-2.481231
-2.434174
-2.480777
-2.433568
-2.478205
-2.431601
-2.478053
-2.431299
-2.477902
-2.430996
-2.475935
-2.429180
-2.476238
-2.428272
-2.475632
-2.430088
-2.476389
-2.429180
-2.476238
-2.431147
-2.478356
-2.432963
-2.480172
-2.435384
-2.481836
-2.437502
-2.484560
-2.438561
-2.485921
-2.441890
-2.488796
-2.444917
-2.490461
-2.447186
-2.494697
-2.450666
-2.497270
-2.454146
-2.501052
-2.457778
-2.505440
-2.460653
-2.506802
-2.464284
-2.510434
-2.467916
-2.514216
-2.470034
-2.517696
-2.475027
-2.522841
-2.480474
-2.525716
-2.483803
-2.530709
-2.487737
-2.533433
-2.490007
-2.536308
-2.494092
-2.541149
-2.498631
-2.545537
-2.501809
-2.548715
-2.504381
-2.550682
-2.508164
-2.554011
-2.510585
-2.555221
-2.512552
-2.558702
-2.515276
-2.560215
-2.517091
-2.562635
-2.519058
-2.563846
-2.519058
-2.563846
-2.518756
-2.563392
-2.520420
-2.565359
-2.520118
-2.564451
-2.519058
-2.562938
-2.520118
-2.563241
-2.518907
-2.561728
-2.518302
-2.560971
-2.517091
-2.559761
-2.515729
-2.557945
-2.512249
-2.554314
-2.508467
-2.551136
-2.507407
-2.548866
-2.504986
-2.544327
-2.501052
-2.542360
-2.498329
-2.538426
-2.495000
-2.536005
-2.490461
-2.531919
-2.487737
-2.528591
-2.484560
-2.524657
-2.480777
-2.521025
-2.477751
-2.517545
-2.474271
-2.512249
-2.469580
-2.509223
-2.466554
-2.505894
-2.463225
-2.501506
-2.459291
-2.498178
-2.454600
-2.494395
-2.450666
-2.490461
-2.448699
-2.486224
-2.445824
-2.485316
-2.442950
-2.482290
-2.442344
-2.481231
-2.439772
-2.477751
-2.438561
-2.477751
-2.438410
-2.476994
-2.437048
-2.476540
-2.437956
-2.476843
-2.436292
-2.475178
-2.436746
-2.475935
-2.438108
-2.476994
-2.439167
-2.477902
-2.440377
-2.479264
-2.442193
-2.481534
-2.444463
-2.483500
-2.447035
-2.485014
-2.449305
-2.488191
-2.450666
-2.490007
-2.454298
-2.492882
-2.458081
-2.496967
-2.461863
-2.499691
-2.465041
-2.503927
-2.468975
-2.506046
-2.472001
-2.510131
-2.474119
-2.513157
-2.478961
-2.517696
-2.484106
-2.522084
-2.488191
-2.525867
-2.493184
-2.529953
-2.496816
-2.534189
-2.500750
-2.537821
-2.504684
-2.541755
-2.508315
-2.544630
-2.511795
-2.547807
-2.514822
-2.550985
-2.516486
-2.552346
-2.519664
-2.555373
-2.522841
-2.558248
-2.524959
-2.560215
-2.527380
-2.561728
-2.527683
-2.561728
-2.529650
-2.563695
-2.531466
-2.564754
-2.531768
-2.563846
-2.531919
-2.564603
-2.531919
-2.564300
-2.531163
-2.561879
-2.528591
-2.560668
-2.529196
-2.560668
-2.527380
-2.558399
-2.526624
-2.557340
-2.524203
-2.553708
-2.522236
-2.551287
-2.519664
-2.549320
-2.516032
-2.545386
-2.513611
-2.542965
-2.510887
-2.539636
-2.508315
-2.536156
-2.504684
-2.533130
-2.501355
-2.529196
-2.496665
-2.523749
-2.493184
-2.520118
-2.489402
-2.516637
-2.486678
-2.513006
-2.482744
-2.508920
-2.479264
-2.505743
-2.475935
-2.502263
-2.472455
-2.498783
-2.469429
-2.495303
-2.464889
-2.491520
-2.461712
-2.487737
-2.459745
-2.483500
-2.456870
-2.482441
-2.455357
-2.479113
-2.452936
-2.478507
-2.452028
-2.477448
-2.451574
-2.476389
-2.449910
-2.474271
-2.449002
-2.472606
-2.447337
-2.472757
-2.448245
-2.472757
-2.449305
-2.474573
-2.450818
-2.475784
-2.452028
-2.477146
-2.453844
-2.478961
-2.455659
-2.480928
-2.458081
-2.482593
-2.459594
-2.484408
-2.461712
-2.486829
-2.464738
-2.489553
-2.468369
-2.492730
-2.471244
-2.495303
-2.474876
-2.497724
-2.478053
-2.501355
-2.481836
-2.504986
-2.486375
-2.508013
-2.489250
-2.512401
-2.493487
-2.517243
-2.497724
-2.520420
-2.502112
-2.525262
-2.506802
-2.527986
-2.510282
-2.532676
-2.514670
-2.535249
-2.516032
-2.537215
-2.518151
-2.538728
-2.522084
-2.543268
-2.526624
-2.545689
-2.529499
-2.549472
-2.532827
-2.552800
-2.535702
-2.555524
-2.538880
-2.556886
-2.539788
-2.558399
-2.541755
-2.560063
-2.543116
-2.560517
-2.542209
-2.559761
-2.543419
-2.560517
-2.544327
-2.558853
-2.541604
-2.557945
-2.542209
-2.558248
-2.542360
-2.556886
-2.540696
-2.555524
-2.538577
-2.553557
-2.537669
-2.551741
-2.536308
-2.549472
-2.534189
-2.546294
-2.531163
-2.543722
-2.528137
-2.539939
-2.522992
-2.535702
-2.519361
-2.531768
-2.517394
-2.528742
-2.513460
-2.523597
-2.510434
-2.520874
-2.506500
-2.517243
-2.501960
-2.512855
-2.498631
-2.508164
-2.495152
-2.504684
-2.491671
-2.499691
-2.487132
-2.496513
-2.484257
-2.493638
-2.481685
-2.490309
-2.478658
-2.487132
-2.476389
-2.483803
-2.473363
-2.481231
-2.469277
-2.477751
-2.468369
-2.476389
-2.466251
-2.473514
-2.464587
-2.472606
-2.463982
-2.471396
-2.461107
-2.468823
-2.461258
-2.468521
-2.461712
-2.468369
-2.460653
-2.467310
-2.461107
-2.466251
-2.460350
-2.465949
-2.461409
-2.468067
-2.463376
-2.468672
-2.464889
-2.471244
-2.467462
-2.473060
-2.468521
-2.475178
-2.472304
-2.477902
-2.474271
-2.480323
-2.477751
-2.483500
-2.481685
-2.487132
-2.483652
-2.489250
-2.488191
-2.493336
-2.491217
-2.496967
-2.496362
-2.500750
-2.500296
-2.503019
-2.503625
-2.508013
-2.508315
-2.510736
-2.512098
-2.515729
-2.516788
-2.518907
-2.520420
-2.523446
-2.522992
-2.525867
-2.527078
-2.529801
-2.531768
-2.533584
-2.535400
-2.536762
-2.538275
-2.539182
-2.541604
-2.542511
-2.544781
-2.543419
-2.544478
-2.544781
-2.547202
-2.546899
-2.549925
-2.549320
-2.550228
-2.549623
-2.552498
-2.549472
-2.552649
-2.550985
-2.554162
-2.552044
-2.555070
-2.552044
-2.555524
-2.552498
-2.555070
-2.551741
-2.554162
-2.549925
-2.553254
-2.549017
-2.551590
-2.544932
-2.548110
-2.543571
-2.546748
-2.541452
-2.544478
-2.537972
-2.541604
-2.534643
-2.537518
-2.532071
-2.535702
-2.528893
-2.532374
-2.525565
-2.529650
-2.520723
-2.524959
-2.516335
-2.521025
-2.513611
-2.517999
-2.510131
-2.512855
-2.505592
-2.509828
-2.501506
-2.506802
-2.498178
-2.503776
-2.494244
-2.498480
-2.489250
-2.495454
-2.485467
-2.491822
-2.482441
-2.489402
-2.479415
-2.486527
-2.475935
-2.482593
-2.472304
-2.480323
-2.469731
-2.477751
-2.467008
-2.475481
-2.463376
-2.472152
-2.461712
-2.471396
-2.460804
-2.469580
-2.459140
-2.468975
-2.456265
-2.468218
-2.455357
-2.466403
-2.453844
-2.466100
-2.455054
-2.468218
-2.455054
-2.469429
-2.457475
-2.471093
-2.458232
-2.472001
-2.458081
-2.473665
-2.459745
-2.475178
-2.462317
-2.478658
-2.464436
-2.481080
-2.467916
-2.485014
-2.471093
-2.488191
-2.474573
-2.492276
-2.478053
-2.494546
-2.480474
-2.498783
-2.484257
-2.503019
-2.488343
-2.507256
-2.490612
-2.509979
-2.493638
-2.513914
-2.496513
-2.516788
-2.500901
-2.521479
-2.504079
-2.523749
-2.508013
-2.529347
-2.512098
-2.533433
-2.515729
-2.535702
-2.517091
-2.539485
-2.521177
-2.543722
-2.524203
-2.546899
-2.527532
-2.549925
-2.530255
-2.553103
-2.532827
-2.555524
-2.534795
-2.557642
-2.535097
-2.557037
-2.535702
-2.559155
-2.536762
-2.560820
-2.538577
-2.561425
-2.538426
-2.562333
-2.539031
-2.562484
-2.537821
-2.562030
-2.537669
-2.561576
-2.536762
-2.560517
-2.535249
-2.559458
-2.533887
-2.556886
-2.531012
-2.554314
-2.526926
-2.551439
-2.524959
-2.548413
-2.521631
-2.546899
-2.519361
-2.543873
-2.516184
-2.540696
-2.512855
-2.537669
-2.509526
-2.534189
-2.504835
-2.530406
-2.501506
-2.525413
-2.496967
-2.522690
-2.493336
-2.518756
-2.488948
-2.513762
-2.484408
-2.511039
-2.480777
-2.507559
-2.476691
-2.503625
-2.471698
-2.499085
-2.468521
-2.496211
-2.464587
-2.492276
-2.460047
-2.489402
-2.456719
-2.486224
-2.454449
-2.483954
-2.452785
-2.482139
-2.450666
-2.480928
-2.447640
-2.478205
-2.446581
-2.477599
-2.445219
-2.476540
-2.444311
-2.474876
-2.442496
-2.475027
-2.442950
-2.475330
-2.442798
-2.475178
-2.442647
-2.476238
-2.443555
-2.477297
-2.443706
-2.476540
-2.442193
-2.476540
-2.444463
-2.478658
-2.445976
-2.480928
-2.448094
-2.484711
-2.451272
-2.488343
-2.452936
-2.490007
-2.456265
-2.492125
-2.458383
-2.496967
-2.462922
-2.501204
-2.465949
-2.504835
-2.469731
-2.508920
-2.473817
-2.513157
-2.477448
-2.516788
-2.481382
-2.521479
-2.485014
-2.525262
-2.487888
-2.527532
-2.489856
-2.531314
-2.494697
-2.535854
-2.497724
-2.538880
-2.501052
-2.543116
-2.504986
-2.547505
-2.508315
-2.549472
-2.509979
-2.552800
-2.511947
-2.554767
-2.513309
-2.556281
-2.516032
-2.558550
-2.517696
-2.561122
-2.519815
-2.562787
-2.519210
-2.562938
-2.519966
-2.563997
-2.521025
-2.564754
-2.521782
-2.565359
-2.521631
-2.563392
-2.520118
-2.563997
-2.519361
-2.561425
-2.516940
-2.561274
-2.516032
-2.559609
-2.514065
-2.556281
-2.511039
-2.555675
-2.509526
-2.553708
-2.504986
-2.549774
-2.501204
-2.546445
-2.499237
-2.544327
-2.495757
-2.539031
-2.491974
-2.536459
-2.488796
-2.533433
-2.485165
-2.530255
-2.481836
-2.526321
-2.476238
-2.521177
-2.472001
-2.517696
-2.467008
-2.513157
-2.464436
-2.510434
-2.461258
-2.506953
-2.457627
-2.501658
-2.451423
-2.498631
-2.449305
-2.494244
-2.444009
-2.491369
-2.442193
-2.489856
-2.438259
-2.486073
-2.436443
-2.483954
-2.434627
-2.483047
-2.433114
-2.481534
-2.430996
-2.478053
-2.428575
-2.476238
-2.427365
-2.474876
-2.426003
-2.475027
-2.425549
-2.474119
-2.424641
-2.474573
-2.424944
-2.475481
-2.426457
-2.477297
-2.428424
-2.478053
-2.427213
-2.478205
-2.429029
-2.480626
-2.430088
-2.482441
-2.432812
-2.485316
-2.435687
-2.486375
-2.438410
-2.490612
-2.440226
-2.493184
-2.444160
-2.495303
-2.446732
-2.500296
-2.451272
-2.503322
-2.454298
-2.507559
-2.458232
-2.510434
-2.461107
-2.515276
-2.465646
-2.518907
-2.469580
-2.523446
-2.473514
-2.527078
-2.475935
-2.529196
-2.479415
-2.534189
-2.483803
-2.536308
-2.485770
-2.540696
-2.490007
-2.545386
-2.493941
-2.548866
-2.496211
-2.551439
-2.499539
-2.553103
-2.501809
-2.555221
-2.503019
-2.558248
-2.505138
-2.560517
-2.507105
-2.562181
-2.508315
-2.563392
-2.508920
-2.564300
-2.509223
-2.564603
-2.508467
-2.564148
-2.509677
-2.564754
-2.509677
-2.563089
-2.508164
-2.563392
-2.506500
-2.559912
-2.504381
-2.557945
-2.501506
-2.555524
-2.499691
-2.555221
-2.497118
-2.551893
-2.495303
-2.550380
-2.492730
-2.548110
-2.490461
-2.545235
-2.487888
-2.542209
-2.485165
-2.539182
-2.480172
-2.535249
-2.477146
-2.530860
-2.473363
-2.527683
-2.469731
-2.523900
-2.465949
-2.520420
-2.462620
-2.516032
-2.458383
-2.512703
-2.455206
-2.509526
-2.451877
-2.505743
-2.447640
-2.500145
-2.443555
-2.497118
-2.438410
-2.492125
-2.435384
-2.490461
-2.433719
-2.488343
-2.430391
-2.485619
-2.427667
-2.483047
-2.426911
-2.481987
-2.425852
-2.480474
-2.424338
-2.477902
-2.422523
-2.477297
-2.421463
-2.476691
-2.420707
-2.476086
-2.420556
-2.475784
-2.421010
-2.476389
-2.422069
-2.475935
-2.422069
-2.477146
-2.423582
-2.479566
-2.425549
-2.481382
-2.427062
-2.483198
-2.428726
-2.484711
-2.431299
-2.487586
-2.433719
-2.490309
-2.437502
-2.491974
-2.439772
-2.495605
-2.442950
-2.499085
-2.446732
-2.503322
-2.450666
-2.507105
-2.454600
-2.511190
-2.457778
-2.514065
-2.462166
-2.518151
-2.466251
-2.522690
-2.470337
-2.526926
-2.474271
-2.529347
-2.477751
-2.534189
-2.481987
-2.537518
-2.484257
-2.540544
-2.488796
-2.544176
-2.492276
-2.547353
-2.495757
-2.550985
-2.499085
-2.553708
-2.499993
-2.555675
-2.503322
-2.557491
-2.504533
-2.559004
-2.507407
-2.561879
-2.509677
-2.563543
-2.509828
-2.563997
-2.512249
-2.563846
-2.512098
-2.565056
-2.511493
-2.564300
-2.512098
-2.564754
-2.512098
-2.562787
-2.509375
-2.561576
-2.509828
-2.560063
-2.506500
-2.558096
-2.506197
-2.557188
-2.505440
-2.554314
-2.502414
-2.552952
-2.500598
-2.549925
-2.497724
-2.547202
-2.493941
-2.542965
-2.491520
-2.539939
-2.487737
-2.537064
-2.485619
-2.534038
-2.482290
-2.530558
-2.478205
-2.526321
-2.475330
-2.522992
-2.471396
-2.518907
-2.467310
-2.514822
-2.462620
-2.509828
-2.459442
-2.505894
-2.455962
-2.502868
-2.451574
-2.497421
-2.448699
-2.495908
-2.445673
-2.492125
-2.442193
-2.489250
-2.439469
-2.486527
-2.438259
-2.484862
-2.434779
-2.482441
-2.434779
-2.481382
-2.434022
-2.480172
-2.431147
-2.476691
-2.430542
-2.475632
-2.429785
-2.475784
-2.429634
-2.476389
-2.430693
-2.477146
-2.431299
-2.477448
-2.432055
-2.478507
-2.433568
-2.480626
-2.434779
-2.481080
-2.436443
-2.483047
-2.437956
-2.484711
-2.439167
-2.486073
-2.442647
-2.487283
-2.444765
-2.489704
-2.447640
-2.494244
-2.451574
-2.496665
-2.455054
-2.499993
-2.457778
-2.504835
-2.462015
-2.508467
-2.467159
-2.513309
-2.470942
-2.517243
-2.475330
-2.521328
-2.479869
-2.523749
-2.483500
-2.527683
-2.486829
-2.531617
-2.489250
-2.533584
-2.493789
-2.539031
-2.498329
-2.543268
-2.501960
-2.546445
-2.505592
-2.550077
-2.509375
-2.553103
-2.511644
-2.553859
-2.514216
-2.557188
-2.515578
-2.557491
-2.516335
-2.559458
-2.519512
-2.562030
-2.521782
-2.563695
-2.522690
-2.564300
-2.524657
-2.564300
-2.525111
-2.565359
-2.524657
-2.565208
-2.524657
-2.563241
-2.524354
-2.563846
-2.524505
-2.560971
-2.521933
-2.560820
-2.521328
-2.559307
-2.519815
-2.557642
-2.517999
-2.554919
-2.515881
-2.552195
-2.511947
-2.548564
-2.509979
-2.545991
-2.505894
-2.541755
-2.503473
-2.539031
-2.500145
-2.535097
-2.496967
-2.531617
-2.492730
-2.526926
-2.490007
-2.523597
-2.486375
-2.519210
-2.482895
-2.515124
-2.479566
-2.512098
-2.474573
-2.507256
-2.471849
-2.503322
-2.467764
-2.499691
-2.465343
-2.495605
-2.461863
-2.493638
-2.459442
-2.489250
-2.456114
-2.485770
-2.452482
-2.484106
-2.450061
-2.481231
-2.447791
-2.478658
-2.446278
-2.475632
-2.445068
-2.475935
-2.445219
-2.474271
-2.444614
-2.475027
-2.443857
-2.474119
-2.443252
-2.473363
-2.444160
-2.473363
-2.445219
-2.475178
-2.447186
-2.476540
-2.449002
-2.478356
-2.451272
-2.480172
-2.452331
-2.479869
-2.454600
-2.483349
-2.456265
-2.485165
-2.459594
-2.488494
-2.463376
-2.491822
-2.467159
-2.493184
-2.469882
-2.498026
-2.473968
-2.499993
-2.476843
-2.504381
-2.481231
-2.508315
-2.485921
-2.513157
-2.489704
-2.516335
-2.492579
-2.519512
-2.498178
-2.522992
-2.501809
-2.525867
-2.503171
-2.527683
-2.507256
-2.531617
-2.512401
-2.537367
-2.517243
-2.540998
-2.521479
-2.545084
-2.525565
-2.548564
-2.528742
-2.551136
-2.530104
-2.553103
-2.533735
-2.555221
-2.536308
-2.557491
-2.536610
-2.557642
-2.538275
-2.558853
-2.540393
-2.560366
-2.541906
-2.561122
-2.543116
-2.562030
-2.542360
-2.559609
-2.540544
-2.559004
-2.541604
-2.558550
-2.541452
-2.557794
-2.540393
-2.556886
-2.539636
-2.555070
-2.536913
-2.552498
-2.535702
-2.550380
-2.534038
-2.547202
-2.529499
-2.543722
-2.527683
-2.541149
-2.525716
-2.537215
-2.522538
-2.534795
-2.519815
-2.531314
-2.514670
-2.526775
-2.512249
-2.523144
-2.508315
-2.519058
-2.504835
-2.515276
-2.500901
-2.510585
-2.497724
-2.506953
-2.494395
-2.502414
-2.490461
-2.497270
-2.485619
-2.494244
-2.483047
-2.491066
-2.480777
-2.488796
-2.477599
-2.483954
-2.472606
-2.480323
-2.471244
-2.478507
-2.468369
-2.475632
-2.467008
-2.473665
-2.465041
-2.470488
-2.462015
-2.466856
-2.460804
-2.467008
-2.461409
-2.466554
-2.461258
-2.466403
-2.461560
-2.465192
-2.461409
-2.466554
-2.462922
-2.467310
-2.463679
-2.468218
-2.464889
-2.469126
-2.467159
-2.470942
-2.468823
-2.472455
-2.471396
-2.474119
-2.473363
-2.475178
-2.475027
-2.478507
-2.477751
-2.481231
-2.481080
-2.484257
-2.484408
-2.486375
-2.488191
-2.490461
-2.492428
-2.493941
-2.496059
-2.497270
-2.499842
-2.501506
-2.502566
-2.504381
-2.507407
-2.508920
-2.512098
-2.512855
-2.515881
-2.516184
-2.520420
-2.520420
-2.524657
-2.522236
-2.526926
-2.525565
-2.529347
-2.528440
-2.533887
-2.532374
-2.537669
-2.534643
-2.540847
-2.536762
-2.542814
-2.540090
-2.545991
-2.543116
-2.549169
-2.545235
-2.550985
-2.546899
-2.551439
-2.546899
-2.552649
-2.548413
-2.554162
-2.549472
-2.556129
-2.550682
-2.555373
-2.549623
-2.556432
-2.549623
-2.555826
-2.548261
-2.555373
-2.546899
-2.554314
-2.546143
-2.553406
-2.544478
-2.552346
-2.541452
-2.549169
-2.539485
-2.547807
-2.535702
-2.545084
-2.534038
-2.542511
-2.529045
-2.538880
-2.526926
-2.536308
-2.523749
-2.532979
-2.519966
-2.529196
-2.515124
-2.526170
-2.511493
-2.522084
-2.507710
-2.518907
-2.503322
-2.514670
-2.497875
-2.509828
-2.494546
-2.505743
-2.490158
-2.502868
-2.484862
-2.499085
-2.482441
-2.495303
-2.477751
-2.492579
-2.475027
-2.489402
-2.472001
-2.487283
-2.468823
-2.483047
-2.465192
-2.480172
-2.461712
-2.478810
-2.458534
-2.476691
-2.457475
-2.475935
-2.456870
-2.475178
-2.455206
-2.474119
-2.454298
-2.472001
-2.452633
-2.472606
-2.451725
-2.472152
-2.451574
-2.473060
-2.452331
-2.473817
-2.452936
-2.473514
-2.452633
-2.475632
-2.452936
-2.476540
-2.455357
-2.478961
-2.457324
-2.481080
-2.459896
-2.482593
-2.461107
-2.485316
-2.463225
-2.489099
-2.466856
-2.490915
-2.468975
-2.493789
-2.471849
-2.498178
-2.475784
-2.503322
-2.479718
-2.507256
-2.482290
-2.510434
-2.485770
-2.512703
-2.488948
-2.517696
-2.493487
-2.521933
-2.496816
-2.526473
-2.499691
-2.529650
-2.504230
-2.533584
-2.507710
-2.537972
-2.511947
-2.541604
-2.514822
-2.543268
-2.517091
-2.547807
-2.520571
-2.551136
-2.523295
-2.553708
-2.524051
-2.555826
-2.526775
-2.556432
-2.527380
-2.557188
-2.528288
-2.560366
-2.530406
-2.562181
-2.531012
-2.563241
-2.532071
-2.563241
-2.532071
-2.563695
-2.531012
-2.561728
-2.528440
-2.559761
-2.525867
-2.559761
-2.526473
-2.558550
-2.525111
-2.558399
-2.522387
-2.554767
-2.520118
-2.553859
-2.518151
-2.551893
-2.514670
-2.548564
-2.512401
-2.546445
-2.509979
-2.542511
-2.506046
-2.540696
-2.502566
-2.537215
-2.498631
-2.533282
-2.495152
-2.529953
-2.490158
-2.525867
-2.485921
-2.521933
-2.481987
-2.518151
-2.478507
-2.515124
-2.473968
-2.510131
-2.470034
-2.507256
-2.466705
-2.503776
-2.462317
-2.499993
-2.458988
-2.496816
-2.455508
-2.493789
-2.450061
-2.489704
-2.448094
-2.486980
-2.444160
-2.482441
-2.440226
-2.481231
-2.437200
-2.478356
-2.436594
-2.476994
-2.434930
-2.477297
-2.434627
-2.476691
-2.433568
-2.476389
-2.433266
-2.476238
-2.432812
-2.476389
-2.432812
-2.476994
-2.433568
-2.477902
-2.433719
-2.478961
-2.434930
-2.478507
-2.435535
-2.480323
-2.435233
-2.481987
-2.438410
-2.485316
-2.441436
-2.488191
-2.443857
-2.490461
-2.446278
-2.493941
-2.449456
-2.497421
-2.452633
-2.501355
-2.456114
-2.503625
-2.458232
-2.507407
-2.462317
-2.510131
-2.465343
-2.513460
-2.468369
-2.518453
-2.472757
-2.522992
-2.476238
-2.526321
-2.480323
-2.529801
-2.483803
-2.534643
-2.487888
-2.537215
-2.490461
-2.541755
-2.494395
-2.545537
-2.497118
-2.548413
-2.500447
-2.550682
-2.502566
-2.553557
-2.505138
-2.556734
-2.508013
-2.559155
-2.507861
-2.559609
-2.509072
-2.560517
-2.511039
-2.562635
-2.512855
-2.564300
-2.513914
-2.564905
-2.513611
-2.564905
-2.514065
-2.564754
-2.512855
-2.563997
-2.512552
-2.564148
-2.512098
-2.562333
-2.510282
-2.561425
-2.507105
-2.558248
-2.505894
-2.556583
-2.503625
-2.554767
-2.501355
-2.552346
-2.498631
-2.548261
-2.495303
-2.544024
-2.491217
-2.541604
-2.488343
-2.539334
-2.483349
-2.534643
-2.480928
-2.530104
-2.476540
-2.527986
-2.472757
-2.524051
-2.467613
-2.519361
-2.464587
-2.514519
-2.459745
-2.510434
-2.455659
-2.507710
-2.451423
-2.502868
-2.447943
-2.500750
-2.445219
-2.497572
-2.442193
-2.495000
-2.437502
-2.491520
-2.434627
-2.487435
-2.432358
-2.485770
-2.429634
-2.482139
-2.426154
-2.480928
-2.425246
-2.479869
-2.424187
-2.479264
-2.423128
-2.477599
-2.421766
-2.476994
-2.420707
-2.475784
-2.420556
-2.474271
-2.420102
-2.476086
-2.420707
-2.477146
-2.422220
-2.478356
-2.422069
-2.477297
-2.422977
-2.480626
-2.425095
-2.482441
-2.427819
-2.484257
-2.430391
-2.487737
-2.432358
-2.489856
-2.434779
-2.492428
-2.438410
-2.496513
-2.442496
-2.498480
-2.444917
-2.501052
-2.448094
-2.506046
-2.452936
-2.509223
-2.456265
-2.512703
-2.459745
-2.517848
-2.463074
-2.521025
-2.465949
-2.524657
-2.471547
-2.527532
-2.475027
-2.532222
-2.477448
-2.535400
-2.482593
-2.539939
-2.486073
-2.542360
-2.487737
-2.545840
-2.492276
-2.549169
-2.496059
-2.552952
-2.497724
-2.554919
-2.501506
-2.557945
-2.504533
-2.559912
-2.504835
-2.560971
-2.507256
-2.563089
-2.508315
-2.562333
-2.508315
-2.563997
-2.510131
-2.565359
-2.510736
-2.563997
-2.510434
-2.565208
-2.510736
-2.564905
-2.510131
-2.564148
-2.509677
-2.563089
-2.506500
-2.560215
-2.505592
-2.559155
-2.504381
-2.555978
-2.501506
-2.553254
-2.499085
-2.551439
-2.496665
-2.548110
-2.493638
-2.544932
-2.488645
-2.541149
-2.486527
-2.537972
-2.482139
-2.533735
-2.479718
-2.529953
-2.476238
-2.526926
-2.471396
-2.522387
-2.468067
-2.518907
-2.463982
-2.513460
-2.459594
-2.510131
-2.455962
-2.506500
-2.453692
-2.503927
-2.450818
-2.500598
-2.447791
-2.497270
-2.445370
-2.492882
-2.441588
-2.489856
-2.437502
-2.487283
-2.436594
-2.485770
-2.435081
-2.483500
-2.433266
-2.481685
-2.431904
-2.481080
-2.430391
-2.477751
-2.427213
-2.475027
-2.426911
-2.475330
-2.427365
-2.476540
-2.427819
-2.476843
-2.428424
-2.477448
-2.430391
-2.478205
-2.431147
-2.479566
-2.433114
-2.481685
-2.433266
-2.481987
-2.435989
-2.482593
-2.437200
-2.486073
-2.441285
-2.487586
-2.442950
-2.490007
-2.445976
-2.494092
-2.450364
-2.498631
-2.454146
-2.502112
-2.457929
-2.506046
-2.462166
-2.509979
-2.465949
-2.513460
-2.469277
-2.517243
-2.473968
-2.521328
-2.476843
-2.524354
-2.481534
-2.526624
-2.483349
-2.530860
-2.488191
-2.533584
-2.490158
-2.537064
-2.495757
-2.542360
-2.499842
-2.545840
-2.503776
-2.548866
-2.507256
-2.552195
-2.510585
-2.555373
-2.513914
-2.558550
-2.516335
-2.560366
-2.516940
-2.561274
-2.518302
-2.562333
-2.520723
-2.562787
-2.521328
-2.564603
-2.522841
-2.565511
-2.524051
-2.565511
-2.524354
-2.566267
-2.523597
-2.563695
-2.522992
-2.563997
-2.523295
-2.562787
-2.521328
-2.561425
-2.520723
-2.558248
-2.518604
-2.557642
-2.516940
-2.554767
-2.514973
-2.551287
-2.511947
-2.549623
-2.508164
-2.545689
-2.505440
-2.542209
-2.503473
-2.538123
-2.500145
-2.535854
-2.497270
-2.532222
-2.493184
-2.528288
-2.490309
-2.524657
-2.486678
-2.520420
-2.483349
-2.517243
-2.480172
-2.511644
-2.475330
-2.508467
-2.471849
-2.503473
-2.468369
-2.500901
-2.465797
-2.497875
-2.463074
-2.494395
-2.460199
-2.491520
-2.457929
-2.489099
-2.453995
-2.485619
-2.452785
-2.483652
-2.450818
-2.481382
-2.449910
-2.480323
-2.449002
-2.479264
-2.447337
-2.475632
-2.445370
-2.475935
-2.444463
-2.474422
-2.445370
-2.475178
-2.445370
-2.475330
-2.446883
-2.476540
-2.448699
-2.477902
-2.450212
-2.478507
-2.451725
-2.478658
-2.453087
-2.480928
-2.455508
-2.483803
-2.458081
-2.486073
-2.461258
-2.489402
-2.464436
-2.491974
-2.468067
-2.493941
-2.470790
-2.498026
-2.474573
-2.501960
-2.476843
-2.504835
-2.482593
-2.509072
-2.486375
-2.512552
-2.490763
-2.516788
-2.494395
-2.519815
-2.499085
-2.523900
-2.502566
-2.527229
-2.507559
-2.531314
-2.511190
-2.534946
-2.515276
-2.536610
-2.516788
-2.538426
-2.519058
-2.541452
-2.523749
-2.545689
-2.528137
-2.548866
-2.531617
-2.551439
-2.532222
-2.551741
-2.534038
-2.554616
-2.538123
-2.556886
-2.540393
-2.558853
-2.542209
-2.560215
-2.544176
-2.560971
-2.545235
-2.561425
-2.545235
-2.561122
-2.545689
-2.559307
-2.543116
-2.556734
-2.542360
-2.556734
-2.541301
-2.555070
-2.539334
-2.552044
-2.539182
-2.551439
-2.536762
-2.547353
-2.534795
-2.545386
-2.532979
-2.541755
-2.530255
-2.540242
-2.527986
-2.537518
-2.525262
-2.533735
-2.522538
-2.530709
-2.517848
-2.525867
-2.514368
-2.521933
-2.511493
-2.517999
-2.508618
-2.514216
-2.504986
-2.510585
-2.500447
-2.504079
-2.494697
-2.498631
-2.491066
-2.495757
-2.489250
-2.493184
-2.485165
-2.489099
-2.483198
-2.486527
-2.481080
-2.482441
-2.477599
-2.480172
-2.474876
-2.476994
-2.472757
-2.474422
-2.471396
-2.472757
-2.469882
-2.469277
-2.466856
-2.467916
-2.466403
-2.467008
-2.464133
-2.464738
-2.464738
-2.463376
-2.463376
-2.463376
-2.463830
-2.463528
-2.465192
-2.463074
-2.465192
-2.464738
-2.467008
-2.465343
-2.467159
-2.466403
-2.469731
-2.468672
-2.471849
-2.470639
-2.474573
-2.473060
-2.476238
-2.474422
-2.479718
-2.477599
-2.483349
-2.480323
-2.487132
-2.484560
-2.491369
-2.487283
-2.494092
-2.490763
-2.497270
-2.492428
-2.499085
-2.494092
-2.503322
-2.499539
-2.507710
-2.503927
-2.513611
-2.508769
-2.517696
-2.512401
-2.522841
-2.514973
-2.526624
-2.519815
-2.530255
-2.521933
-2.533130
-2.523900
-2.536610
-2.528137
-2.539485
-2.531012
-2.543571
-2.532374
-2.545840
-2.535702
-2.549472
-2.538577
-2.552044
-2.538728
-2.553708
-2.539788
-2.555070
-2.542057
-2.557188
-2.541755
-2.557491
-2.543268
-2.559307
-2.542663
-2.559155
-2.543722
-2.559458
-2.543571
-2.558550
-2.541906
-2.559155
-2.541604
-2.558853
-2.540696
-2.556886
-2.537518
-2.553859
-2.534038
-2.552346
-2.532374
-2.549169
-2.527532
-2.546445
-2.525565
-2.544630
-2.521782
-2.540242
-2.516940
-2.537821
-2.515124
-2.535551
-2.512401
-2.533282
-2.509375
-2.529499
-2.505440
-2.525565
-2.501052
-2.522538
-2.496816
-2.518756
-2.492882
-2.513762
-2.488040
-2.510585
-2.482441
-2.505743
-2.477599
-2.499842
-2.473665
-2.497875
-2.470185
-2.495152
-2.467310
-2.490461
-2.463528
-2.488796
-2.461258
-2.487132
-2.458686
-2.483198
-2.455206
-2.482290
-2.453541
-2.480777
-2.450666
-2.478053
-2.449002
-2.477146
-2.447640
-2.475935
-2.446581
-2.475178
-2.445370
-2.473060
-2.442798
-2.472455
-2.440983
-2.471093
-2.441436
-2.473514
-2.443403
-2.473968
-2.443555
-2.476086
-2.444765
-2.477297
-2.446732
-2.479113
-2.447489
-2.481836
-2.448397
-2.484257
-2.450515
-2.486678
-2.453541
-2.489250
-2.456870
-2.492579
-2.460047
-2.496967
-2.463376
-2.500447
-2.466856
-2.504230
-2.470185
-2.508315
-2.473212
-2.509979
-2.475330
-2.514973
-2.479566
-2.519058
-2.483652
-2.523749
-2.487283
-2.527834
-2.490763
-2.530104
-2.493941
-2.533584
-2.496513
-2.538880
-2.500750
-2.542965
-2.504381
-2.546294
-2.505592
-2.547807
-2.508315
-2.550228
-2.510736
-2.554162
-2.513157
-2.556432
-2.515578
-2.559458
-2.517696
-2.560366
-2.518302
-2.562787
-2.519512
-2.563846
-2.520571
-2.565359
-2.521479
-2.565662
-2.521177
-2.566418
-2.520118
-2.565813
-2.519664
-2.565056
-2.518907
-2.564148
-2.517848
-2.563543
-2.516184
-2.560063
-2.511644
-2.557491
-2.510131
-2.556129
-2.508315
-2.553708
-2.505289
-2.551590
-2.500750
-2.547050
-2.497875
-2.544478
-2.494849
-2.540242
-2.490915
-2.536610
-2.486224
-2.533433
-2.483198
-2.530255
-2.479113
-2.526775
-2.476238
-2.523597
-2.472455
-2.519815
-2.468672
-2.514670
-2.462015
-2.510736
-2.459442
-2.507105
-2.455659
-2.503171
-2.451877
-2.500750
-2.447791
-2.497118
-2.445370
-2.493789
-2.441890
-2.490763
-2.438410
-2.486375
-2.434779
-2.484711
-2.433266
-2.483500
-2.432207
-2.481382
-2.429180
-2.479264
-2.427516
-2.478356
-2.426305
-2.477751
-2.425549
-2.476994
-2.425398
-2.476540
-2.425398
-2.476994
-2.425700
-2.477751
-2.426154
-2.478658
-2.426759
-2.479566
-2.427667
-2.480323
-2.427062
-2.481534
-2.429634
-2.483954
-2.431752
-2.484560
-2.433417
-2.486678
-2.435081
-2.490158
-2.437956
-2.493941
-2.439923
-2.496816
-2.444463
-2.500901
-2.448397
-2.504986
-2.451272
-2.508315
-2.455357
-2.511190
-2.457929
-2.514065
-2.461258
-2.518453
-2.465343
-2.523295
-2.469731
-2.526775
-2.473060
-2.531012
-2.476994
-2.535097
-2.480474
-2.538577
-2.484257
-2.542360
-2.488191
-2.546143
-2.491671
-2.549017
-2.494395
-2.552195
-2.497118
-2.554767
-2.498329
-2.556432
-2.501052
-2.558853
-2.503625
-2.561122
-2.505440
-2.562635
-2.507105
-2.564148
-2.507256
-2.564148
-2.508618
-2.565359
-2.508164
-2.565056
-2.509375
-2.564905
-2.508769
-2.564603
-2.508618
-2.564603
-2.508315
-2.563695
-2.507559
-2.562787
-2.505440
-2.558248
-2.502717
-2.557340
-2.501204
-2.555826
-2.499237
-2.553557
-2.495605
-2.549623
-2.493184
-2.546899
-2.490309
-2.543419
-2.486678
-2.540242
-2.483198
-2.536762
-2.480626
-2.533584
-2.476994
-2.529801
-2.471849
-2.525111
-2.468823
-2.520571
-2.464738
-2.517545
-2.460804
-2.511493
-2.455054
-2.508164
-2.453087
-2.505440
-2.450364
-2.502566
-2.446883
-2.498783
-2.442496
-2.494849
-2.440528
-2.491822
-2.437956
-2.489250
-2.435384
-2.486829
-2.431752
-2.483803
-2.430693
-2.482441
-2.428424
-2.478961
-2.425398
-2.477146
-2.425700
-2.476843
-2.425246
-2.476994
-2.424187
-2.476389
-2.425095
-2.476994
-2.426003
-2.477297
-2.426759
-2.478205
-2.427970
-2.479415
-2.428726
-2.480626
-2.428878
-2.481080
-2.432207
-2.483500
-2.433266
-2.483198
-2.434930
-2.486527
-2.437805
-2.489856
-2.442344
-2.493487
-2.445824
-2.496665
-2.447791
-2.498631
-2.451423
-2.500750
-2.453087
-2.502717
-2.457475
-2.508618
-2.463074
-2.514065
-2.468218
-2.518151
-2.472152
-2.522236
-2.475178
-2.524354
-2.478810
-2.528742
-2.483803
-2.533433
-2.488191
-2.537669
-2.491066
-2.540696
-2.495757
-2.544176
-2.499237
-2.548261
-2.503625
-2.551439
-2.506348
-2.554616
-2.509375
-2.556734
-2.512401
-2.559004
-2.514519
-2.561425
-2.515881
-2.560820
-2.517091
-2.563089
-2.518604
-2.564451
-2.519966
-2.564148
-2.520118
-2.565511
-2.519815
-2.565208
-2.521479
-2.565964
-2.521177
-2.565662
-2.519512
-2.563241
-2.519058
-2.562181
-2.518604
-2.561728
-2.516184
-2.558248
-2.514822
-2.556734
-2.513157
-2.555221
-2.511644
-2.552649
-2.507407
-2.548413
-2.505138
-2.545840
-2.502263
-2.542663
-2.497572
-2.537821
-2.494092
-2.533433
-2.491066
-2.529045
-2.487435
-2.526321
-2.483047
-2.520571
-2.479718
-2.518302
-2.476691
-2.513006
-2.471547
-2.508164
-2.468823
-2.505289
-2.464436
-2.500145
-2.461409
-2.498631
-2.459594
-2.494244
-2.456416
-2.491671
-2.453844
-2.488191
-2.449153
-2.484106
-2.446581
-2.481685
-2.445522
-2.480928
-2.445370
-2.480172
-2.444614
-2.479264
-2.443555
-2.476691
-2.442798
-2.477297
-2.442647
-2.475935
-2.442193
-2.475935
-2.443101
-2.474725
-2.442496
-2.475784
-2.444009
-2.477146
-2.445522
-2.478356
-2.445824
-2.478961
-2.446278
-2.479869
-2.449456
-2.482441
-2.453087
-2.485165
-2.454449
-2.487283
-2.458686
-2.490612
-2.462771
-2.494092
-2.464284
-2.496211
-2.469277
-2.500598
-2.473817
-2.504533
-2.477902
-2.508013
-2.480172
-2.510585
-2.483047
-2.513460
-2.486527
-2.516335
-2.491822
-2.521177
-2.495303
-2.522992
-2.499842
-2.528137
-2.504684
-2.532979
-2.509223
-2.536156
-2.513157
-2.540544
-2.517243
-2.544327
-2.521328
-2.545840
-2.523295
-2.548110
-2.526321
-2.551287
-2.529347
-2.554465
-2.532525
-2.556734
-2.533282
-2.555978
-2.534795
-2.559004
-2.538275
-2.560366
-2.539334
-2.560366
-2.539939
-2.562181
-2.541604
-2.562181
-2.541452
-2.562333
-2.542057
-2.560820
-2.541301
-2.560517
-2.540696
-2.559761
-2.540090
-2.558550
-2.538728
-2.556281
-2.536913
-2.552952
-2.534189
-2.551136
-2.532525
-2.548413
-2.529953
-2.545235
-2.527380
-2.542360
-2.525111
-2.539788
-2.522084
-2.534492
-2.517999
-2.531163
-2.514519
-2.526473
-2.509828
-2.522992
-2.505894
-2.517696
-2.503019
-2.514368
-2.498934
-2.509828
-2.495908
-2.506500
-2.493033
-2.502717
-2.489250
-2.499388
-2.486073
-2.495605
-2.481836
-2.491520
-2.479718
-2.486375
-2.475784
-2.482441
-2.472304
-2.481382
-2.471093
-2.478961
-2.469126
-2.474876
-2.465949
-2.473212
-2.465041
-2.472304
-2.463679
-2.469731
-2.461712
-2.468672
-2.462620
-2.468218
-2.460199
-2.466856
-2.461560
-2.467159
-2.462620
-2.467916
-2.461712
-2.465949
-2.461409
-2.466856
-2.464284
-2.469126
-2.466100
-2.468975
-2.467462
-2.471396
-2.470337
-2.474271
-2.473665
-2.476843
-2.476086
-2.479869
-2.479869
-2.482895
-2.483652
-2.485921
-2.486980
-2.489402
-2.490763
-2.492579
-2.494697
-2.496362
-2.496816
-2.498631
-2.501506
-2.503019
-2.506348
-2.507105
-2.509375
-2.509979
-2.513460
-2.513006
-2.517243
-2.517243
-2.520269
-2.520118
-2.525111
-2.522690
-2.528591
-2.526775
-2.532827
-2.530860
-2.536459
-2.534038
-2.539939
-2.537215
-2.543419
-2.539485
-2.545991
-2.542057
-2.548715
-2.542965
-2.549774
-2.545537
-2.552195
-2.547505
-2.554011
-2.546748
-2.553103
-2.547807
-2.555524
-2.549623
-2.557037
-2.548564
-2.556886
-2.547807
-2.556129
-2.548261
-2.556886
-2.546748
-2.555675
-2.546445
-2.555524
-2.545537
-2.552800
-2.543116
-2.552498
-2.541149
-2.550531
-2.538577
-2.547050
-2.534492
-2.543722
-2.530255
-2.541604
-2.526926
-2.538123
-2.524505
-2.536156
-2.521933
-2.532827
-2.518302
-2.529801
-2.514670
-2.527078
-2.510887
-2.521782
-2.505894
-2.518756
-2.501506
-2.513309
-2.495000
-2.507710
-2.490763
-2.505440
-2.487586
-2.502717
-2.483047
-2.498934
-2.480323
-2.496362
-2.477297
-2.493033
-2.473968
-2.488796
-2.469580
-2.486980
-2.465495
-2.484106
-2.463528
-2.481987
-2.461409
-2.480021
-2.457778
-2.476238
-2.455811
-2.475935
-2.453238
-2.473817
-2.452633
-2.473514
-2.451877
-2.473363
-2.451725
-2.473363
-2.449607
-2.472152
-2.449305
-2.471396
-2.449607
-2.473060
-2.449910
-2.473817
-2.451877
-2.475632
-2.453390
-2.477751
-2.453390
-2.479566
-2.455962
-2.481685
-2.458081
-2.484560
-2.459896
-2.487132
-2.463528
-2.490309
-2.465041
-2.491822
-2.468067
-2.495908
-2.471396
-2.500296
-2.475784
-2.504684
-2.479264
-2.508467
-2.483652
-2.512703
-2.487737
-2.516335
-2.490158
-2.520118
-2.494395
-2.524203
-2.496059
-2.527078
-2.500447
-2.531768
-2.504835
-2.535854
-2.508013
-2.539636
-2.511039
-2.541906
-2.514065
-2.545991
-2.517696
-2.549472
-2.520571
-2.551893
-2.521933
-2.554767
-2.524808
-2.557491
-2.526775
-2.558702
-2.527683
-2.560215
-2.528742
-2.560063
-2.527380
-2.560668
-2.529045
-2.562030
-2.530104
-2.563392
-2.530255
-2.562181
-2.528742
-2.562787
-2.529347
-2.563543
-2.526775
-2.562030
-2.526624
-2.560668
-2.523749
-2.558248
-2.522387
-2.557037
-2.520269
-2.554767
-2.517848
-2.553103
-2.515427
-2.550380
-2.512249
-2.545689
-2.507559
-2.542965
-2.504381
-2.540242
-2.500598
-2.536459
-2.495303
-2.532525
-2.492276
-2.529196
-2.489099
-2.524505
-2.484106
-2.521479
-2.480323
-2.517999
-2.476691
-2.514519
-2.470790
-2.507559
-2.465192
-2.504684
-2.462620
-2.500901
-2.458534
-2.498026
-2.455659
-2.495303
-2.452785
-2.491369
-2.449002
-2.488645
-2.445976
-2.487132
-2.443857
-2.485316
-2.441588
-2.481534
-2.436594
-2.479415
-2.436141
-2.477297
-2.433266
-2.476994
-2.433114
-2.476691
-2.432660
-2.476389
-2.430693
-2.474876
-2.430845
-2.475935
-2.431299
-2.474725
-2.430845
-2.476691
-2.432055
-2.478658
-2.432509
-2.479566
-2.434627
-2.481534
-2.436292
-2.483652
-2.438864
-2.485770
-2.439620
-2.488040
-2.442344
-2.491369
-2.446429
-2.495000
-2.449607
-2.498026
-2.452936
-2.500447
-2.454903
-2.502868
-2.456416
-2.506348
-2.461258
-2.509828
-2.463830
-2.514822
-2.468823
-2.519664
-2.471396
-2.523144
-2.476238
-2.527683
-2.480626
-2.532222
-2.484862
-2.535097
-2.487586
-2.539636
-2.491974
-2.542057
-2.493789
-2.544478
-2.496513
-2.548413
-2.499691
-2.551287
-2.502868
-2.552952
-2.504835
-2.556886
-2.506953
-2.559155
-2.508769
-2.560215
-2.509979
-2.562030
-2.511039
-2.561879
-2.511493
-2.563543
-2.512401
-2.564451
-2.513157
-2.565056
-2.513157
-2.564603
-2.513309
-2.564603
-2.511947
-2.563997
-2.511795
-2.562787
-2.510282
-2.561728
-2.508467
-2.559761
-2.506802
-2.557642
-2.502566
-2.553557
-2.500598
-2.551439
-2.498329
-2.549017
-2.494697
-2.545537
-2.491822
-2.542360
-2.487888
-2.539031
-2.484560
-2.535400
-2.481080
-2.531768
-2.476994
-2.526321
-2.471244
-2.522992
-2.466705
-2.518453
-2.462620
-2.514065
-2.458081
-2.508920
-2.454298
-2.506500
-2.449910
-2.502717
-2.447489
-2.499388
-2.443403
-2.495000
-2.440075
-2.493184
-2.436141
-2.490007
-2.433719
-2.487586
-2.432207
-2.485921
-2.430542
-2.484257
-2.428424
-2.482744
-2.427062
-2.479566
-2.424490
-2.476691
-2.421917
-2.476843
-2.421615
-2.476843
-2.421615
-2.476691
-2.420707
-2.476843
-2.421312
-2.477448
-2.422069
-2.476086
-2.420556
-2.475935
-2.421312
-2.478507
-2.424490
-2.479264
-2.425700
-2.481685
-2.428121
-2.483954
-2.429785
-2.485770
-2.430996
-2.489250
-2.435081
-2.491671
-2.436443
-2.493184
-2.438561
-2.497118
-2.444160
-2.501204
-2.446429
-2.505289
-2.451272
-2.509375
-2.456416
-2.514368
-2.461107
-2.519058
-2.465495
-2.522538
-2.469277
-2.526775
-2.473817
-2.531466
-2.476086
-2.534189
-2.480777
-2.537367
-2.483954
-2.541301
-2.487888
-2.545386
-2.491369
-2.548866
-2.494849
-2.552195
-2.498178
-2.553103
-2.499691
-2.555826
-2.502112
-2.557491
-2.504079
-2.560063
-2.505894
-2.562333
-2.507861
-2.564300
-2.509526
-2.565056
-2.510282
-2.565662
-2.511039
-2.566116
-2.511644
-2.564905
-2.510434
-2.565208
-2.510282
-2.565208
-2.509677
-2.564148
-2.506802
-2.560668
-2.504079
-2.557188
-2.502566
-2.556734
-2.501658
-2.555070
-2.498026
-2.551136
-2.496059
-2.548413
-2.492882
-2.545840
-2.490763
-2.542663
-2.487888
-2.540242
-2.484862
-2.537064
-2.480474
-2.532979
-2.476691
-2.528591
-2.473968
-2.524051
-2.469731
-2.521631
-2.466100
-2.517545
-2.462922
-2.514519
-2.459745
-2.510736
-2.456265
-2.507407
-2.451574
-2.502717
-2.448548
-2.498783
-2.444765
-2.495605
-2.442042
-2.493336
-2.437956
-2.489402
-2.434627
-2.485770
-2.432963
-2.484106
-2.430845
-2.482895
-2.430239
-2.481382
-2.428726
-2.480323
-2.427516
-2.478356
-2.427062
-2.476843
-2.425700
-2.475027
-2.423885
-2.475178
-2.424792
-2.476540
-2.426457
-2.477751
-2.426003
-2.477751
-2.427819
-2.479566
-2.430391
-2.480021
-2.430996
-2.482744
-2.434022
-2.485014
-2.436746
-2.488191
-2.439772
-2.490915
-2.441739
-2.493336
-2.445673
-2.497270
-2.449607
-2.500598
-2.452331
-2.503473
-2.456114
-2.507407
-2.460653
-2.511342
-2.464436
-2.514368
-2.468369
-2.518907
-2.472304
-2.521479
-2.475330
-2.524051
-2.478961
-2.528591
-2.483349
-2.533130
-2.487888
-2.537669
-2.491671
-2.540847
-2.495757
-2.545235
-2.498783
-2.547656
-2.502566
-2.551287
-2.506046
-2.554767
-2.508467
-2.556734
-2.510434
-2.558550
-2.513309
-2.560820
-2.515124
-2.562484
-2.517091
-2.564451
-2.518907
-2.566116
-2.520269
-2.566872
-2.521328
-2.565511
-2.520723
-2.564754
-2.519966
-2.564905
-2.518151
-2.562635
-2.516184
-2.562635
-2.517394
-2.561576
-2.516184
-2.560820
-2.515427
-2.559155
-2.513762
-2.557794
-2.510585
-2.554314
-2.508920
-2.550531
-2.504079
-2.545689
-2.501204
-2.543873
-2.498934
-2.541452
-2.495303
-2.537367
-2.492882
-2.533130
-2.488796
-2.530406
-2.486375
-2.527834
-2.483047
-2.522538
-2.478658
-2.517999
-2.472455
-2.513762
-2.470185
-2.509375
-2.465646
-2.506500
-2.463074
-2.503019
-2.460199
-2.500447
-2.457475
-2.497421
-2.452633
-2.493487
-2.451120
-2.489856
-2.448245
-2.487283
-2.446127
-2.486224
-2.444765
-2.484408
-2.441588
-2.480928
-2.440377
-2.479264
-2.439469
-2.478961
-2.438864
-2.476994
-2.438108
-2.476086
-2.436897
-2.476086
-2.437502
-2.476086
-2.437502
-2.476994
-2.438713
-2.476540
-2.438864
-2.476540
-2.439620
-2.478961
-2.442647
-2.479869
-2.444311
-2.483500
-2.447186
-2.485770
-2.449607
-2.488343
-2.453541
-2.489553
-2.455659
-2.493336
-2.459594
-2.497875
-2.463830
-2.501052
-2.467462
-2.504835
-2.471547
-2.509375
-2.475481
-2.512249
-2.479113
-2.516335
-2.483047
-2.519815
-2.487435
-2.523597
-2.491822
-2.527986
-2.495605
-2.531466
-2.499842
-2.533887
-2.502414
-2.536610
-2.504986
-2.539182
-2.508315
-2.543419
-2.511644
-2.546748
-2.514973
-2.549925
-2.519512
-2.552346
-2.522236
-2.556129
-2.525867
-2.558853
-2.529045
-2.560820
-2.529650
-2.561879
-2.531768
-2.563241
-2.533433
-2.564754
-2.533584
-2.564451
-2.534795
-2.565511
-2.535249
-2.565359
-2.535702
-2.565056
-2.535400
-2.564148
-2.533433
-2.562484
-2.532979
-2.561425
-2.531314
-2.559004
-2.529499
-2.556129
-2.526775
-2.553708
-2.524657
-2.551590
-2.522690
-2.548715
-2.519966
-2.544932
-2.517091
-2.541906
-2.513611
-2.538123
-2.510434
-2.533130
-2.506046
-2.530255
-2.501052
-2.526018
-2.499085
-2.521025
-2.494849
-2.517091
-2.491066
-2.512855
-2.485316
-2.507407
-2.482290
-2.505138
-2.479869
-2.501355
-2.474725
-2.497724
-2.472909
-2.495152
-2.470639
-2.492276
-2.466705
-2.488645
-2.465041
-2.486375
-2.460955
-2.483198
-2.458686
-2.479113
-2.456265
-2.477751
-2.455811
-2.476843
-2.455357
-2.476238
-2.453238
-2.474271
-2.453844
-2.473817
-2.453238
-2.472152
-2.452633
-2.472606
-2.451877
-2.472606
-2.453844
-2.474271
-2.455659
-2.475330
-2.457173
-2.476540
-2.458837
-2.478356
-2.460955
-2.479869
-2.461107
-2.480777
-2.464738
-2.481836
-2.466100
-2.485165
-2.469882
-2.488645
-2.471849
-2.490915
-2.476389
-2.494849
-2.479566
-2.497724
-2.484711
-2.501506
-2.488343
-2.505743
-2.492882
-2.509828
-2.495605
-2.512855
-2.498783
-2.515729
-2.503927
-2.520269
-2.508315
-2.524203
-2.511039
-2.527380
-2.516486
-2.531617
-2.520420
-2.534946
-2.522841
-2.536156
-2.526170
-2.539031
-2.529196
-2.542057
-2.532979
-2.546143
-2.535702
-2.548715
-2.539485
-2.551741
-2.542511
-2.554314
-2.544932
-2.555221
-2.546294
-2.556734
-2.546445
-2.557188
-2.548413
-2.557945
-2.549169
-2.558702
-2.550077
-2.559004
-2.550531
-2.557794
-2.548564
-2.556432
-2.548261
-2.556129
-2.548413
-2.555070
-2.547202
-2.552800
-2.544932
-2.550833
-2.543571
-2.548715
-2.541301
-2.545991
-2.538123
-2.542360
-2.535854
-2.539031
-2.532827
-2.535551
-2.529801
-2.532525
-2.526321
-2.527380
-2.522236
-2.524051
-2.519058
-2.520269
-2.515427
-2.515124
-2.510887
-2.511947
-2.507861
-2.507105
-2.503473
-2.504533
-2.500750
-2.500901
-2.495757
-2.495605
-2.492428
-2.492882
-2.489553
-2.488191
-2.484862
-2.483954
-2.481534
-2.480626
-2.479113
-2.478356
-2.477146
-2.475481
-2.474119
-2.473665
-2.473060
-2.471547
-2.469277
-2.468672
-2.468823
-2.465646
-2.465495
-2.464889
-2.466251
-2.464587
-2.465192
-2.462922
-2.465646
-2.463679
-2.465495
-2.463376
-2.465949
-2.463376
-2.466705
-2.463982
-2.466403
-2.463074
-2.466705
-2.464889
-2.468521
-2.467310
-2.471244
-2.469277
-2.474573
-2.471849
-2.476238
-2.473817
-2.480323
-2.475935
-2.482593
-2.479113
-2.486224
-2.481987
-2.489553
-2.486678
-2.492428
-2.489856
-2.496816
-2.493789
-2.501355
-2.495908
-2.504533
-2.500598
-2.508920
-2.504986
-2.513762
-2.507256
-2.516940
-2.512249
-2.521631
-2.516788
-2.525565
-2.518756
-2.528591
-2.521177
-2.531768
-2.525565
-2.536308
-2.530104
-2.540393
-2.532676
-2.543268
-2.535702
-2.544932
-2.537518
-2.547353
-2.537669
-2.549169
-2.540544
-2.552195
-2.542814
-2.553557
-2.544024
-2.555978
-2.545386
-2.557340
-2.546294
-2.558550
-2.546899
-2.559004
-2.546899
-2.559609
-2.546143
-2.558702
-2.545840
-2.557340
-2.544024
-2.557037
-2.543722
-2.556734
-2.542360
-2.553406
-2.539182
-2.550682
-2.536308
-2.549925
-2.534189
-2.547353
-2.531163
-2.545386
-2.527834
-2.542511
-2.525262
-2.539334
-2.519815
-2.535097
-2.517243
-2.531012
-2.513460
-2.528440
-2.509979
-2.525413
-2.505743
-2.521631
-2.500901
-2.517091
-2.496513
-2.513006
-2.492579
-2.509828
-2.489856
-2.506348
-2.485467
-2.502112
-2.481534
-2.499085
-2.478356
-2.496362
-2.475027
-2.492882
-2.471547
-2.489856
-2.466856
-2.486073
-2.462620
-2.482593
-2.461560
-2.479264
-2.458232
-2.478507
-2.456719
-2.475481
-2.454449
-2.475632
-2.453844
-2.475330
-2.452331
-2.472606
-2.449002
-2.471849
-2.449456
-2.472455
-2.450364
-2.471093
-2.449456
-2.471093
-2.449002
-2.473514
-2.450818
-2.474725
-2.452633
-2.477146
-2.454449
-2.479264
-2.455962
-2.481382
-2.458686
-2.484106
-2.460653
-2.486829
-2.461712
-2.488796
-2.463679
-2.491066
-2.468067
-2.494546
-2.471698
-2.498631
-2.475330
-2.502414
-2.478356
-2.506802
-2.482895
-2.509375
-2.485770
-2.513611
-2.488796
-2.517848
-2.493033
-2.521933
-2.497118
-2.525262
-2.500447
-2.529953
-2.503776
-2.532374
-2.506348
-2.535400
-2.510131
-2.539939
-2.513157
-2.543116
-2.516637
-2.546597
-2.519966
-2.550531
-2.522841
-2.553406
-2.525867
-2.555826
-2.527532
-2.558096
-2.529650
-2.560517
-2.531314
-2.561879
-2.531768
-2.562484
-2.532222
-2.563392
-2.531919
-2.563392
-2.532979
-2.564300
-2.533433
-2.564603
-2.533282
-2.563997
-2.532374
-2.563241
-2.529650
-2.561576
-2.529045
-2.560215
-2.527229
-2.558248
-2.524808
-2.555978
-2.522690
-2.553708
-2.519664
-2.550531
-2.516184
-2.547958
-2.511493
-2.544176
-2.508920
-2.540998
-2.506046
-2.538123
-2.502414
-2.534795
-2.497270
-2.529801
-2.494092
-2.527078
-2.490309
-2.523144
-2.484560
-2.518453
-2.481685
-2.513460
-2.477448
-2.510585
-2.471849
-2.506046
-2.468823
-2.501355
-2.463982
-2.498783
-2.460501
-2.493487
-2.455962
-2.491822
-2.453844
-2.488040
-2.450818
-2.486829
-2.448850
-2.484257
-2.446278
-2.482895
-2.444463
-2.481382
-2.442950
-2.479264
-2.440983
-2.478658
-2.440075
-2.476389
-2.438259
-2.476389
-2.437351
-2.474271
-2.435838
-2.475632
-2.436746
-2.475481
-2.436897
-2.475784
-2.435233
-2.474725
-2.436443
-2.477297
-2.437956
-2.478507
-2.438864
-2.481382
-2.440528
-2.483198
-2.444311
-2.486829
-2.445673
-2.488948
-2.449607
-2.492730
-2.451423
-2.495152
-2.455357
-2.499539
-2.458232
-2.502717
-2.461409
-2.506046
-2.466100
-2.510585
-2.469277
-2.514519
-2.472757
-2.516637
-2.476238
-2.521782
-2.478961
-2.524959
-2.483803
-2.529953
-2.488040
-2.532374
-2.490763
-2.537367
-2.495000
-2.540998
-2.498631
-2.544327
-2.499842
-2.546294
-2.503473
-2.549623
-2.504684
-2.551590
-2.508315
-2.553859
-2.510282
-2.557340
-2.512098
-2.559609
-2.514822
-2.562030
-2.516637
-2.563543
-2.516486
-2.563695
-2.518453
-2.563695
-2.518151
-2.564905
-2.518604
-2.565511
-2.516940
-2.563997
-2.517243
-2.563846
-2.515881
-2.562635
-2.513762
-2.560971
-2.512401
-2.559307
-2.508769
-2.556281
-2.508315
-2.554919
-2.505894
-2.552649
-2.502566
-2.548866
-2.499237
-2.546294
-2.496362
-2.543116
-2.493336
-2.540242
-2.490007
-2.535702
-2.486224
-2.532374
-2.482290
-2.529347
-2.479113
-2.526018
-2.475481
-2.520874
-2.470488
-2.516940
-2.466554
-2.513762
-2.463528
-2.510434
-2.459442
-2.506500
-2.455962
-2.501960
-2.450515
-2.498178
-2.447791
-2.495454
-2.444765
-2.493033
-2.442042
-2.490309
-2.438108
-2.486678
-2.435838
-2.484106
-2.434022
-2.482895
-2.432207
-2.480172
-2.429785
-2.478961
-2.428575
-2.478356
-2.428121
-2.477297
-2.427213
-2.476843
-2.424944
-2.475632
-2.425852
-2.476691
-2.424792
-2.476238
-2.424792
-2.475784
-2.426457
-2.476540
-2.425852
-2.477599
-2.427819
-2.480021
-2.431147
-2.483047
-2.434022
-2.486375
-2.436897
-2.488948
-2.440226
-2.491369
-2.442647
-2.495000
-2.444765
-2.497724
-2.449002
-2.502112
-2.451120
-2.505138
-2.455962
-2.508618
-2.459594
-2.511493
-2.462922
-2.515881
-2.464738
-2.517394
-2.468975
-2.523144
-2.472455
-2.526775
-2.476691
-2.529499
-2.480021
-2.534946
-2.484560
-2.539182
-2.487283
-2.542360
-2.490612
-2.545537
-2.495000
-2.549169
-2.496816
-2.549623
-2.498783
-2.552195
-2.500296
-2.555070
-2.502414
-2.557340
-2.505743
-2.559761
-2.507861
-2.562030
-2.509072
-2.563241
-2.510736
-2.564451
-2.509979
-2.564300
-2.511493
-2.565359
-2.510887
-2.564300
-2.510434
-2.564148
-2.509375
-2.562938
-2.507256
-2.561576
-2.506651
-2.558248
-2.504079
-2.557188
-2.502566
-2.555978
-2.499388
-2.552952
-2.497572
-2.550682
-2.494849
-2.547353
-2.491217
-2.544781
-2.488191
-2.541149
-2.485014
-2.536459
-2.479264
-2.533433
-2.477146
-2.530255
-2.473968
-2.527078
-2.470488
-2.522387
-2.465949
-2.518907
-2.462317
-2.514973
-2.458081
-2.511644
-2.455054
-2.508467
-2.451272
-2.504835
-2.447035
-2.500901
-2.444311
-2.497421
-2.440528
-2.494546
-2.437805
-2.491822
-2.434476
-2.489402
-2.431450
-2.486073
-2.429483
-2.481987
-2.426608
-2.481382
-2.425246
-2.479718
-2.423733
-2.477751
-2.420556
-2.476389
-2.421010
-2.475784
-2.418740
-2.475178
-2.419799
-2.476238
-2.420707
-2.476540
-2.421312
-2.477448
-2.422371
-2.478810
-2.424036
-2.480626
-2.424036
-2.480928
-2.426759
-2.483198
-2.428878
-2.486073
-2.431147
-2.488343
-2.433719
-2.490915
-2.437200
-2.494849
-2.440226
-2.497572
-2.443252
-2.501355
-2.447186
-2.503171
-2.449607
-2.507256
-2.452179
-2.510736
-2.455508
-2.514216
-2.459140
-2.517545
-2.463830
-2.522387
-2.468823
-2.527078
-2.472455
-2.531012
-2.476843
-2.533282
-2.478205
-2.536610
-2.482744
-2.540847
-2.486678
-2.544630
-2.490461
-2.546899
-2.492882
-2.549472
-2.494244
-2.551287
-2.496211
-2.554465
-2.500447
-2.558096
-2.501658
-2.559609
-2.504381
-2.559912
-2.504835
-2.562333
-2.506953
-2.563392
-2.506651
-2.563846
-2.508618
-2.565056
-2.508467
-2.565056
-2.509375
-2.565056
-2.508920
-2.564451
-2.506953
-2.562787
-2.506197
-2.561879
-2.505743
-2.560063
-2.502566
-2.557642
-2.501204
-2.555524
-2.498783
-2.552044
-2.495605
-2.550077
-2.492882
-2.546597
-2.490309
-2.543571
-2.486980
-2.540696
-2.483803
-2.537518
-2.480777
-2.533282
-2.476691
-2.529347
-2.471698
-2.524203
-2.468218
-2.519664
-2.463376
-2.516940
-2.459594
-2.512855
-2.456265
-2.509677
-2.453087
-2.506046
-2.449153
-2.502263
-2.445824
-2.499237
-2.443403
-2.496513
-2.440075
-2.493033
-2.436443
-2.489704
-2.434174
-2.487586
-2.431904
-2.484862
-2.429180
-2.483349
-2.427970
-2.481987
-2.426608
-2.478356
-2.423582
-2.477902
-2.421917
-2.476691
-2.420858
-2.475632
-2.422069
-2.474876
-2.421463
-2.476086
-2.422371
-2.475330
-2.422674
-2.477902
-2.424792
-2.479718
-2.426608
-2.481685
-2.428726
-2.481987
-2.429785
-2.485165
-2.432207
-2.487888
-2.435384
-2.490461
-2.438259
-2.493789
-2.441588
-2.497118
-2.445068
-2.498480
-2.447337
-2.501809
-2.450212
-2.506197
-2.454146
-2.510434
-2.458988
-2.514368
-2.462620
-2.518604
-2.466554
-2.520874
-2.470034
-2.526018
-2.473817
-2.529801
-2.477902
-2.533887
-2.482441
-2.538123
-2.486527
-2.541906
-2.490309
-2.545235
-2.493487
-2.546748
-2.495454
-2.550682
-2.497875
-2.553406
-2.501355
-2.556281
-2.502263
-2.557945
-2.505743
-2.560215
-2.508164
-2.562030
-2.508013
-2.560971
-2.508164
-2.562635
-2.509979
-2.563543
-2.510887
-2.565359
-2.511947
-2.563846
-2.510887
-2.564603
-2.511644
-2.565056
-2.510887
-2.563392
-2.510282
-2.562484
-2.508618
-2.561122
-2.507407
-2.559155
-2.505440
-2.557188
-2.502263
-2.553406
-2.500447
-2.551590
-2.497572
-2.547202
-2.493789
-2.545235
-2.491520
-2.540544
-2.487132
-2.538123
-2.484560
-2.534492
-2.480928
-2.531012
-2.477448
-2.527078
-2.472001
-2.522690
-2.467613
-2.518151
-2.464889
-2.514065
-2.461409
-2.510887
-2.458081
-2.508164
-2.455054
-2.504986
-2.451120
-2.501052
-2.448245
-2.497724
-2.444917
-2.495152
-2.442344
-2.492125
-2.438259
-2.488645
-2.436746
-2.485014
-2.433719
-2.482441
-2.431601
-2.482290
-2.430693
-2.480928
-2.429483
-2.478507
-2.426457
-2.477448
-2.425852
-2.476994
-2.426154
-2.476843
-2.426608
-2.477599
-2.427365
-2.478507
-2.428121
-2.477448
-2.428272
-2.479415
-2.429785
-2.479718
-2.431147
-2.482139
-2.433266
-2.484862
-2.435535
-2.487283
-2.438259
-2.489704
-2.441436
-2.492730
-2.444614
-2.494546
-2.446581
-2.498178
-2.450515
-2.500901
-2.453541
-2.505440
-2.458081
-2.509375
-2.461712
-2.513006
-2.464587
-2.516184
-2.469277
-2.519361
-2.472152
-2.523900
-2.476994
-2.528288
-2.481534
-2.531617
-2.484711
-2.536005
-2.488948
-2.540242
-2.493184
-2.543722
-2.496211
-2.546899
-2.499237
-2.549774
-2.502717
-2.553254
-2.505743
-2.556281
-2.508769
-2.558853
-2.510282
-2.559155
-2.511190
-2.561425
-2.513611
-2.562181
-2.514368
-2.563846
-2.516184
-2.565208
-2.517696
-2.565813
-2.517394
-2.566570
-2.517999
-2.566267
-2.517545
-2.565813
-2.517394
-2.565511
-2.516940
-2.564148
-2.515124
-2.562484
-2.513157
-2.559307
-2.510585
-2.557642
-2.507407
-2.554465
-2.505289
-2.552044
-2.503171
-2.548564
-2.499993
-2.546143
-2.496967
-2.543116
-2.494092
-2.540090
-2.489099
-2.535551
-2.486678
-2.532525
-2.484257
-2.529650
-2.480021
-2.525111
-2.476843
-2.521631
-2.473514
-2.519058
-2.469126
-2.514822
-2.467159
-2.511644
-2.463679
-2.509828
-2.462620
-2.508315
-2.459291
-2.504079
-2.458534
-2.504835
-2.458383
-2.504684
-2.458232
-2.504684
-2.457475
-2.503171
-2.458232
-2.504684
-2.458686
-2.505743
-2.459291
-2.506500
-2.460653
-2.507710
-2.462771
-2.509526
-2.463982
-2.511039
-2.465192
-2.511493
-2.466403
-2.513006
-2.468067
-2.514368
-2.468823
-2.515276
-2.470639
-2.516335
-2.469731
-2.516788
-2.472001
-2.517696
-2.472455
-2.518756
-2.473817
-2.520269
-2.475178
-2.519815
-2.474725
-2.520874
-2.475935
-2.521479
-2.476540
-2.522084
-2.476994
-2.521782
-2.476691
-2.521782
-2.476994
-2.521933
-2.477146
-2.522538
-2.475784
-2.521782
-2.477297
-2.522084
-2.477599
-2.522387
-2.476389
-2.521631
-2.476843
-2.521782
-2.476843
-2.521782
-2.477448
-2.520269
-2.475178
-2.519815
-2.476086
-2.519361
-2.475632
-2.520874
-2.476843
-2.521933
-2.477902
-2.522538
-2.476691
-2.521328
-2.477751
-2.522084
-2.477902
-2.522236
-2.478356
-2.521177
-2.477146
-2.521025
-2.476238
-2.519361
-2.475784
-2.520420
-2.476994
-2.521177
-2.478053
-2.521933
-2.478507
-2.520571
-2.476994
-2.521025
-2.477146
-2.519966
-2.475784
-2.519512
-2.476843
-2.521025
-2.478356
-2.521782
-2.478658
-2.522084
-2.478658
-2.520874
-2.477599
-2.521631
-2.478658
-2.520269
-2.477902
-2.521479
-2.478961
-2.521631
-2.478356
-2.521933
-2.478961
-2.522084
-2.479264
-2.522690
-2.480021
-2.522690
-2.480021
-2.521328
-2.478961
-2.520269
-2.478356
-2.521631
-2.478961
-2.520571
-2.478810
-2.520874
-2.478658
-2.521479
-2.478507
-2.520420
-2.478658
-2.520874
-2.478810
-2.521479
-2.479869
-2.521177
-2.477751
-2.519361
-2.478356
-2.521177
-2.479415
-2.521933
-2.479718
-2.521631
-2.480474
-2.522084
-2.480474
-2.522538
-2.480928
-2.522690
-2.481534
-2.522841
-2.480626
-2.522387
-2.481080
-2.522538
-2.481685
-2.522841
-2.479566
-2.521177
-2.480777
-2.521631
-2.481382
-2.521782
-2.479566
-2.520269
-2.479566
-2.520874
-2.480626
-2.521177
-2.479566
-2.519058
-2.478810
-2.520269
-2.480021
-2.520269
-2.479113
-2.520118
-2.478658
-2.520118
-2.480172
-2.519361
-2.479869
-2.520874
-2.480928
-2.519512
-2.479869
-2.518907
-2.479869
-2.520571
-2.481231
-2.521025
-2.480172
-2.519210
-2.480474
-2.520874
-2.481987
-2.521177
-2.480474
-2.519664
-2.479566
-2.520269
-2.481231
-2.519664
-2.480777
-2.520118
-2.479718
-2.519664
-2.481382
-2.520723
-2.480172
-2.519966
-2.480323
-2.520269
-2.482139
-2.521177
-2.482744
-2.521479
-2.483047
-2.522084
-2.483198
-2.521177
-2.482744
-2.521631
-2.483198
-2.520571
-2.482895
-2.521631
-2.483500
-2.521933
-2.483954
-2.522236
-2.483652
-2.521631
-2.482593
-2.519512
-2.480777
-2.519512
-2.482593
-2.520269
-2.482139
-2.519815
-2.482744
-2.519058
-2.482593
-2.520571
-2.483349
-2.521328
-2.483954
-2.521933
-2.484257
-2.521782
-2.484711
-2.522084
-2.485014
-2.522236
-2.485165
-2.521933
-2.485316
-2.522084
-2.485619
-2.522690
-2.486073
-2.520723
-2.484862
-2.521631
-2.485316
-2.522084
-2.485770
-2.521933
-2.485921
-2.522236
-2.486073
-2.522236
-2.485921
-2.522084
-2.486224
-2.521782
-2.485921
-2.521177
-2.484711
-2.521025
-2.485165
-2.521177
-2.485619
-2.521177
-2.486224
-2.521933
-2.486224
-2.521933
-2.486678
-2.522084
-2.486678
-2.521479
-2.486980
-2.521933
-2.486678
-2.521328
-2.486527
-2.519512
-2.485770
-2.520571
-2.485770
-2.520420
-2.485316
-2.518604
-2.485316
-2.519966
-2.485165
-2.519361
-2.485165
-2.519966
-2.486527
-2.519361
-2.486073
-2.520118
-2.487283
-2.521177
-2.488191
-2.519815
-2.486980
-2.520723
-2.488040
-2.521328
-2.488191
-2.521479
-2.488494
-2.521025
-2.487283
-2.520118
-2.486678
-2.520420
-2.487283
-2.519361
-2.486527
-2.519058
-2.487283
-2.520269
-2.486224
-2.519210
-2.487737
-2.520269
-2.488796
-2.521025
-2.487737
-2.520571
-2.489250
-2.521025
-2.489704
-2.521025
-2.489856
-2.521479
-2.489250
-2.520118
-2.488494
-2.519210
-2.488645
-2.519966
-2.487586
-2.517848
-2.486678
-2.517545
-2.487737
-2.518453
-2.487586
-2.517999
-2.486527
-2.517243
-2.487888
-2.519058
-2.487737
-2.517545
-2.486527
-2.516032
-2.487435
-2.517848
-2.488191
-2.518604
-2.489402
-2.519361
-2.490612
-2.519966
-2.490763
-2.520571
-2.491369
-2.520874
-2.492125
-2.519512
-2.491217
-2.520420
-2.491369
-2.520420
-2.491671
-2.518907
-2.491217
-2.519815
-2.491520
-2.520420
-2.492125
-2.520571
-2.491822
-2.520269
-2.492428
-2.520723
-2.492730
-2.521328
-2.492882
-2.521025
-2.493033
-2.521025
-2.493487
-2.521328
-2.493789
-2.519664
-2.492579
-2.518302
-2.490309
-2.517091
-2.491217
-2.518302
-2.490007
-2.516486
-2.488948
-2.515729
-2.490461
-2.517394
-2.491066
-2.518453
-2.492428
-2.519210
-2.493638
-2.518302
-2.492730
-2.519361
-2.493638
-2.519664
-2.494244
-2.518756
-2.493487
-2.519664
-2.494244
-2.520118
-2.494697
-2.519815
-2.494546
-2.519966
-2.494849
-2.520118
-2.495152
-2.520420
-2.493941
-2.519512
-2.494697
-2.519966
-2.495152
-2.520269
-2.494546
-2.519815
-2.495303
-2.519815
-2.495605
-2.520118
-2.495605
-2.519815
-2.496211
-2.519815
-2.496211
-2.520118
-2.496211
-2.519815
-2.496513
-2.519966
-2.496816
-2.519966
-2.496059
-2.519664
-2.496665
-2.519361
-2.495908
-2.518907
-2.494697
-2.518604
-2.495757
-2.517848
-2.495152
-2.517545
-2.494092
-2.517394
-2.495303
-2.516184
-2.494395
-2.517091
-2.494244
-2.517091
-2.495757
-2.515729
-2.494092
-2.516184
-2.494395
-2.516788
-2.495605
-2.515427
-2.493487
-2.513762
-2.492882
-2.515124
-2.495152
-2.514973
-2.494395
-2.514216
-2.494697
-2.515881
-2.496211
-2.516486
-2.497118
-2.517696
-2.497724
-2.518302
-2.498480
-2.517999
-2.498631
-2.518453
-2.499085
-2.518907
-2.498783
-2.518453
-2.499539
-2.518604
-2.499842
-2.518907
-2.499691
-2.518453
-2.499993
-2.518151
-2.499842
-2.518453
-2.499842
-2.518151
-2.500447
-2.517848
-2.500145
-2.517848
-2.499237
-2.517696
-2.500447
-2.517394
-2.499993
-2.517091
-2.499993
-2.517545
-2.500750
-2.516184
-2.498329
-2.514065
-2.496967
-2.514519
-2.498783
-2.514216
-2.498480
-2.514519
-2.498026
-2.514973
-2.499388
-2.515427
-2.500598
-2.516486
-2.501355
-2.516788
-2.501204
-2.516940
-2.502112
-2.517091
-2.502263
-2.517243
-2.500901
-2.516184
-2.502112
-2.516637
-2.502414
-2.516637
-2.501204
-2.515729
-2.501809
-2.515276
-2.501204
-2.515276
-2.501960
-2.515729
-2.501204
-2.514519
-2.501658
-2.514670
-2.502566
-2.514216
-2.502414
-2.514973
-2.502566
-2.514973
-2.502414
-2.515276
-2.502717
-2.513309
-2.501960
-2.513914
-2.502717
-2.515124
-2.503473
-2.515124
-2.503927
-2.515276
-2.504079
-2.514973
-2.504684
-2.514822
-2.504381
-2.515276
-2.504835
-2.515427
-2.505289
-2.515427
-2.503171
-2.512401
-2.503019
-2.513762
-2.502263
-2.512855
-2.503625
-2.512249
-2.503322
-2.513309
-2.504230
-2.513762
-2.504381
-2.512098
-2.502414
-2.512249
-2.504533
-2.513006
-2.505440
-2.513006
-2.503473
-2.511644
-2.504835
-2.511947
-2.505138
-2.512401
-2.503776
-2.511795
-2.505289
-2.511190
-2.504684
-2.511795
-2.505138
-2.511039
-2.505138
-2.511947
-2.506348
-2.512249
-2.505894
-2.510887
-2.505440
-2.511947
-2.506348
-2.512249
-2.505440
-2.511342
-2.506500
-2.511947
-2.507256
-2.511039
-2.506802
-2.511947
-2.507559
-2.510585
-2.507105
-2.511190
-2.507407
-2.511795
-2.506953
-2.511342
-2.507559
-2.511795
-2.508013
-2.510736
-2.506197
-2.510282
-2.506802
-2.510736
-2.507710
-2.510434
-2.507861
-2.511039
-2.507710
-2.511039
-2.507559
-2.510434
-2.508618
-2.511342
-2.508769
-2.510887
-2.507861
-2.510282
-2.508467
-2.510585
-2.509072
-2.511039
-2.509526
-2.511039
-2.509828
-2.510736
-2.509375
-2.510887
-2.508467
-2.509828
-2.509526
-2.509828
-2.509375
-2.510131
-2.509828
-2.510131
-2.508769
-2.508164
-2.509223
-2.509526
-2.509979
-2.509375
-2.509072
-2.508769
-2.509828
-2.509223
-2.510282
-2.508769
-2.510131
-2.509375
-2.510585
-2.509223
-2.511039
-2.508467
-2.510736
-2.508920
-2.509979
-2.508315
-2.510585
-2.508769
-2.510585
-2.506651
-2.509375
-2.507861
-2.509828
-2.508164
-2.509526
-2.507407
-2.510585
-2.508013
-2.509677
-2.507710
-2.511039
-2.508315
-2.510887
-2.506348
-2.510736
-2.505743
-2.510131
-2.505289
-2.510131
-2.506500
-2.510736
-2.507256
-2.510585
-2.506953
-2.511947
-2.507559
-2.511342
-2.507407
-2.511342
-2.507559
-2.512249
-2.507710
-2.511795
-2.507105
-2.512249
-2.507256
-2.512401
-2.507559
-2.512703
-2.506651
-2.512552
-2.506802
-2.512401
-2.507105
-2.513006
-2.507256
-2.511342
-2.506348
-2.511493
-2.504381
-2.510736
-2.505138
-2.512249
-2.505743
-2.512401
-2.505894
-2.512249
-2.503927
-2.511947
-2.505138
-2.512703
-2.505592
-2.513309
-2.505440
-2.512552
-2.505440
-2.512401
-2.504684
-2.512703
-2.504986
-2.513611
-2.503473
-2.512855
-2.503927
-2.511342
-2.501658
-2.511342
-2.503171
-2.511493
-2.503171
-2.512552
-2.503473
-2.512703
-2.503473
-2.513914
-2.502868
-2.513460
-2.503625
-2.513914
-2.503625
-2.514368
-2.503473
-2.512703
-2.501052
-2.512401
-2.501960
-2.513460
-2.502717
-2.514216
-2.503019
-2.515276
-2.503625
-2.513914
-2.502263
-2.512855
-2.499842
-2.511190
-2.499842
-2.513157
-2.499539
-2.513460
-2.500901
-2.514368
-2.501506
-2.514973
-2.501809
-2.515729
-2.499842
-2.512401
-2.498026
-2.513006
-2.499388
-2.512855
-2.498934
-2.514368
-2.499993
-2.515276
-2.500447
-2.516184
-2.501052
-2.516637
-2.500750
-2.516788
-2.499842
-2.516335
-2.500447
-2.516486
-2.499993
-2.516335
-2.498329
-2.515881
-2.499539
-2.515729
-2.498329
-2.515427
-2.496967
-2.514822
-2.497724
-2.515427
-2.497572
-2.515124
-2.496816
-2.515729
-2.498329
-2.516184
-2.498329
-2.516637
-2.498480
-2.516335
-2.498178
-2.517091
-2.498783
-2.517394
-2.498480
-2.517848
-2.496816
-2.516788
-2.497421
-2.516940
-2.495908
-2.515881
-2.496513
-2.516486
-2.496059
-2.516637
-2.496665
-2.517091
-2.495605
-2.516940
-2.496513
-2.517545
-2.497270
-2.517848
-2.497118
-2.517545
-2.494849
-2.515124
-2.492730
-2.514368
-2.493487
-2.515881
-2.493941
-2.515578
-2.493941
-2.516637
-2.494244
-2.517091
-2.495152
-2.517848
-2.495303
-2.518151
-2.495605
-2.516940
-2.494697
-2.517999
-2.495152
-2.518453
-2.495454
-2.518453
-2.495303
-2.518907
-2.495303
-2.518907
-2.495454
-2.519210
-2.494395
-2.518907
-2.494849
-2.519058
-2.494697
-2.519512
-2.494092
-2.518907
-2.494395
-2.519058
-2.493789
-2.518756
-2.494395
-2.518604
-2.492125
-2.516184
-2.491520
-2.517243
-2.491974
-2.518151
-2.492730
-2.518302
-2.493033
-2.519058
-2.492882
-2.518604
-2.492882
-2.519058
-2.492882
-2.519664
-2.493336
-2.518453
-2.492125
-2.519210
-2.492428
-2.519361
-2.492579
-2.519664
-2.492125
-2.519512
-2.492276
-2.519815
-2.492428
-2.519512
-2.491520
-2.519361
-2.491671
-2.519815
-2.491822
-2.520269
-2.491520
-2.519361
-2.490461
-2.517848
-2.488494
-2.517394
-2.489553
-2.517999
-2.488796
-2.518151
-2.489250
-2.519058
-2.488948
-2.518907
-2.489704
-2.519210
-2.489856
-2.519664
-2.490158
-2.518604
-2.488948
-2.518756
-2.487435
-2.516940
-2.487737
-2.518604
-2.488040
-2.518756
-2.487586
-2.518302
-2.486678
-2.518604
-2.488191
-2.518756
-2.488191
-2.519512
-2.487435
-2.519361
-2.488191
-2.519664
-2.488040
-2.520118
-2.488645
-2.520269
-2.488343
-2.520420
-2.488343
-2.520420
-2.488343
-2.520874
-2.487435
-2.518604
-2.485014
-2.517848
-2.484711
-2.516788
-2.484711
-2.518604
-2.485619
-2.519361
-2.486224
-2.520420
-2.485921
-2.518604
-2.484257
-2.516940
-2.482895
-2.517545
-2.483652
-2.518907
-2.484711
-2.519361
-2.485316
-2.520269
-2.485921
-2.518756
-2.484106
-2.518907
-2.482139
-2.517394
-2.482441
-2.519058
-2.482744
-2.518907
-2.483652
-2.519966
-2.483803
-2.520571
-2.484408
-2.521025
-2.484257
-2.520723
-2.483500
-2.520118
-2.483803
-2.520874
-2.483349
-2.520874
-2.483954
-2.520571
-2.483349
-2.521025
-2.483198
-2.520874
-2.483349
-2.521177
-2.482593
-2.521025
-2.482593
-2.521328
-2.482895
-2.521479
-2.481382
-2.520723
-2.481987
-2.521328
-2.481987
-2.521479
-2.481685
-2.519512
-2.480021
-2.518453
-2.477599
-2.517394
-2.478356
-2.519210
-2.478961
-2.519361
-2.479415
-2.519966
-2.479264
-2.519815
-2.479566
-2.520571
-2.479566
-2.520571
-2.479718
-2.521177
-2.478356
-2.519664
-2.478053
-2.519815
-2.478205
-2.520571
-2.478961
-2.521025
-2.478658
-2.521025
-2.478961
-2.521782
-2.477297
-2.518756
-2.475178
-2.518756
-2.476086
-2.519210
-2.476843
-2.520269
-2.477297
-2.521177
-2.477599
-2.521328
-2.478205
-2.520723
-2.476691
-2.520874
-2.476994
-2.521177
-2.476238
-2.520420
-2.476238
-2.519664
-2.474271
-2.518151
-2.474725
-2.519815
-2.475481
-2.520420
-2.475935
-2.521025
-2.476086
-2.519512
-2.474573
-2.518302
-2.472909
-2.518907
-2.473817
-2.519966
-2.474725
-2.520571
-2.475178
-2.521328
-2.475330
-2.520874
-2.475027
-2.519815
-2.472909
-2.519512
-2.473514
-2.519210
-2.473817
-2.520571
-2.474422
-2.520571
-2.472909
-2.520571
-2.474119
-2.520723
-2.473968
-2.521025
-2.474119
-2.521479
-2.473968
-2.520269
-2.472455
-2.520420
-2.473212
-2.521479
-2.473363
-2.519664
-2.472304
-2.520723
-2.472909
-2.521479
-2.472455
-2.519361
-2.470337
-2.518907
-2.471244
-2.519512
-2.470185
-2.519210
-2.471396
-2.519210
-2.470942
-2.519361
-2.469882
-2.519210
-2.471093
-2.520118
-2.470034
-2.519361
-2.470639
-2.519815
-2.471547
-2.520420
-2.470034
-2.519815
-2.470942
-2.518604
-2.469882
-2.518453
-2.470034
-2.519815
-2.471093
-2.520874
-2.470790
-2.520269
-2.471093
-2.521177
-2.471396
-2.521479
-2.472001
-2.521631
-2.472001
-2.520118
-2.470942
-2.520269
-2.469429
-2.518907
-2.468672
-2.519361
-2.469580
-2.520571
-2.470942
-2.521025
-2.470639
-2.521328
-2.471093
-2.521479
-2.471244
-2.521933
-2.470942
-2.521782
-2.470790
-2.520420
-2.469882
-2.521328
-2.470488
-2.519815
-2.469277
-2.520269
-2.469882
-2.520420
-2.469277
-2.520420
-2.469731
-2.520723
-2.469731
-2.521328
-2.470790
-2.521479
-2.470034
-2.521328
-2.470034
-2.521782
-2.469580
-2.521025
-2.469580
-2.521177
-2.468218
-2.520269
-2.469277
-2.520874
-2.468218
-2.519966
-2.468975
-2.521025
-2.468672
-2.520420
-2.468672
-2.520874
-2.467310
-2.518907
-2.467613
-2.520420
-2.467916
-2.520420
-2.468823
-2.521328
-2.468369
-2.519210
-2.466705
-2.519664
-2.467613
-2.520420
-2.468521
-2.521479
-2.468823
-2.521479
-2.467008
-2.520269
-2.467764
-2.519058
-2.465192
-2.518756
-2.466403
-2.519966
-2.467613
-2.520874
-2.467310
-2.521479
-2.467764
-2.521631
-2.468067
-2.521933
-2.468521
-2.522236
-2.467764
-2.521328
-2.467159
-2.519815
-2.466554
-2.520571
-2.465495
-2.519966
-2.466251
-2.520723
-2.465949
-2.519815
-2.465949
-2.520723
-2.466705
-2.521479
-2.467159
-2.521479
-2.466856
-2.521631
-2.466856
-2.522084
-2.467159
-2.522084
-2.467159
-2.522236
-2.465343
-2.519815
-2.465343
-2.520723
-2.465797
-2.519966
-2.465192
-2.521025
-2.465192
-2.519512
-2.463225
-2.519361
-2.464587
-2.520420
-2.465797
-2.521328
-2.465343
-2.521025
-2.465797
-2.521025
-2.465646
-2.521631
-2.466251
-2.521933
-2.465949
-2.519966
-2.463074
-2.519512
-2.464284
-2.520571
-2.463376
-2.519512
-2.464133
-2.518604
-2.463528
-2.519815
-2.462922
-2.518453
-2.463679
-2.519966
-2.464133
-2.520571
-2.462922
-2.519512
-2.463982
-2.518907
-2.463679
-2.520269
-2.464436
-2.520420
-2.463225
-2.518302
-2.463528
-2.519966
-2.464436
-2.520571
-2.462771
-2.519210
-2.463376
-2.520269
-2.464436
-2.519361
-2.463679
-2.520420
-2.463679
-2.518756
-2.462922
-2.517848
-2.462922
-2.519664
-2.463830
-2.519058
-2.463376
-2.518907
-2.463528
-2.519664
-2.464133
-2.519966
-2.462771
-2.519512
-2.464436
-2.520420
-2.465192
-2.521328
-2.464587
-2.520269
-2.465041
-2.521177
-2.465949
-2.521782
-2.465343
-2.519664
-2.464436
-2.520571
-2.465495
-2.521631
-2.465495
-2.520571
-2.465041
-2.521025
-2.465797
-2.521782
-2.466251
-2.520118
-2.464284
-2.520571
-2.465343
-2.521328
-2.466251
-2.521328
-2.465949
-2.521631
-2.466554
-2.521328
-2.466251
-2.521933
-2.466554
-2.521782
-2.466251
-2.521782
-2.466100
-2.519966
-2.464284
-2.519966
-2.465343
-2.521025
-2.466100
-2.521933
-2.466856
-2.521933
-2.466856
-2.520723
-2.464284
-2.519815
-2.465646
-2.520723
-2.464436
-2.520269
-2.465797
-2.520874
-2.465343
-2.520420
-2.465797
-2.521177
-2.466403
-2.521933
-2.467159
-2.521933
-2.467310
-2.521177
-2.467310
-2.521782
-2.466403
-2.519966
-2.465646
-2.520874
-2.466403
-2.521025
-2.467159
-2.521782
-2.467462
-2.520269
-2.466251
-2.521025
-2.466100
-2.519361
-2.464587
-2.519815
-2.465797
-2.519210
-2.465041
-2.519966
-2.466251
-2.520420
-2.466705
-2.521328
-2.467613
-2.522084
-2.468067
-2.522236
-2.466856
-2.521782
-2.467613
-2.521177
-2.465646
-2.520420
-2.466705
-2.520874
-2.465797
-2.520118
-2.467008
-2.519512
-2.466100
-2.520571
-2.467462
-2.521782
-2.468218
-2.522236
-2.466251
-2.521025
-2.467310
-2.521782
-2.468369
-2.522236
-2.468218
-2.521479
-2.468369
-2.522236
-2.468975
-2.522236
-2.468823
-2.521177
-2.468218
-2.521782
-2.468823
-2.522236
-2.468823
-2.521025
-2.468067
-2.521782
-2.468975
-2.522690
-2.469277
-2.521025
-2.468067
-2.521631
-2.468975
-2.521782
-2.468672
-2.521933
-2.468975
-2.520420
-2.466403
-2.519210
-2.466856
-2.519966
-2.467613
-2.521025
-2.468521
-2.521782
-2.469429
-2.522084
-2.468067
-2.521328
-2.469277
-2.521933
-2.469580
-2.522236
-2.469731
-2.521631
-2.470185
-2.522236
-2.469429
-2.521933
-2.469882
-2.520874
-2.469126
-2.521328
-2.469429
-2.521025
-2.469429
-2.521328
-2.469429
-2.521328
-2.469277
-2.520874
-2.469580
-2.521479
-2.469580
-2.521933
-2.470639
-2.522084
-2.470639
-2.521933
-2.470488
-2.522538
-2.471244
-2.522690
-2.471396
-2.522690
-2.470639
-2.522387
-2.471396
-2.522841
-2.471547
-2.522690
-2.471396
-2.522690
-2.471849
-2.522992
-2.472152
-2.521328
-2.471244
-2.522387
-2.470790
-2.521782
-2.470942
-2.520420
-2.470488
-2.521177
-2.470337
-2.521025
-2.470185
-2.521177
-2.470790
-2.521479
-2.471547
-2.522236
-2.472455
-2.522538
-2.471698
-2.522084
-2.470942
-2.519966
-2.469126
-2.519512
-2.470639
-2.520420
-2.470639
-2.521177
-2.471396
-2.521631
-2.472304
-2.520571
-2.471547
-2.521479
-2.472455
-2.522236
-2.472757
-2.521631
-2.472757
-2.522084
-2.473060
-2.522236
-2.471849
-2.521177
-2.472455
-2.521177
-2.472606
-2.521025
-2.472304
-2.521328
-2.471396
-2.520723
-2.472606
-2.521782
-2.473514
-2.522236
-2.473212
-2.521933
-2.474271
-2.522690
-2.474573
-2.522538
-2.474271
-2.522538
-2.474573
-2.522387
-2.474573
-2.521631
-2.473817
-2.522236
-2.472909
-2.519815
-2.472606
-2.519058
-2.472001
-2.520269
-2.473212
-2.521025
-2.473817
-2.521631
-2.472757
-2.520723
-2.473817
-2.521631
-2.474725
-2.522387
-2.475178
-2.522236
-2.475632
-2.522841
-2.476086
-2.523144
-2.476389
-2.522690
-2.475481
-2.522841
-2.476540
-2.523144
-2.476540
-2.522992
-2.474876
-2.521933
-2.476086
-2.521782
-2.475330
-2.521933
-2.475632
-2.521328
-2.475178
-2.521631
-2.475632
-2.521782
-2.476086
-2.520723
-2.475178
-2.521631
-2.475178
-2.521631
-2.475935
-2.520269
-2.475330
-2.521631
-2.476238
-2.522236
-2.476540
-2.522084
-2.477146
-2.522841
-2.477751
-2.522690
-2.477297
-2.521479
-2.476691
-2.522236
-2.477599
-2.522690
-2.477297
-2.522387
-2.476994
-2.522236
-2.477599
-2.521933
-2.477448
-2.522690
-2.476086
-2.521479
-2.476691
-2.520420
-2.475935
-2.521025
-2.476389
-2.520723
-2.476540
-2.520723
-2.476843
-2.521479
-2.477146
-2.521328
-2.477599
-2.521782
-2.477902
-2.521782
-2.476389
-2.521177
-2.477751
-2.522084
-2.478507
-2.522387
-2.476994
-2.521479
-2.478205
-2.521933
-2.478961
-2.522387
-2.478507
-2.522236
-2.477448
-2.520269
-2.475935
-2.518151
-2.476540
-2.519815
-2.476994
-2.521177
-2.478356
-2.521782
-2.478961
-2.521933
-2.479113
-2.522236
-2.479566
-2.522236
-2.478658
-2.521933
-2.479415
-2.521479
-2.479113
-2.521933
-2.480021
-2.522236
-2.479869
-2.522690
-2.480777
-2.523144
-2.479566
-2.522387
-2.479264
-2.521782
-2.480323
-2.522538
-2.480626
-2.520874
-2.479718
-2.521631
-2.478507
-2.520571
-2.479264
-2.521025
-2.479415
-2.521328
-2.479264
-2.520118
-2.478507
-2.520874
-2.478205
-2.520420
-2.479566
-2.519815
-2.478507
-2.519512
-2.479264
-2.520269
-2.480021
-2.521631
-2.481382
-2.521328
-2.481231
-2.521631
-2.481231
-2.522236
-2.481987
-2.522690
-2.480777
-2.521328
-2.480021
-2.521025
-2.481685
-2.521631
-2.482139
-2.522236
-2.482290
-2.521631
-2.482290
-2.522236
-2.482593
-2.520269
-2.481987
-2.521479
-2.480928
-2.519210
-2.480474
-2.520118
-2.480474
-2.519966
-2.481685
-2.521328
-2.482744
-2.520118
-2.482744
-2.521177
-2.482744
-2.521025
-2.483047
-2.521479
-2.481534
-2.520571
-2.483047
-2.519512
-2.481231
-2.519664
-2.482139
-2.520420
-2.483349
-2.521479
-2.484106
-2.520269
-2.483652
-2.520571
-2.484106
-2.521328
-2.485014
-2.521933
-2.483500
-2.521177
-2.483954
-2.519361
-2.483047
-2.519210
-2.483803
-2.518756
-2.483349
-2.520269
-2.484862
-2.521328
-2.483954
-2.520571
-2.484862
-2.520118
-2.484560
-2.520269
-2.484711
-2.520874
-2.483803
-2.520269
-2.485165
-2.521025
-2.486375
-2.519966
-2.485770
-2.519210
-2.484560
-2.519512
-2.485316
-2.520571
-2.486073
-2.520874
-2.486829
-2.521177
-2.487132
-2.520571
-2.487283
-2.519512
-2.486678
-2.520571
-2.487435
-2.521328
-2.486073
-2.520571
-2.487283
-2.520723
-2.487283
-2.519512
-2.487435
-2.520118
-2.487435
-2.521025
-2.488343
-2.521177
-2.488948
-2.521479
-2.489402
-2.521782
-2.489856
-2.521782
-2.488494
-2.520874
-2.488796
-2.520420
-2.488343
-2.519664
-2.488796
-2.520420
-2.488948
-2.520571
-2.489856
-2.521631
-2.490612
-2.521025
-2.490158
-2.520118
-2.489402
-2.520269
-2.489704
-2.520571
-2.489553
-2.520420
-2.490612
-2.521177
-2.490915
-2.520723
-2.490915
-2.519512
-2.490158
-2.520118
-2.490461
-2.520420
-2.490612
-2.520723
-2.491671
-2.521328
-2.491974
-2.519815
-2.490915
-2.519664
-2.491066
-2.520420
-2.491974
-2.520723
-2.490158
-2.519815
-2.489704
-2.518604
-2.490007
-2.518907
-2.491217
-2.519361
-2.491671
-2.519966
-2.490915
-2.518302
-2.490612
-2.519058
-2.491520
-2.519815
-2.492730
-2.520571
-2.492882
-2.520723
-2.493033
-2.520420
-2.493184
-2.520269
-2.493184
-2.518907
-2.492579
-2.519210
-2.491822
-2.517848
-2.491369
-2.518604
-2.492428
-2.518907
-2.493184
-2.520118
-2.493789
-2.519966
-2.493941
-2.520118
-2.493184
-2.517999
-2.491217
-2.517394
-2.492579
-2.518453
-2.493789
-2.519664
-2.494546
-2.519966
-2.492882
-2.519058
-2.492882
-2.517394
-2.492882
-2.517999
-2.493789
-2.516940
-2.493638
-2.518604
-2.495000
-2.519361
-2.494849
-2.519512
-2.493789
-2.518453
-2.494849
-2.519210
-2.495303
-2.517999
-2.495152
-2.518907
-2.494092
-2.516335
-2.493336
-2.517545
-2.492882
-2.517091
-2.494546
-2.518302
-2.495908
-2.517091
-2.495303
-2.518302
-2.494849
-2.516637
-2.493487
-2.516486
-2.494697
-2.516637
-2.495757
-2.517999
-2.496816
-2.518756
-2.496967
-2.518756
-2.496665
-2.516940
-2.495000
-2.516335
-2.496059
-2.516637
-2.496362
-2.517999
-2.497421
-2.518604
-2.497118
-2.518302
-2.496211
-2.517091
-2.496816
-2.517696
-2.497421
-2.517394
-2.498026
-2.517999
-2.498026
-2.518151
-2.498178
-2.518151
-2.496816
-2.517091
-2.498329
-2.517999
-2.499085
-2.517243
-2.498631
-2.516788
-2.497875
-2.516637
-2.498026
-2.516940
-2.498026
-2.517394
-2.499237
-2.517848
-2.498329
-2.516486
-2.499085
-2.516940
-2.499388
-2.517696
-2.500145
-2.517545
-2.500447
-2.517696
-2.499691
-2.517394
-2.500296
-2.517243
-2.499237
-2.516788
-2.499993
-2.515729
-2.498178
-2.514973
-2.499237
-2.515881
-2.499993
-2.516637
-2.500901
-2.516788
-2.500750
-2.516637
-2.500296
-2.516788
-2.501204
-2.516940
-2.501506
-2.517243
-2.501960
-2.515729
-2.500750
-2.515427
-2.501052
-2.514519
-2.500750
-2.515124
-2.499842
-2.513460
-2.499539
-2.514519
-2.500296
-2.514822
-2.501506
-2.514065
-2.500598
-2.514973
-2.501355
-2.515124
-2.500447
-2.513006
-2.500296
-2.514368
-2.500901
-2.514368
-2.500750
-2.513309
-2.501204
-2.514216
-2.501809
-2.514822
-2.501204
-2.513309
-2.501960
-2.514216
-2.501204
-2.513914
-2.501355
-2.513460
-2.502868
-2.514368
-2.502112
-2.513762
-2.502112
-2.513762
-2.503322
-2.514519
-2.503473
-2.514670
-2.502414
-2.513460
-2.504079
-2.514368
-2.504230
-2.514670
-2.503473
-2.514670
-2.504986
-2.514670
-2.504684
-2.514519
-2.503322
-2.513611
-2.504835
-2.514519
-2.504986
-2.513914
-2.505138
-2.513914
-2.505440
-2.514368
-2.506046
-2.513914
-2.505894
-2.513914
-2.506197
-2.514519
-2.506651
-2.513309
-2.505743
-2.512098
-2.505440
-2.513157
-2.506046
-2.513006
-2.506046
-2.511947
-2.505743
-2.513006
-2.506500
-2.513460
-2.506500
-2.513309
-2.506197
-2.513460
-2.506953
-2.513611
-2.506197
-2.512855
-2.505592
-2.511947
-2.506500
-2.512552
-2.506651
-2.512552
-2.506197
-2.511947
-2.507256
-2.512552
-2.506197
-2.511947
-2.506500
-2.511947
-2.507710
-2.510736
-2.506651
-2.511190
-2.507256
-2.511039
-2.506348
-2.510736
-2.506953
-2.510736
-2.507407
-2.509677
-2.506348
-2.510585
-2.507256
-2.511190
-2.507861
-2.511039
-2.507710
-2.511190
-2.508467
-2.511342
-2.508315
-2.511190
-2.508013
-2.511190
-2.508769
-2.511342
-2.508315
-2.511190
-2.508920
-2.511342
-2.509223
-2.511342
-2.508013
-2.510585
-2.507256
-2.509828
-2.508013
-2.510434
-2.508769
-2.510434
-2.509375
-2.509526
-2.507256
-2.508164
-2.507861
-2.507710
-2.507710
-2.509072
-2.508920
-2.509979
-2.507559
-2.509223
-2.507407
-2.508769
-2.509072
-2.509828
-2.509828
-2.509677
-2.510131
-2.508618
-2.508769
-2.508467
-2.509223
-2.509223
-2.509828
-2.509375
-2.509677
-2.508164
-2.508164
-2.508315
-2.509072
-2.508467
-2.509979
-2.509375
-2.510887
-2.508315
-2.510131
-2.508618
-2.510131
-2.509375
-2.511039
-2.509375
-2.509979
-2.508618
-2.510736
-2.507105
-2.508467
-2.506651
-2.509677
-2.505743
-2.509223
-2.507559
-2.510585
-2.508164
-2.510131
-2.507861
-2.509526
-2.506802
-2.510131
-2.507559
-2.510887
-2.506651
-2.510585
-2.507861
-2.511342
-2.508164
-2.510131
-2.507256
-2.510585
-2.507256
-2.511493
-2.508164
-2.512098
-2.507861
-2.512249
-2.507861
-2.511644
-2.507407
-2.510434
-2.506651
-2.511342
-2.506500
-2.511795
-2.507407
-2.512098
-2.507559
-2.512401
-2.507407
-2.512552
-2.507407
-2.512401
-2.506651
-2.512249
-2.506651
-2.512552
-2.507407
-2.513006
-2.507559
-2.512552
-2.506802
-2.512098
-2.507256
-2.513006
-2.507105
-2.511493
-2.506348
-2.511342
-2.505138
-2.511795
-2.506046
-2.512703
-2.505894
-2.512703
-2.505743
-2.512703
-2.506348
-2.513460
-2.505440
-2.513157
-2.504986
-2.512855
-2.505743
-2.513309
-2.504684
-2.512703
-2.504079
-2.512552
-2.505289
-2.513157
-2.503322
-2.512703
-2.504381
-2.513309
-2.505138
-2.513762
-2.503473
-2.513006
-2.503625
-2.513309
-2.504684
-2.514065
-2.504835
-2.514216
-2.504381
-2.514368
-2.504835
-2.512703
-2.503625
-2.513460
-2.503927
-2.513611
-2.503473
-2.513611
-2.503776
-2.512855
-2.503322
-2.513309
-2.503473
-2.514216
-2.503625
-2.514216
-2.503625
-2.514670
-2.503927
-2.514973
-2.502112
-2.513914
-2.501355
-2.513762
-2.500901
-2.512703
-2.501506
-2.513460
-2.501658
-2.514065
-2.501506
-2.514216
-2.502112
-2.514670
-2.501809
-2.514973
-2.501355
-2.514822
-2.502112
-2.515276
-2.500598
-2.514519
-2.499691
-2.513762
-2.500750
-2.514670
-2.500901
-2.515276
-2.501052
-2.514973
-2.501204
-2.515578
-2.501355
-2.514670
-2.500901
-2.515427
-2.499539
-2.513309
-2.498934
-2.514519
-2.498026
-2.514368
-2.499691
-2.515578
-2.500447
-2.514670
-2.499539
-2.515124
-2.497875
-2.512855
-2.496967
-2.514065
-2.498026
-2.514216
-2.498631
-2.515427
-2.499388
-2.516486
-2.498026
-2.515729
-2.499237
-2.516788
-2.499842
-2.517091
-2.498783
-2.516788
-2.498934
-2.516788
-2.498934
-2.517091
-2.498783
-2.516788
-2.498480
-2.515881
-2.496211
-2.513611
-2.496059
-2.514973
-2.496362
-2.515881
-2.497118
-2.516184
-2.497421
-2.516788
-2.497421
-2.517243
-2.498026
-2.517848
-2.498329
-2.517545
-2.497875
-2.517696
-2.497270
-2.517394
-2.495757
-2.516940
-2.496665
-2.516032
-2.495303
-2.515881
-2.495303
-2.516486
-2.495605
-2.516788
-2.496059
-2.517243
-2.496059
-2.517696
-2.495454
-2.517696
-2.496211
-2.518302
-2.496816
-2.518604
-2.495605
-2.517999
-2.495605
-2.517848
-2.495908
-2.516486
-2.495000
-2.517696
-2.494395
-2.517243
-2.494244
-2.517394
-2.494546
-2.516184
-2.493336
-2.517243
-2.494546
-2.517999
-2.494697
-2.517243
-2.494092
-2.518302
-2.494849
-2.518907
-2.494697
-2.518604
-2.494697
-2.517545
-2.493033
-2.517848
-2.492125
-2.517243
-2.493033
-2.516940
-2.491369
-2.515427
-2.489553
-2.515578
-2.490763
-2.516184
-2.491671
-2.516788
-2.491520
-2.517696
-2.491974
-2.518151
-2.492579
-2.518453
-2.492579
-2.518907
-2.492579
-2.518604
-2.492579
-2.519361
-2.492579
-2.519058
-2.491520
-2.518302
-2.491822
-2.519058
-2.492428
-2.519512
-2.491974
-2.519210
-2.491066
-2.517091
-2.489250
-2.516940
-2.490158
-2.517545
-2.490158
-2.518604
-2.491369
-2.519512
-2.491671
-2.518907
-2.490915
-2.519210
-2.490612
-2.519058
-2.489402
-2.518756
-2.489856
-2.518302
-2.489402
-2.518453
-2.489553
-2.518604
-2.487888
-2.518151
-2.488948
-2.519058
-2.490007
-2.519361
-2.489250
-2.519361
-2.489704
-2.519966
-2.490007
-2.518453
-2.488645
-2.518302
-2.487888
-2.518302
-2.488040
-2.519058
-2.487888
-2.518907
-2.488494
-2.519361
-2.488191
-2.518302
-2.487586
-2.518756
-2.487283
-2.519512
-2.488191
-2.519966
-2.487888
-2.519815
-2.488040
-2.520269
-2.488191
-2.520118
-2.487283
-2.519966
-2.485770
-2.519058
-2.486224
-2.519058
-2.486678
-2.518302
-2.485770
-2.519210
-2.486375
-2.519512
-2.484711
-2.519210
-2.484711
-2.518907
-2.485619
-2.520118
-2.485770
-2.519664
-2.485921
-2.520269
-2.485619
-2.519966
-2.484106
-2.519361
-2.484560
-2.519512
-2.485014
-2.520420
-2.485316
-2.520571
-2.485165
-2.520571
-2.484257
-2.518604
-2.482290
-2.518151
-2.483047
-2.517394
-2.482290
-2.519210
-2.483500
-2.520118
-2.482139
-2.519361
-2.481534
-2.518756
-2.481685
-2.519210
-2.482593
-2.519512
-2.482744
-2.520420
-2.483198
-2.518756
-2.481685
-2.519815
-2.481836
-2.519966
-2.482593
-2.520723
-2.482441
-2.520723
-2.482593
-2.519512
-2.480928
-2.519664
-2.481231
-2.520420
-2.481231
-2.520874
-2.482139
-2.521328
-2.482139
-2.519815
-2.481080
-2.520420
-2.479415
-2.519210
-2.479113
-2.518756
-2.479718
-2.518604
-2.479113
-2.519512
-2.479869
-2.520118
-2.478810
-2.520118
-2.479415
-2.520571
-2.479869
-2.519058
-2.478810
-2.518302
-2.478205
-2.519966
-2.478961
-2.520571
-2.477751
-2.520269
-2.478205
-2.519058
-2.476540
-2.517848
-2.476691
-2.518604
-2.477297
-2.520118
-2.478356
-2.520874
-2.478507
-2.520874
-2.478356
-2.519815
-2.476389
-2.518604
-2.475632
-2.519512
-2.475330
-2.519664
-2.476994
-2.520571
-2.477448
-2.519361
-2.476389
-2.519966
-2.475784
-2.518453
-2.473665
-2.518453
-2.475027
-2.519058
-2.475632
-2.520118
-2.476389
-2.520874
-2.475027
-2.520269
-2.476086
-2.521328
-2.476843
-2.519664
-2.475784
-2.520723
-2.475330
-2.520269
-2.474876
-2.520571
-2.475481
-2.520420
-2.475632
-2.521479
-2.476238
-2.521328
-2.475330
-2.521479
-2.475481
-2.521479
-2.475481
-2.521782
-2.475330
-2.521782
-2.475632
-2.520118
-2.473514
-2.519966
-2.473665
-2.520571
-2.474119
-2.521025
-2.474725
-2.521631
-2.474725
-2.521479
-2.474876
-2.521025
-2.474119
-2.521328
-2.474119
-2.521328
-2.474119
-2.521479
-2.472757
-2.519058
-2.471093
-2.518907
-2.472001
-2.519361
-2.472606
-2.520571
-2.473212
-2.520874
-2.473060
-2.520723
-2.472606
-2.520269
-2.472455
-2.521025
-2.471093
-2.519815
-2.472001
-2.519058
-2.470942
-2.520118
-2.471849
-2.520269
-2.472152
-2.519361
-2.470185
-2.518907
-2.470942
-2.519210
-2.471244
-2.518756
-2.470034
-2.519664
-2.471244
-2.520269
-2.471849
-2.520874
