5.500000
5.500048
5.500105
5.500173
5.500252
5.500343
5.500450
5.500571
5.500711
5.500871
5.501051
5.501256
5.501487
5.501747
5.502038
5.502363
5.502724
5.503126
5.503570
5.504060
5.504599
5.505190
5.505837
5.506542
5.507308
5.508137
5.509032
5.509995
5.511026
5.512127
5.513297
5.514535
5.515840
5.517208
5.518634
5.520114
5.521641
5.523204
5.524795
5.526402
5.528010
5.529607
5.531175
5.532696
5.534153
5.535526
5.536797
5.537943
5.538947
5.539789
5.540451
5.540916
5.541169
5.541196
5.540987
5.540532
5.539825
5.538862
5.537642
5.536166
5.534438
5.532463
5.530250
5.527808
5.525148
5.522285
5.519230
5.516001
5.512611
5.509078
5.505417
5.501646
5.497781
5.493838
5.489834
5.485785
5.481706
5.477612
5.473518
5.469438
5.465385
5.461372
5.457411
5.453515
5.449694
5.445958
5.442319
5.438785
5.435366
5.432069
5.428904
5.425876
5.422994
5.420263
5.417690
5.415281
5.413040
5.410971
5.409081
5.407371
5.405846
5.404508
5.403359
5.402404
5.401642
5.401075
5.400704
5.400530
5.400553
5.400772
5.401186
5.401796
5.402600
5.403594
5.404779
5.406151
5.407707
5.409443
5.411357
5.413445
5.415703
5.418125
5.420707
5.423444
5.426331
5.429361
5.432529
5.435829
5.439254
5.442797
5.446452
5.450211
5.454067
5.458012
5.462039
5.466140
5.470307
5.474532
5.478806
5.483121
5.487470
5.491843
5.496232
5.500628
5.505023
5.509409
5.513777
5.518118
5.522424
5.526687
5.530899
5.535050
5.539134
5.543142
5.547067
5.550901
5.554636
5.558266
5.561783
5.565180
5.568452
5.571591
5.574592
5.577448
5.580154
5.582706
5.585097
5.587324
5.589382
5.591268
5.592976
5.594505
5.595851
5.597012
5.597984
5.598768
5.599360
5.599761
5.599967
5.599981
5.599802
5.599430
5.598865
5.598109
5.597163
5.596029
5.594709
5.593207
5.591524
5.589664
5.587630
5.585428
5.583059
5.580531
5.577846
5.575011
5.572031
5.568911
5.565659
5.562279
5.558778
5.555164
5.551444
5.547624
5.543712
5.539715
5.535641
5.531498
5.527295
5.523039
5.518738
5.514401
5.510036
5.505652
5.501256
5.496859
5.492467
5.488091
5.483737
5.479414
5.475131
5.470896
5.466718
5.462604
5.458562
5.454601
5.450727
5.446949
5.443273
5.439707
5.436258
5.432931
5.429735
5.426674
5.423756
5.420984
5.418366
5.415905
5.413608
5.411477
5.409517
5.407733
5.406126
5.404702
5.403462
5.402408
5.401544
5.400869
5.400387
5.400097
5.400000
5.400097
5.400387
5.400869
5.401544
5.402408
5.403462
5.404702
5.406126
5.407733
5.409517
5.411477
5.413608
5.415905
5.418366
5.420984
5.423756
5.426674
5.429735
5.432931
5.436258
5.439707
5.443273
5.446949
5.450727
5.454601
5.458562
5.462604
5.466718
5.470896
5.475131
5.479414
5.483737
5.488091
5.492467
5.496859
5.501256
5.505652
5.510036
5.514401
5.518738
5.523039
5.527295
5.531498
5.535641
5.539715
5.543712
5.547624
5.551444
5.555165
5.558778
5.562279
5.565659
5.568912
5.572031
5.575011
5.577846
5.580531
5.583060
5.585428
5.587631
5.589664
5.591524
5.593207
5.594710
5.596029
5.597163
5.598109
5.598865
5.599430
5.599802
5.599982
5.599968
5.599761
5.599361
5.598769
5.597985
5.597013
5.595852
5.594506
5.592978
5.591269
5.589384
5.587326
5.585099
5.582708
5.580157
5.577450
5.574594
5.571594
5.568455
5.565183
5.561786
5.558269
5.554639
5.550904
5.547071
5.543146
5.539137
5.535053
5.530902
5.526690
5.522427
5.518121
5.513779
5.509411
5.505024
5.500628
5.496231
5.491841
5.487467
5.483117
5.478799
5.474523
5.470296
5.466126
5.462022
5.457992
5.454042
5.450181
5.446417
5.442757
5.439207
5.435775
5.432467
5.429289
5.426249
5.423351
5.420601
5.418005
5.415567
5.413293
5.411186
5.409252
5.407492
5.405912
5.404513
5.403300
5.402273
5.401435
5.400788
5.400333
5.400071
5.400002
5.400126
5.400444
5.400954
5.401656
5.402547
5.403628
5.404894
5.406345
5.407977
5.409787
5.411771
5.413926
5.416247
5.418731
5.421371
5.424164
5.427103
5.430183
5.433399
5.436743
5.440209
5.443792
5.447483
5.451275
5.455162
5.459135
5.463188
5.467311
5.471498
5.475740
5.480029
5.484356
5.488714
5.493094
5.497487
5.501885
5.506279
5.510661
5.515023
5.519355
5.523650
5.527899
5.532094
5.536228
5.540291
5.544276
5.548175
5.551982
5.555687
5.559286
5.562769
5.566131
5.569366
5.572465
5.575425
5.578239
5.580902
5.583408
5.585752
5.587932
5.589941
5.591775
5.593433
5.594910
5.596203
5.597310
5.598229
5.598958
5.599495
5.599840
5.599992
5.599951
5.599716
5.599288
5.598669
5.597858
5.596859
5.595671
5.594299
5.592744
5.591011
5.589101
5.587018
5.584768
5.582353
5.579780
5.577051
5.574174
5.571154
5.567996
5.564705
5.561291
5.557757
5.554112
5.550362
5.546515
5.542578
5.538558
5.534464
5.530303
5.526084
5.521814
5.517502
5.513156
5.508785
5.504397
5.500000
5.495603
5.491215
5.486844
5.482498
5.478186
5.473916
5.469697
5.465536
5.461442
5.457422
5.453485
5.449638
5.445888
5.442243
5.438709
5.435295
5.432004
5.428846
5.425826
5.422949
5.420220
5.417647
5.415232
5.412982
5.410899
5.408989
5.407256
5.405701
5.404329
5.403141
5.402142
5.401331
5.400712
5.400284
5.400049
5.400008
5.400160
5.400505
5.401042
5.401771
5.402690
5.403797
5.405090
5.406567
5.408225
5.410059
5.412068
5.414248
5.416592
5.419098
5.421761
5.424575
5.427535
5.430634
5.433869
5.437231
5.440714
5.444313
5.448018
5.451825
5.455724
5.459709
5.463772
5.467906
5.472101
5.476350
5.480645
5.484977
5.489339
5.493721
5.498115
5.502513
5.506906
5.511286
5.515644
5.519971
5.524260
5.528502
5.532689
5.536812
5.540865
5.544838
5.548725
5.552517
5.556208
5.559791
5.563257
5.566601
5.569817
5.572897
5.575836
5.578629
5.581269
5.583753
5.586074
5.588229
5.590213
5.592023
5.593655
5.595106
5.596373
5.597453
5.598344
5.599046
5.599556
5.599874
5.599998
5.599929
5.599667
5.599212
5.598565
5.597727
5.596700
5.595487
5.594088
5.592508
5.590748
5.588814
5.586707
5.584433
5.581995
5.579399
5.576649
5.573751
5.570711
5.567533
5.564225
5.560793
5.557243
5.553583
5.549819
5.545958
5.542008
5.537978
5.533874
5.529704
5.525477
5.521201
5.516883
5.512533
5.508159
5.503769
5.499372
5.494976
5.490589
5.486221
5.481879
5.477573
5.473310
5.469098
5.464947
5.460863
5.456854
5.452929
5.449096
5.445361
5.441731
5.438214
5.434817
5.431545
5.428406
5.425406
5.422550
5.419843
5.417292
5.414901
5.412674
5.410616
5.408731
5.407022
5.405494
5.404148
5.402987
5.402015
5.401231
5.400639
5.400239
5.400032
5.400018
5.400198
5.400570
5.401135
5.401891
5.402837
5.403971
5.405290
5.406793
5.408476
5.410336
5.412369
5.414572
5.416940
5.419469
5.422154
5.424989
5.427969
5.431088
5.434341
5.437721
5.441221
5.444835
5.448556
5.452376
5.456288
5.460285
5.464359
5.468502
5.472705
5.476961
5.481262
5.485599
5.489964
5.494348
5.498744
5.503141
5.507533
5.511909
5.516263
5.520586
5.524869
5.529104
5.533282
5.537396
5.541438
5.545399
5.549273
5.553051
5.556727
5.560293
5.563743
5.567069
5.570265
5.573326
5.576244
5.579016
5.581634
5.584095
5.586392
5.588523
5.590483
5.592267
5.593874
5.595298
5.596538
5.597592
5.598456
5.599131
5.599613
5.599903
5.600000
5.599903
5.599613
5.599131
5.598456
5.597592
5.596538
5.595298
5.593874
5.592267
5.590483
5.588523
5.586392
5.584095
5.581634
5.579016
5.576244
5.573326
5.570265
5.567069
5.563743
5.560293
5.556727
5.553051
5.549273
5.545399
5.541438
5.537396
5.533282
5.529104
5.524869
5.520586
5.516263
5.511909
5.507533
5.503141
5.498744
5.494348
5.489964
5.485599
5.481262
5.476961
5.472705
5.468502
5.464359
5.460285
5.456288
5.452376
5.448556
5.444835
5.441221
5.437721
5.434341
5.431088
5.427969
5.424989
5.422154
5.419469
5.416940
5.414572
5.412369
5.410336
5.408476
5.406793
5.405290
5.403971
5.402837
5.401891
5.401135
5.400570
5.400198
5.400018
5.400032
5.400239
5.400639
5.401231
5.402015
5.402987
5.404148
5.405494
5.407022
5.408731
5.410616
5.412674
5.414901
5.417292
5.419843
5.422550
5.425406
5.428406
5.431545
5.434817
5.438214
5.441731
5.445361
5.449096
5.452929
5.456854
5.460863
5.464947
5.469098
5.473310
5.477573
5.481879
5.486221
5.490589
5.494976
5.499372
5.503769
5.508159
5.512533
5.516883
5.521201
5.525477
5.529704
5.533874
5.537978
5.542008
5.545958
5.549819
5.553583
5.557243
5.560793
5.564225
5.567533
5.570711
5.573751
5.576649
5.579399
5.581995
5.584433
5.586707
5.588814
5.590748
5.592508
5.594088
5.595487
5.596700
5.597727
5.598565
5.599212
5.599667
5.599929
5.599998
5.599874
5.599556
5.599046
5.598344
5.597453
5.596373
5.595106
5.593655
5.592023
5.590213
5.588229
5.586074
5.583753
5.581269
5.578629
5.575836
5.572897
5.569817
5.566601
5.563257
5.559791
5.556208
5.552517
5.548725
5.544838
5.540865
5.536812
5.532689
5.528502
5.524260
5.519971
5.515644
5.511286
5.506906
5.502513
5.498115
5.493721
5.489339
5.484977
5.480645
5.476350
5.472101
5.467906
5.463772
5.459709
5.455724
5.451825
5.448018
5.444313
5.440714
5.437231
5.433869
5.430634
5.427535
5.424575
5.421761
5.419098
5.416592
5.414248
5.412068
5.410059
5.408225
5.406567
5.405090
5.403797
5.402690
5.401771
5.401042
5.400505
5.400160
5.400008
5.400049
5.400284
5.400712
5.401331
5.402142
5.403141
5.404329
5.405701
5.407256
5.408989
5.410899
5.412982
5.415232
5.417647
5.420220
5.422949
5.425826
5.428846
5.432004
5.435295
5.438709
5.442243
5.445888
5.449638
5.453485
5.457422
5.461442
5.465536
5.469697
5.473916
5.478186
5.482498
5.486844
5.491215
5.495603
5.500000
5.504397
5.508785
5.513156
5.517502
5.521814
5.526084
5.530303
5.534464
5.538558
5.542578
5.546515
5.550362
5.554112
5.557757
5.561291
5.564705
5.567996
5.571154
5.574174
5.577051
5.579780
5.582353
5.584768
5.587018
5.589101
5.591011
5.592744
5.594299
5.595671
5.596859
5.597858
5.598669
5.599288
5.599716
5.599951
5.599992
5.599840
5.599495
5.598958
5.598229
5.597310
5.596203
5.594910
5.593433
5.591775
5.589941
5.587932
5.585752
5.583408
5.580902
5.578239
5.575425
5.572465
5.569366
5.566131
5.562769
5.559286
5.555687
5.551982
5.548175
5.544276
5.540291
5.536228
5.532094
5.527899
5.523650
5.519355
5.515023
5.510661
5.506279
5.501885
5.497487
5.493094
5.488714
5.484356
5.480029
5.475740
5.471498
5.467311
5.463188
5.459135
5.455162
5.451275
5.447483
5.443792
5.440209
5.436743
5.433399
5.430183
5.427103
5.424164
5.421371
5.418731
5.416247
5.413926
5.411771
5.409787
5.407977
5.406345
5.404894
5.403627
5.402547
5.401656
5.400954
5.400444
5.400126
5.400002
5.400071
5.400333
5.400788
5.401435
5.402273
5.403300
5.404513
5.405912
5.407492
5.409252
5.411186
5.413293
5.415567
5.418005
5.420601
5.423351
5.426249
5.429289
5.432467
5.435775
5.439207
5.442757
5.446417
5.450181
5.454042
5.457992
5.462022
5.466126
5.470296
5.474523
5.478799
5.483117
5.487467
5.491841
5.496231
5.500628
5.505024
5.509411
5.513779
5.518121
5.522427
5.526690
5.530902
5.535053
5.539137
5.543146
5.547071
5.550904
5.554639
5.558269
5.561786
5.565183
5.568455
5.571594
5.574594
5.577450
5.580157
5.582708
5.585099
5.587326
5.589384
5.591269
5.592978
5.594506
5.595852
5.597013
5.597985
5.598769
5.599361
5.599761
5.599968
5.599982
5.599802
5.599430
5.598865
5.598109
5.597163
5.596029
5.594710
5.593207
5.591524
5.589664
5.587631
5.585428
5.583060
5.580531
5.577846
5.575011
5.572031
5.568912
5.565659
5.562279
5.558779
5.555165
5.551444
5.547624
5.543712
5.539715
5.535641
5.531498
5.527295
5.523039
5.518738
5.514401
5.510036
5.505652
5.501256
5.496859
5.492467
5.488091
5.483737
5.479414
5.475131
5.470896
5.466718
5.462604
5.458562
5.454601
5.450727
5.446949
5.443273
5.439707
5.436257
5.432931
5.429735
5.426674
5.423756
5.420984
5.418366
5.415905
5.413608
5.411477
5.409517
5.407733
5.406126
5.404702
5.403462
5.402408
5.401544
5.400869
5.400387
5.400097
5.400000
5.400097
5.400387
5.400869
5.401544
5.402408
5.403462
5.404702
5.406126
5.407733
5.409517
5.411477
5.413608
5.415905
5.418366
5.420984
5.423756
5.426674
5.429735
5.432931
5.436257
5.439707
5.443273
5.446949
5.450727
5.454601
5.458562
5.462604
5.466718
5.470896
5.475131
5.479414
5.483737
5.488091
5.492467
5.496859
5.501256
5.505652
5.510036
5.514401
5.518738
5.523039
5.527295
5.531498
5.535641
5.539715
5.543712
5.547624
5.551444
5.555165
5.558779
5.562279
5.565659
5.568912
5.572031
5.575011
5.577846
5.580531
5.583060
5.585428
5.587631
5.589664
5.591524
5.593207
5.594710
5.596029
5.597163
5.598109
5.598865
5.599430
5.599802
5.599982
5.599968
5.599761
5.599361
5.598769
5.597985
5.597013
5.595852
5.594506
5.592978
5.591269
5.589384
5.587326
5.585099
5.582708
5.580157
5.577450
5.574594
5.571594
5.568455
5.565183
5.561786
5.558269
5.554639
5.550904
5.547071
5.543146
5.539137
5.535053
5.530902
5.526690
5.522427
5.518121
5.513779
5.509411
5.505024
5.500628
5.496231
5.491841
5.487467
5.483117
5.478799
5.474523
5.470296
5.466126
5.462022
5.457992
5.454042
5.450181
5.446417
5.442757
5.439207
5.435775
5.432467
5.429289
5.426249
5.423351
5.420601
5.418005
5.415567
5.413293
5.411186
5.409252
5.407492
5.405912
5.404513
5.403300
5.402273
5.401435
5.400788
5.400333
5.400071
5.400002
5.400126
5.400444
5.400954
5.401656
5.402547
5.403627
5.404894
5.406345
5.407977
5.409787
5.411771
5.413926
5.416247
5.418731
5.421371
5.424164
5.427103
5.430183
5.433399
5.436743
5.440209
5.443792
5.447483
5.451275
5.455162
5.459135
5.463188
5.467311
5.471498
5.475740
5.480029
5.484356
5.488714
5.493094
5.497487
5.501885
5.506279
5.510661
5.515023
5.519355
5.523650
5.527899
5.532094
5.536228
5.540291
5.544276
5.548175
5.551982
5.555687
5.559286
5.562769
5.566131
5.569366
5.572465
5.575425
5.578239
5.580902
5.583408
5.585752
5.587932
5.589941
5.591775
5.593433
5.594910
5.596203
5.597310
5.598229
5.598958
5.599495
5.599840
5.599992
5.599951
5.599716
5.599288
5.598669
5.597858
5.596859
5.595671
5.594299
5.592744
5.591011
5.589101
5.587018
5.584768
5.582353
5.579780
5.577051
5.574174
5.571154
5.567996
5.564705
5.561291
5.557757
5.554112
5.550362
5.546515
5.542578
5.538558
5.534464
5.530303
5.526084
5.521814
5.517502
5.513156
5.508785
5.504397
5.500000
5.495603
5.491215
5.486844
5.482498
5.478186
5.473916
5.469697
5.465536
5.461442
5.457422
5.453485
5.449638
5.445888
5.442243
5.438709
5.435295
5.432004
5.428846
5.425826
5.422949
5.420220
5.417647
5.415232
5.412982
5.410899
5.408989
5.407256
5.405701
5.404329
5.403141
5.402142
5.401331
5.400712
5.400284
5.400049
5.400008
5.400160
5.400505
5.401042
5.401771
5.402690
5.403797
5.405090
5.406567
5.408225
5.410059
5.412068
5.414248
5.416592
5.419098
5.421761
5.424575
5.427535
5.430634
5.433869
5.437231
5.440714
5.444313
5.448018
5.451825
5.455724
5.459709
5.463772
5.467906
5.472101
5.476350
5.480645
5.484977
5.489339
5.493721
5.498115
5.502513
5.506906
5.511286
5.515644
5.519971
5.524260
5.528502
5.532689
5.536812
5.540865
5.544838
5.548725
5.552517
5.556208
5.559791
5.563257
5.566601
5.569817
5.572897
5.575836
5.578629
5.581269
5.583753
5.586074
5.588229
5.590213
5.592023
5.593655
5.595106
5.596373
5.597453
5.598344
5.599046
5.599556
5.599874
5.599998
5.599929
5.599667
5.599212
5.598565
5.597727
5.596700
5.595487
5.594088
5.592508
5.590748
5.588814
5.586707
5.584433
5.581995
5.579399
5.576649
5.573751
5.570711
5.567533
5.564225
5.560793
5.557243
5.553583
5.549819
5.545958
5.542008
5.537978
5.533874
5.529704
5.525477
5.521201
5.516883
5.512533
5.508159
5.503769
5.499372
5.494976
5.490589
5.486221
5.481879
5.477573
5.473310
5.469098
5.464947
5.460863
5.456854
5.452929
5.449096
5.445361
5.441731
5.438214
5.434817
5.431545
5.428406
5.425406
5.422550
5.419843
5.417292
5.414901
5.412674
5.410616
5.408731
5.407022
5.405494
5.404148
5.402987
5.402015
5.401231
5.400639
5.400239
5.400032
5.400018
5.400198
5.400570
5.401135
5.401891
5.402837
5.403971
5.405290
5.406793
5.408476
5.410336
5.412369
5.414572
5.416940
5.419469
5.422154
5.424989
5.427969
5.431088
5.434341
5.437721
5.441221
5.444835
5.448556
5.452376
5.456288
5.460285
5.464359
5.468502
5.472705
5.476961
5.481262
5.485599
5.489964
5.494348
5.498744
5.503141
5.507533
5.511909
5.516263
5.520586
5.524869
5.529104
5.533282
5.537396
5.541438
5.545399
5.549273
5.553051
5.556727
5.560293
5.563743
5.567069
5.570265
5.573326
5.576244
5.579016
5.581634
5.584095
5.586392
5.588523
5.590483
5.592267
5.593874
5.595298
5.596538
5.597592
5.598456
5.599131
5.599613
5.599903
5.600000
5.599903
5.599613
5.599131
5.598456
5.597592
5.596538
5.595298
5.593874
5.592267
5.590483
5.588523
5.586392
5.584095
5.581634
5.579016
5.576244
5.573326
5.570265
5.567069
5.563743
5.560293
5.556727
5.553051
5.549273
5.545399
5.541438
5.537396
5.533282
5.529104
5.524869
5.520586
5.516263
5.511909
5.507533
5.503141
5.498744
5.494348
5.489964
5.485599
5.481262
5.476961
5.472705
5.468502
5.464359
5.460285
5.456288
5.452376
5.448556
5.444835
5.441221
5.437721
5.434341
5.431088
5.427969
5.424989
5.422154
5.419469
5.416940
5.414572
5.412369
5.410336
5.408476
5.406793
5.405290
5.403971
5.402837
5.401891
5.401135
5.400570
5.400198
5.400018
5.400032
5.400239
5.400639
5.401231
5.402015
5.402987
5.404148
5.405494
5.407022
5.408731
5.410616
5.412674
5.414901
5.417292
5.419843
5.422550
5.425406
5.428406
5.431545
5.434817
5.438214
5.441731
5.445361
5.449096
5.452929
5.456854
5.460863
5.464947
5.469098
5.473310
5.477573
5.481879
5.486221
5.490589
5.494976
5.499372
5.503769
5.508159
5.512533
5.516883
5.521201
5.525477
5.529704
5.533874
5.537978
5.542008
5.545958
5.549819
5.553583
5.557243
5.560793
5.564225
5.567533
5.570711
5.573751
5.576649
5.579399
5.581995
5.584433
5.586707
5.588814
5.590748
5.592508
5.594088
5.595487
5.596700
5.597727
5.598565
5.599212
5.599667
5.599929
5.599998
5.599874
5.599556
5.599046
5.598344
5.597453
5.596373
5.595106
5.593655
5.592023
5.590213
5.588229
5.586074
5.583753
5.581269
5.578629
5.575836
5.572897
5.569817
5.566601
5.563257
5.559791
5.556208
5.552517
5.548725
5.544838
5.540865
5.536812
5.532689
5.528502
5.524260
5.519971
5.515644
5.511286
5.506906
5.502513
5.498115
5.493721
5.489339
5.484977
5.480645
5.476350
5.472101
5.467906
5.463772
5.459709
5.455724
5.451825
5.448018
5.444313
5.440714
5.437231
5.433869
5.430634
5.427535
5.424575
5.421761
5.419098
5.416592
5.414248
5.412068
5.410059
5.408225
5.406567
5.405090
5.403797
5.402690
5.401771
5.401042
5.400505
5.400160
5.400008
5.400049
5.400284
5.400712
5.401331
5.402142
5.403141
5.404329
5.405701
5.407256
5.408989
5.410899
5.412982
5.415232
5.417647
5.420220
5.422949
5.425826
5.428846
5.432004
5.435295
5.438709
5.442243
5.445888
5.449638
5.453485
5.457422
5.461442
5.465536
5.469697
5.473916
5.478186
5.482498
5.486844
5.491215
5.495603
5.500000
5.504397
5.508785
5.513156
5.517502
5.521814
5.526084
5.530303
5.534464
5.538558
5.542578
5.546515
5.550362
5.554112
5.557757
5.561291
5.564705
5.567996
5.571154
5.574174
5.577051
5.579780
5.582353
5.584768
5.587018
5.589101
5.591011
5.592744
5.594299
5.595671
5.596859
5.597858
5.598669
5.599288
5.599716
5.599951
5.599992
5.599840
5.599495
5.598958
5.598229
5.597310
5.596203
5.594910
5.593433
5.591775
5.589941
5.587932
5.585752
5.583408
5.580902
5.578239
5.575425
5.572465
5.569366
5.566131
5.562769
5.559286
5.555687
5.551982
5.548175
5.544276
5.540291
5.536228
5.532094
5.527899
5.523650
5.519355
5.515023
5.510661
5.506279
5.501885
5.497487
5.493094
5.488714
5.484356
5.480029
5.475740
5.471498
5.467311
5.463188
5.459135
5.455162
5.451275
5.447483
5.443792
5.440209
5.436743
5.433399
5.430183
5.427103
5.424164
5.421371
5.418731
5.416247
5.413926
5.411771
5.409787
5.407977
5.406345
5.404894
5.403627
5.402547
5.401656
5.400954
5.400444
5.400126
5.400002
5.400071
5.400333
5.400788
5.401435
5.402273
5.403300
5.404513
5.405912
5.407492
5.409252
5.411186
5.413293
5.415567
5.418005
5.420601
5.423351
5.426249
5.429289
5.432467
5.435775
5.439207
5.442757
5.446417
5.450181
5.454042
5.457992
5.462022
5.466126
5.470296
5.474523
5.478799
5.483117
5.487467
5.491841
5.496231
5.500628
5.505024
5.509411
5.513779
5.518121
5.522427
5.526690
5.530902
5.535053
5.539137
5.543146
5.547071
5.550904
5.554639
5.558269
5.561786
5.565183
5.568455
5.571594
5.574594
5.577450
5.580157
5.582708
5.585099
5.587326
5.589384
5.591269
5.592978
5.594506
5.595852
5.597013
5.597985
5.598769
5.599361
5.599761
5.599968
5.599982
5.599802
5.599430
5.598865
5.598109
5.597163
5.596029
5.594710
5.593207
5.591524
5.589664
5.587631
5.585428
5.583060
5.580531
5.577846
5.575011
5.572031
5.568912
5.565659
5.562279
5.558779
5.555165
5.551444
5.547624
5.543712
5.539715
5.535641
5.531498
5.527295
5.523039
5.518738
5.514401
5.510036
5.505652
5.501256
5.496859
5.492467
5.488091
5.483737
5.479414
5.475131
5.470896
5.466718
5.462604
5.458562
5.454601
5.450727
5.446949
5.443273
5.439707
5.436257
5.432931
5.429735
5.426674
5.423756
5.420984
5.418366
5.415905
5.413608
5.411477
5.409517
5.407733
5.406126
5.404702
5.403462
5.402408
5.401544
5.400869
5.400387
5.400097
5.400000
5.400097
5.400387
5.400869
5.401544
5.402408
5.403462
5.404702
5.406126
5.407733
5.409517
5.411477
5.413608
5.415905
5.418366
5.420984
5.423756
5.426674
5.429735
5.432931
5.436257
5.439707
5.443273
5.446949
5.450727
5.454601
5.458562
5.462604
5.466718
5.470896
5.475131
5.479414
5.483737
5.488091
5.492467
5.496859
5.501256
5.505652
5.510036
5.514401
5.518738
5.523039
5.527295
5.531498
5.535641
5.539715
5.543712
5.547624
5.551444
5.555165
5.558779
5.562279
5.565659
5.568912
5.572031
5.575011
5.577846
5.580531
5.583060
5.585428
5.587631
5.589664
5.591524
5.593207
5.594710
5.596029
5.597163
5.598109
5.598865
5.599430
5.599802
5.599982
5.599968
5.599761
5.599361
5.598769
5.597985
5.597013
5.595852
5.594506
5.592978
5.591269
5.589384
5.587326
5.585099
5.582708
5.580157
5.577450
5.574594
5.571594
5.568455
5.565183
5.561786
5.558269
5.554639
5.550904
5.547071
5.543146
5.539137
5.535053
5.530902
5.526690
5.522427
5.518121
5.513779
5.509411
5.505024
5.500628
5.496231
5.491841
5.487467
5.483117
5.478799
5.474523
5.470296
5.466126
5.462022
5.457992
5.454042
5.450181
5.446417
5.442757
5.439207
5.435775
5.432467
5.429289
5.426249
5.423351
5.420601
5.418005
5.415567
5.413293
5.411186
5.409252
5.407492
5.405912
5.404513
5.403300
5.402273
5.401435
5.400788
5.400333
5.400071
5.400002
5.400126
5.400444
5.400954
5.401656
5.402547
5.403627
5.404894
5.406345
5.407977
5.409787
5.411771
5.413926
5.416247
5.418731
5.421371
5.424164
5.427103
5.430183
5.433399
5.436743
5.440209
5.443792
5.447483
5.451275
5.455162
5.459135
5.463188
5.467311
5.471498
5.475740
5.480029
5.484356
5.488714
5.493094
5.497487
5.501885
5.506279
5.510661
5.515023
5.519355
5.523650
5.527899
5.532094
5.536228
5.540291
5.544276
5.548175
5.551982
5.555687
5.559286
5.562769
5.566131
5.569366
5.572465
5.575425
5.578239
5.580902
5.583408
5.585752
5.587932
5.589941
5.591775
5.593433
5.594910
5.596203
5.597310
5.598229
5.598958
5.599495
5.599840
5.599992
5.599951
5.599716
5.599288
5.598669
5.597858
5.596859
5.595671
5.594299
5.592744
5.591011
5.589101
5.587018
5.584768
5.582353
5.579780
5.577051
5.574174
5.571154
5.567996
5.564705
5.561291
5.557757
5.554112
5.550362
5.546515
5.542578
5.538558
5.534464
5.530303
5.526084
5.521814
5.517502
5.513156
5.508785
5.504397
5.500000
5.495603
5.491215
5.486844
5.482498
5.478186
5.473916
5.469697
5.465536
5.461442
5.457422
5.453485
5.449638
5.445888
5.442243
5.438709
5.435295
5.432004
5.428846
5.425826
5.422949
5.420220
5.417647
5.415232
5.412982
5.410899
5.408989
5.407256
5.405701
5.404329
5.403141
5.402142
5.401331
5.400712
5.400284
5.400049
5.400008
5.400160
5.400505
5.401042
5.401771
5.402690
5.403797
5.405090
5.406567
5.408225
5.410059
5.412068
5.414248
5.416592
5.419098
5.421761
5.424575
5.427535
5.430634
5.433869
5.437231
5.440714
5.444313
5.448018
5.451825
5.455724
5.459709
5.463772
5.467906
5.472101
5.476350
5.480645
5.484977
5.489339
5.493721
5.498115
5.502513
5.506906
5.511286
5.515644
5.519971
5.524260
5.528502
5.532689
5.536812
5.540865
5.544838
5.548725
5.552517
5.556208
5.559791
5.563257
5.566601
5.569817
5.572897
5.575836
5.578629
5.581269
5.583753
5.586074
5.588229
5.590213
5.592023
5.593655
5.595106
5.596373
5.597453
5.598344
5.599046
5.599556
5.599874
5.599998
5.599929
5.599667
5.599212
5.598565
5.597727
5.596700
5.595487
5.594088
5.592508
5.590748
5.588814
5.586707
5.584433
5.581995
5.579399
5.576649
5.573751
5.570711
5.567533
5.564225
5.560793
5.557243
5.553583
5.549819
5.545958
5.542008
5.537978
5.533874
5.529704
5.525477
5.521201
5.516883
5.512533
5.508159
5.503769
5.499372
5.494976
5.490589
5.486221
5.481879
5.477573
5.473310
5.469098
5.464947
5.460863
5.456854
5.452929
5.449096
5.445361
5.441731
5.438214
5.434817
5.431545
5.428406
5.425406
5.422550
5.419843
5.417292
5.414901
5.412674
5.410616
5.408731
5.407022
5.405494
5.404148
5.402987
5.402015
5.401231
5.400639
5.400239
5.400032
5.400018
5.400198
5.400570
5.401135
5.401891
5.402837
5.403971
5.405290
5.406793
5.408476
5.410336
5.412369
5.414572
5.416940
5.419469
5.422154
5.424989
5.427969
5.431088
5.434341
5.437721
5.441221
5.444835
5.448556
5.452376
5.456288
5.460285
5.464359
5.468502
5.472705
5.476961
5.481262
5.485599
5.489964
5.494348
5.498744
5.503141
5.507533
5.511909
5.516263
5.520586
5.524869
5.529104
5.533282
5.537396
5.541438
5.545399
5.549273
5.553051
5.556727
5.560293
5.563743
5.567069
5.570265
5.573326
5.576244
5.579016
5.581634
5.584095
5.586392
5.588523
5.590483
5.592267
5.593874
5.595298
5.596538
5.597592
5.598456
5.599131
5.599613
5.599903
5.600000
5.599903
5.599613
5.599131
5.598456
5.597592
5.596538
5.595298
5.593874
5.592267
5.590483
5.588523
5.586392
5.584095
5.581634
5.579016
5.576244
5.573326
5.570265
5.567069
5.563743
5.560293
5.556727
5.553051
5.549273
5.545399
5.541438
5.537396
5.533282
5.529104
5.524869
5.520586
5.516263
5.511909
5.507533
5.503141
5.498744
5.494348
5.489964
5.485599
5.481262
5.476961
5.472705
5.468502
5.464359
5.460285
5.456288
5.452376
5.448556
5.444835
5.441221
5.437721
5.434341
5.431088
5.427969
5.424989
5.422154
5.419469
5.416940
5.414572
5.412369
5.410336
5.408476
5.406793
5.405290
5.403971
5.402837
5.401891
5.401135
5.400570
5.400198
5.400018
5.400032
5.400239
5.400639
5.401231
5.402015
5.402987
5.404148
5.405494
5.407022
5.408731
5.410616
5.412674
5.414901
5.417292
5.419843
5.422550
5.425406
5.428406
5.431545
5.434817
5.438214
5.441731
5.445361
5.449096
5.452929
5.456854
5.460863
5.464947
5.469098
5.473310
5.477573
5.481879
5.486221
5.490589
5.494976
5.499372
5.503769
5.508159
5.512533
5.516883
5.521201
5.525477
5.529704
5.533874
5.537978
5.542008
5.545958
5.549819
5.553583
5.557243
5.560793
5.564225
5.567533
5.570711
5.573751
5.576649
5.579399
5.581995
5.584433
5.586707
5.588814
5.590748
5.592508
5.594088
5.595487
5.596700
5.597727
5.598565
5.599212
5.599667
5.599929
5.599998
5.599874
5.599556
5.599046
5.598344
5.597453
5.596373
5.595106
5.593655
5.592023
5.590213
5.588229
5.586074
5.583753
5.581269
5.578629
5.575836
5.572897
5.569817
5.566601
5.563257
5.559791
5.556208
5.552517
5.548725
5.544838
5.540865
5.536812
5.532689
5.528502
5.524260
5.519971
5.515644
5.511286
5.506906
5.502513
5.498115
5.493721
5.489339
5.484977
5.480645
5.476350
5.472101
5.467906
5.463772
5.459709
5.455724
5.451825
5.448018
5.444313
5.440714
5.437231
5.433869
5.430634
5.427535
5.424575
5.421761
5.419098
5.416592
5.414248
5.412068
5.410059
5.408225
5.406567
5.405090
5.403797
5.402690
5.401771
5.401042
5.400505
5.400160
5.400008
5.400049
5.400284
5.400712
5.401331
5.402142
5.403141
5.404329
5.405701
5.407256
5.408989
5.410899
5.412982
5.415232
5.417647
5.420220
5.422949
5.425826
5.428846
5.432004
5.435295
5.438709
5.442243
5.445888
5.449638
5.453485
5.457422
5.461442
5.465536
5.469697
5.473916
5.478186
5.482498
5.486844
5.491215
5.495603
5.500000
5.504397
5.508785
5.513156
5.517502
5.521814
5.526084
5.530303
5.534464
5.538558
5.542578
5.546515
5.550362
5.554112
5.557757
5.561291
5.564705
5.567996
5.571154
5.574174
5.577051
5.579780
5.582353
5.584768
5.587018
5.589101
5.591011
5.592744
5.594299
5.595671
5.596859
5.597858
5.598669
5.599288
5.599716
5.599951
5.599992
5.599840
5.599495
5.598958
5.598229
5.597310
5.596203
5.594910
5.593433
5.591775
5.589941
5.587932
5.585752
5.583408
5.580902
5.578239
5.575425
5.572465
5.569366
5.566131
5.562769
5.559286
5.555687
5.551982
5.548175
5.544276
5.540291
5.536228
5.532094
5.527899
5.523650
5.519355
5.515023
5.510661
5.506279
5.501885
5.497487
5.493094
5.488714
5.484356
5.480029
5.475740
5.471498
5.467311
5.463188
5.459135
5.455162
5.451275
5.447483
5.443792
5.440209
5.436743
5.433399
5.430183
5.427103
5.424164
5.421371
5.418731
5.416247
5.413926
5.411771
5.409787
5.407977
5.406345
5.404894
5.403627
5.402547
5.401656
5.400954
5.400444
5.400126
5.400002
5.400071
5.400333
5.400788
5.401435
5.402273
5.403300
5.404513
5.405912
5.407492
5.409252
5.411186
5.413293
5.415567
5.418005
5.420601
5.423351
5.426249
5.429289
5.432467
5.435775
5.439207
5.442757
5.446417
5.450181
5.454042
5.457992
5.462022
5.466126
5.470296
5.474523
5.478799
5.483117
5.487467
5.491841
5.496231
5.500628
5.505024
5.509411
5.513779
5.518121
5.522427
5.526690
5.530902
5.535053
5.539137
5.543146
5.547071
5.550904
5.554639
5.558269
5.561786
5.565183
5.568455
5.571594
5.574594
5.577450
5.580157
5.582708
5.585099
5.587326
5.589384
5.591269
5.592978
5.594506
5.595852
5.597013
5.597985
5.598769
5.599361
5.599761
5.599968
5.599982
5.599802
5.599430
5.598865
5.598109
5.597163
5.596029
5.594710
5.593207
5.591524
5.589664
5.587631
5.585428
5.583060
5.580531
5.577846
5.575011
5.572031
5.568912
5.565659
5.562279
5.558779
5.555165
5.551444
5.547624
5.543712
5.539715
5.535641
5.531498
5.527295
5.523039
5.518738
5.514401
5.510036
5.505652
5.501256
5.496859
5.492467
5.488091
5.483737
5.479414
5.475131
5.470896
5.466718
5.462604
5.458562
5.454601
5.450727
5.446949
5.443273
5.439707
5.436257
5.432931
5.429735
5.426674
5.423756
5.420984
5.418366
5.415905
5.413608
5.411477
5.409517
5.407733
5.406126
5.404702
5.403462
5.402408
5.401544
5.400869
5.400387
5.400097
5.400000
5.400097
5.400387
5.400869
5.401544
5.402408
5.403462
5.404702
5.406126
5.407733
5.409517
5.411477
5.413608
5.415905
5.418366
5.420984
5.423756
5.426674
5.429735
5.432931
5.436257
5.439707
5.443273
5.446949
5.450727
5.454601
5.458562
5.462604
5.466718
5.470896
5.475131
5.479414
5.483737
5.488091
5.492467
5.496859
5.501256
5.505652
5.510036
5.514401
5.518738
5.523039
5.527295
5.531498
5.535641
5.539715
5.543712
5.547624
5.551444
5.555165
5.558779
5.562279
5.565659
5.568912
5.572031
5.575011
5.577846
5.580531
5.583060
5.585428
5.587631
5.589664
5.591524
5.593207
5.594710
5.596029
5.597163
5.598109
5.598865
5.599430
5.599802
5.599982
5.599968
5.599761
5.599361
5.598769
5.597985
5.597013
5.595852
5.594506
5.592978
5.591269
5.589384
5.587326
5.585099
5.582708
5.580157
5.577450
5.574594
5.571594
5.568455
5.565183
5.561786
5.558269
5.554639
5.550904
5.547071
5.543146
5.539137
5.535053
5.530902
5.526690
5.522427
5.518121
5.513779
5.509411
5.505024
5.500628
5.496231
5.491841
5.487467
5.483117
5.478799
5.474523
5.470296
5.466126
5.462022
5.457992
5.454042
5.450181
5.446417
5.442757
5.439207
5.435775
5.432467
5.429289
5.426249
5.423351
5.420601
5.418005
5.415567
5.413293
5.411186
5.409252
5.407492
5.405912
5.404513
5.403300
5.402273
5.401435
5.400788
5.400333
5.400071
5.400002
5.400126
5.400444
5.400954
5.401656
5.402547
5.403627
5.404894
5.406345
5.407977
5.409787
5.411771
5.413926
5.416247
5.418731
5.421371
5.424164
5.427103
5.430183
5.433399
5.436743
5.440209
5.443792
5.447483
5.451275
5.455162
5.459135
5.463188
5.467311
5.471498
5.475740
5.480029
5.484356
5.488714
5.493094
5.497487
5.501885
5.506279
5.510661
5.515023
5.519355
5.523650
5.527899
5.532094
5.536228
5.540291
5.544276
5.548175
5.551982
5.555687
5.559286
5.562769
5.566131
5.569366
5.572465
5.575425
5.578239
5.580902
5.583408
5.585752
5.587932
5.589941
5.591775
5.593433
5.594910
5.596203
5.597310
5.598229
5.598958
5.599495
5.599840
5.599992
5.599951
5.599716
5.599288
5.598669
5.597858
5.596859
5.595671
5.594299
5.592744
5.591011
5.589101
5.587018
5.584768
5.582353
5.579780
5.577051
5.574174
5.571154
5.567996
5.564705
5.561291
5.557757
5.554112
5.550362
5.546515
5.542578
5.538558
5.534464
5.530303
5.526084
5.521814
5.517502
5.513156
5.508785
5.504397
5.500000
5.495603
5.491215
5.486844
5.482498
5.478186
5.473916
5.469697
5.465536
5.461442
5.457422
5.453485
5.449638
5.445888
5.442243
5.438709
5.435295
5.432004
5.428846
5.425826
5.422949
5.420220
5.417647
5.415232
5.412982
5.410899
5.408989
5.407256
5.405701
5.404329
5.403141
5.402142
5.401331
5.400712
5.400284
5.400049
5.400008
5.400160
5.400505
5.401042
5.401771
5.402690
5.403797
5.405090
5.406567
5.408225
5.410059
5.412068
5.414248
5.416592
5.419098
5.421761
5.424575
5.427535
5.430634
5.433869
5.437231
5.440714
5.444313
5.448018
5.451825
5.455724
5.459709
5.463772
5.467906
5.472101
5.476350
5.480645
5.484977
5.489339
5.493721
5.498115
5.502513
5.506906
5.511286
5.515644
5.519971
5.524260
5.528502
5.532689
5.536812
5.540865
5.544838
5.548725
5.552517
5.556208
5.559791
5.563257
5.566601
5.569817
5.572897
5.575836
5.578629
5.581269
5.583753
5.586074
5.588229
5.590213
5.592023
5.593655
5.595106
5.596373
5.597453
5.598344
5.599046
5.599556
5.599874
5.599998
5.599929
5.599667
5.599212
5.598565
5.597727
5.596700
5.595487
5.594088
5.592508
5.590748
5.588814
5.586707
5.584433
5.581995
5.579399
5.576649
5.573751
5.570711
5.567533
5.564225
5.560793
5.557243
5.553583
5.549819
5.545958
5.542008
5.537978
5.533874
5.529704
5.525477
5.521201
5.516883
5.512533
5.508159
5.503769
5.499372
5.494976
5.490589
5.486221
5.481879
5.477573
5.473310
5.469098
5.464947
5.460863
5.456854
5.452929
5.449096
5.445361
5.441731
5.438214
5.434817
5.431545
5.428406
5.425406
5.422550
5.419843
5.417292
5.414901
5.412674
5.410616
5.408731
5.407022
5.405494
5.404148
5.402987
5.402015
5.401231
5.400639
5.400239
5.400032
5.400018
5.400198
5.400570
5.401135
5.401891
5.402837
5.403971
5.405290
5.406793
5.408476
5.410336
5.412369
5.414572
5.416940
5.419469
5.422154
5.424989
5.427969
5.431088
5.434341
5.437721
5.441221
5.444835
5.448556
5.452376
5.456288
5.460285
5.464359
5.468502
5.472705
5.476961
5.481262
5.485599
5.489964
5.494348
5.498744
5.503141
5.507533
5.511909
5.516263
5.520586
5.524869
5.529104
5.533282
5.537396
5.541438
5.545399
5.549273
5.553051
5.556727
5.560293
5.563743
5.567069
5.570265
5.573326
5.576244
5.579016
5.581634
5.584095
5.586392
5.588523
5.590483
5.592267
5.593874
5.595298
5.596538
5.597592
5.598456
5.599131
5.599613
5.599903
5.600000
5.599903
5.599613
5.599131
5.598456
5.597592
5.596538
5.595298
5.593874
5.592267
5.590483
5.588523
5.586392
5.584095
5.581634
5.579016
5.576244
5.573326
5.570265
5.567069
5.563743
5.560293
5.556727
5.553051
5.549273
5.545399
5.541438
5.537396
5.533282
5.529104
5.524869
5.520586
5.516263
5.511909
5.507533
5.503141
5.498744
5.494348
5.489964
5.485599
5.481262
5.476961
5.472705
5.468502
5.464359
5.460285
5.456288
5.452376
5.448556
5.444835
5.441221
5.437721
5.434341
5.431088
5.427969
5.424989
5.422154
5.419469
5.416940
5.414572
5.412369
5.410336
5.408476
5.406793
5.405290
5.403971
5.402837
5.401891
5.401135
5.400570
5.400198
5.400018
5.400032
5.400239
5.400639
5.401231
5.402015
5.402987
5.404148
5.405494
5.407022
5.408731
5.410616
5.412674
5.414901
5.417292
5.419843
5.422550
5.425406
5.428406
5.431545
5.434817
5.438214
5.441731
5.445361
5.449096
5.452929
5.456854
5.460863
5.464947
5.469098
5.473310
5.477573
5.481879
5.486221
5.490589
5.494976
5.499372
5.503769
5.508159
5.512533
5.516883
5.521201
5.525477
5.529704
5.533874
5.537978
5.542008
5.545958
5.549819
5.553583
5.557243
5.560793
5.564225
5.567533
5.570711
5.573751
5.576649
5.579399
5.581995
5.584433
5.586707
5.588814
5.590748
5.592508
5.594088
5.595487
5.596700
5.597727
5.598565
5.599212
5.599667
5.599929
5.599998
5.599874
5.599556
5.599046
5.598344
5.597453
5.596373
5.595106
5.593655
5.592023
5.590213
5.588229
5.586074
5.583753
5.581269
5.578629
5.575836
5.572897
5.569817
5.566601
5.563257
5.559791
5.556208
5.552517
5.548725
5.544838
5.540865
5.536812
5.532689
5.528502
5.524260
5.519971
5.515644
5.511286
5.506906
5.502513
5.498115
5.493721
5.489339
5.484977
5.480645
5.476350
5.472101
5.467906
5.463772
5.459709
5.455724
5.451825
5.448018
5.444313
5.440714
5.437231
5.433869
5.430634
5.427535
5.424575
5.421761
5.419098
5.416592
5.414248
5.412068
5.410059
5.408225
5.406567
5.405090
5.403797
5.402690
5.401771
5.401042
5.400505
5.400160
5.400008
5.400049
5.400284
5.400712
5.401331
5.402142
5.403141
5.404329
5.405701
5.407256
5.408989
5.410899
5.412982
5.415232
5.417647
5.420220
5.422949
5.425826
5.428846
5.432004
5.435295
5.438709
5.442243
5.445888
5.449638
5.453485
5.457422
5.461442
5.465536
5.469697
5.473916
5.478186
5.482498
5.486844
5.491215
5.495603
5.500000
5.504397
5.508785
5.513156
5.517502
5.521814
5.526084
5.530303
5.534464
5.538558
5.542578
5.546515
5.550362
5.554112
5.557757
5.561291
5.564705
5.567996
5.571154
5.574174
5.577051
5.579780
5.582353
5.584768
5.587018
5.589101
5.591011
5.592744
5.594299
5.595671
5.596859
5.597858
5.598669
5.599288
5.599716
5.599951
5.599992
5.599840
5.599495
5.598958
5.598229
5.597310
5.596203
5.594910
5.593433
5.591775
5.589941
5.587932
5.585752
5.583408
5.580902
5.578239
5.575425
5.572465
5.569366
5.566131
5.562769
5.559286
5.555687
5.551982
5.548175
5.544276
5.540291
5.536228
5.532094
5.527899
5.523650
5.519355
5.515023
5.510661
5.506279
5.501885
5.497487
5.493094
5.488714
5.484356
5.480029
5.475740
5.471498
5.467311
5.463188
5.459135
5.455162
5.451275
5.447483
5.443792
5.440209
5.436743
5.433399
5.430183
5.427103
5.424164
5.421371
5.418731
5.416247
5.413926
5.411771
5.409787
5.407977
5.406345
5.404894
5.403627
5.402547
5.401656
5.400954
5.400444
5.400126
5.400002
5.400071
5.400333
5.400788
5.401435
5.402273
5.403300
5.404513
5.405912
5.407492
5.409252
5.411186
5.413293
5.415567
5.418005
5.420601
5.423351
5.426249
5.429289
5.432467
5.435775
5.439207
5.442757
5.446417
5.450181
5.454042
5.457992
5.462022
5.466126
5.470296
5.474523
5.478799
5.483117
5.487467
5.491841
5.496231
5.500628
5.505024
5.509411
5.513779
5.518121
5.522427
5.526690
5.530902
5.535053
5.539137
5.543146
5.547071
5.550904
5.554639
5.558269
5.561786
5.565183
5.568455
5.571594
5.574594
5.577450
5.580157
5.582708
5.585099
5.587326
5.589384
5.591269
5.592978
5.594506
5.595852
5.597013
5.597985
5.598769
5.599361
5.599761
5.599968
5.599982
5.599802
5.599430
5.598865
5.598109
5.597163
5.596029
5.594710
5.593207
5.591524
5.589664
5.587631
5.585428
5.583060
5.580531
5.577846
5.575011
5.572031
5.568912
5.565659
5.562279
5.558779
5.555165
5.551444
5.547624
5.543712
5.539715
5.535641
5.531498
5.527295
5.523039
5.518738
5.514401
5.510036
5.505652
5.501256
5.496859
5.492467
5.488091
5.483737
5.479414
5.475131
5.470896
5.466718
5.462604
5.458562
5.454601
5.450727
5.446949
5.443273
5.439707
5.436257
5.432931
5.429735
5.426674
5.423756
5.420984
5.418366
5.415905
5.413608
5.411477
5.409517
5.407733
5.406126
5.404702
5.403462
5.402408
5.401544
5.400869
5.400387
5.400097
5.400000
5.400097
5.400387
5.400869
5.401544
5.402408
5.403462
5.404702
5.406126
5.407733
5.409517
5.411477
5.413608
5.415905
5.418366
5.420984
5.423756
5.426674
5.429735
5.432931
5.436257
5.439707
5.443273
5.446949
5.450727
5.454601
5.458562
5.462604
5.466718
5.470896
5.475131
5.479414
5.483737
5.488091
5.492467
5.496859
5.501256
5.505652
5.510036
5.514401
5.518738
5.523039
5.527295
5.531498
5.535641
5.539715
5.543712
5.547624
5.551444
5.555165
5.558779
5.562279
5.565659
5.568912
5.572031
5.575011
5.577846
5.580531
5.583060
5.585428
5.587631
5.589664
5.591524
5.593207
5.594710
5.596029
5.597163
5.598109
5.598865
5.599430
5.599802
5.599982
5.599968
5.599761
5.599361
5.598769
5.597985
5.597013
5.595852
5.594506
5.592978
5.591269
5.589384
5.587326
5.585099
5.582708
5.580157
5.577450
5.574594
5.571594
5.568455
5.565183
5.561786
5.558269
5.554639
5.550904
5.547071
5.543146
5.539137
5.535053
5.530902
5.526690
5.522427
5.518121
5.513779
5.509411
5.505024
5.500628
5.496231
5.491841
5.487467
5.483117
5.478799
5.474523
5.470296
5.466126
5.462022
5.457992
5.454042
5.450181
5.446417
5.442757
5.439207
5.435775
5.432467
5.429289
5.426249
5.423351
5.420601
5.418005
5.415567
5.413293
5.411186
5.409252
5.407492
5.405912
5.404513
5.403300
5.402273
5.401435
5.400788
5.400333
5.400071
5.400002
5.400126
5.400444
5.400954
5.401656
5.402547
5.403627
5.404894
5.406345
5.407977
5.409787
5.411771
5.413926
5.416247
5.418731
5.421371
5.424164
5.427103
5.430183
5.433399
5.436743
5.440209
5.443792
5.447483
5.451275
5.455162
5.459135
5.463188
5.467311
5.471498
5.475740
5.480029
5.484356
5.488714
5.493094
5.497487
5.501885
5.506279
5.510661
5.515023
5.519355
5.523650
5.527899
5.532094
5.536228
5.540291
5.544276
5.548175
5.551982
5.555687
5.559286
5.562769
5.566131
5.569366
5.572465
5.575425
5.578239
5.580902
5.583408
5.585752
5.587932
5.589941
5.591775
5.593433
5.594910
5.596203
5.597310
5.598229
5.598958
5.599495
5.599840
5.599992
5.599951
5.599716
5.599288
5.598669
5.597858
5.596859
5.595671
5.594299
5.592744
5.591011
5.589101
5.587018
5.584768
5.582353
5.579780
5.577051
5.574174
5.571154
5.567996
5.564705
5.561291
5.557757
5.554112
5.550362
5.546515
5.542578
5.538558
5.534464
5.530303
5.526084
5.521814
5.517502
5.513156
5.508785
5.504397
5.500000
5.495603
5.491215
5.486844
5.482498
5.478186
5.473916
5.469697
5.465536
5.461442
5.457422
5.453485
5.449638
5.445888
5.442243
5.438709
5.435295
5.432004
5.428846
5.425826
5.422949
5.420220
5.417647
5.415232
5.412982
5.410899
5.408989
5.407256
5.405701
5.404329
5.403141
5.402142
5.401331
5.400712
5.400284
5.400049
5.400008
5.400160
5.400505
5.401042
5.401771
5.402690
5.403797
5.405090
5.406567
5.408225
5.410059
5.412068
5.414248
5.416592
5.419098
5.421761
5.424575
5.427535
5.430634
5.433869
5.437231
5.440714
5.444313
5.448018
5.451825
5.455724
5.459709
5.463772
5.467906
5.472101
5.476350
5.480645
5.484977
5.489339
5.493721
5.498115
5.502513
5.506906
5.511286
5.515644
5.519971
5.524260
5.528502
5.532689
5.536812
5.540865
5.544838
5.548725
5.552517
5.556208
5.559791
5.563257
5.566601
5.569817
5.572897
5.575836
5.578629
5.581269
5.583753
5.586074
5.588229
5.590213
5.592023
5.593655
5.595106
5.596373
5.597453
5.598344
5.599046
5.599556
5.599874
5.599998
5.599929
5.599667
5.599212
5.598565
5.597727
5.596700
5.595487
5.594088
5.592508
5.590748
5.588814
5.586707
5.584433
5.581995
5.579399
5.576649
5.573751
5.570711
5.567533
5.564225
5.560793
5.557243
5.553583
5.549819
5.545958
5.542008
5.537978
5.533874
5.529704
5.525477
5.521201
5.516883
5.512533
5.508159
5.503769
5.499372
5.494976
5.490589
5.486221
5.481879
5.477573
5.473310
5.469098
5.464947
5.460863
5.456854
5.452929
5.449096
5.445361
5.441731
5.438214
5.434817
5.431545
5.428406
5.425406
5.422550
5.419843
5.417292
5.414901
5.412674
5.410616
5.408731
5.407022
5.405494
5.404148
5.402987
5.402015
5.401231
5.400639
5.400239
5.400032
5.400018
5.400198
5.400570
5.401135
5.401891
5.402837
5.403971
5.405290
5.406793
5.408476
5.410336
5.412369
5.414572
5.416940
5.419469
5.422154
5.424989
5.427969
5.431088
5.434341
5.437721
5.441221
5.444835
5.448556
5.452376
5.456288
5.460285
5.464359
5.468502
5.472705
5.476961
5.481262
5.485599
5.489964
5.494348
5.498744
5.503141
5.507533
5.511909
5.516263
5.520586
5.524869
5.529104
5.533282
5.537396
5.541438
5.545399
5.549273
5.553051
5.556727
5.560293
5.563743
5.567069
5.570265
5.573326
5.576244
5.579016
5.581634
5.584095
5.586392
5.588523
5.590483
5.592267
5.593874
5.595298
5.596538
5.597592
5.598456
5.599131
5.599613
5.599903
5.600000
5.599903
5.599613
5.599131
5.598456
5.597592
5.596538
5.595298
5.593874
5.592267
5.590483
5.588523
5.586392
5.584095
5.581634
5.579016
5.576244
5.573326
5.570265
5.567069
5.563743
5.560293
5.556727
5.553051
5.549273
5.545399
5.541438
5.537396
5.533282
5.529104
5.524869
5.520586
5.516263
5.511909
5.507533
5.503141
5.498744
5.494348
5.489964
5.485599
5.481262
5.476961
5.472705
5.468502
5.464359
5.460285
5.456288
5.452376
5.448556
5.444835
5.441221
5.437721
5.434341
5.431088
5.427969
5.424989
5.422154
5.419469
5.416940
5.414572
5.412369
5.410336
5.408476
5.406793
5.405290
5.403971
5.402837
5.401891
5.401135
5.400570
5.400198
5.400018
5.400032
5.400239
5.400639
5.401231
5.402015
5.402987
5.404148
5.405494
5.407022
5.408731
5.410616
5.412674
5.414901
5.417292
5.419843
5.422550
5.425406
5.428406
5.431545
5.434817
5.438214
5.441731
5.445361
5.449096
5.452929
5.456854
5.460863
5.464947
5.469098
5.473310
5.477573
5.481879
5.486221
5.490589
5.494976
5.499372
5.503769
5.508159
5.512533
5.516883
5.521201
5.525477
5.529704
5.533874
5.537978
5.542008
5.545958
5.549819
5.553583
5.557243
5.560793
5.564225
5.567533
5.570711
5.573751
5.576649
5.579399
5.581995
5.584433
5.586707
5.588814
5.590748
5.592508
5.594088
5.595487
5.596700
5.597727
5.598565
5.599212
5.599667
5.599929
5.599998
5.599874
5.599556
5.599046
5.598344
5.597453
5.596373
5.595106
5.593655
5.592023
5.590213
5.588229
5.586074
5.583753
5.581269
5.578629
5.575836
5.572897
5.569817
5.566601
5.563257
5.559791
5.556208
5.552517
5.548725
5.544838
5.540865
5.536812
5.532689
5.528502
5.524260
5.519971
5.515644
5.511286
5.506906
5.502513
5.498115
5.493721
5.489339
5.484977
5.480645
5.476350
5.472101
5.467906
5.463772
5.459709
5.455724
5.451825
5.448018
5.444313
5.440714
5.437231
5.433869
5.430634
5.427535
5.424575
5.421761
5.419098
5.416592
5.414248
5.412068
5.410059
5.408225
5.406567
5.405090
5.403797
5.402690
5.401771
5.401042
5.400505
5.400160
5.400008
5.400049
5.400284
5.400712
5.401331
5.402142
5.403141
5.404329
5.405701
5.407256
5.408989
5.410899
5.412982
5.415232
5.417647
5.420220
5.422949
5.425826
5.428846
5.432004
5.435295
5.438709
5.442243
5.445888
5.449638
5.453485
5.457422
5.461442
5.465536
5.469697
5.473916
5.478186
5.482498
5.486844
5.491215
5.495603
5.500000
5.504397
5.508785
5.513156
5.517502
5.521814
5.526084
5.530303
5.534464
5.538558
5.542578
5.546515
5.550362
5.554112
5.557757
5.561291
5.564705
5.567996
5.571154
5.574174
5.577051
5.579780
5.582353
5.584768
5.587018
5.589101
5.591011
5.592744
5.594299
5.595671
5.596859
5.597858
5.598669
5.599288
5.599716
5.599951
5.599992
5.599840
5.599495
5.598958
5.598229
5.597310
5.596203
5.594910
5.593433
5.591775
5.589941
5.587932
5.585752
5.583408
5.580902
5.578239
5.575425
5.572465
5.569366
5.566131
5.562769
5.559286
5.555687
5.551982
5.548175
5.544276
5.540291
5.536228
5.532094
5.527899
5.523650
5.519355
5.515023
5.510661
5.506279
5.501885
5.497487
5.493094
5.488714
5.484356
5.480029
5.475740
5.471498
5.467311
5.463188
5.459135
5.455162
5.451275
5.447483
5.443792
5.440209
5.436743
5.433399
5.430183
5.427103
5.424164
5.421371
5.418731
5.416247
5.413926
5.411771
5.409787
5.407977
5.406345
5.404894
5.403627
5.402547
5.401656
5.400954
5.400444
5.400126
5.400002
5.400071
5.400333
5.400788
5.401435
5.402273
5.403300
5.404513
5.405912
5.407492
5.409252
5.411186
5.413293
5.415567
5.418005
5.420601
5.423351
5.426249
5.429289
5.432467
5.435775
5.439207
5.442757
5.446417
5.450181
5.454042
5.457992
5.462022
5.466126
5.470296
5.474523
5.478799
5.483117
5.487467
5.491841
5.496231
5.500628
5.505024
5.509411
5.513779
5.518121
5.522427
5.526690
5.530902
5.535053
5.539137
5.543146
5.547071
5.550904
5.554639
5.558269
5.561786
5.565183
5.568455
5.571594
5.574594
5.577450
5.580157
5.582708
5.585099
5.587326
5.589384
5.591269
5.592978
5.594506
5.595852
5.597013
5.597985
5.598769
5.599361
5.599761
5.599968
5.599982
5.599802
5.599430
5.598865
5.598109
5.597163
5.596029
5.594710
5.593207
5.591524
5.589664
5.587631
5.585428
5.583060
5.580531
5.577846
5.575011
5.572031
5.568912
5.565659
5.562279
5.558779
5.555165
5.551444
5.547624
5.543712
5.539715
5.535641
5.531498
5.527295
5.523039
5.518738
5.514401
5.510036
5.505652
5.501256
5.496859
5.492467
5.488091
5.483737
5.479414
5.475131
5.470896
5.466718
5.462604
5.458562
5.454601
5.450727
5.446949
5.443273
5.439707
5.436257
5.432931
5.429735
5.426674
5.423756
5.420984
5.418366
5.415905
5.413608
5.411477
5.409517
5.407733
5.406126
5.404702
5.403462
5.402408
5.401544
5.400869
5.400387
5.400097
5.400000
5.400097
5.400387
5.400869
5.401544
5.402408
5.403462
5.404702
5.406126
5.407733
5.409517
5.411477
5.413608
5.415905
5.418366
5.420984
5.423756
5.426674
5.429735
5.432931
5.436257
5.439707
5.443273
5.446949
5.450727
5.454601
5.458562
5.462604
5.466718
5.470896
5.475131
5.479414
5.483737
5.488091
5.492467
5.496859
5.501256
5.505652
5.510036
5.514401
5.518738
5.523039
5.527295
5.531498
5.535641
5.539715
5.543712
5.547624
5.551444
5.555165
5.558779
5.562279
5.565659
5.568912
5.572031
5.575011
5.577846
5.580531
5.583060
5.585428
5.587631
5.589664
5.591524
5.593207
5.594710
5.596029
5.597163
5.598109
5.598865
5.599430
5.599802
5.599982
5.599968
5.599761
5.599361
5.598769
5.597985
5.597013
5.595852
5.594506
5.592978
5.591269
5.589384
5.587326
5.585099
5.582708
5.580157
5.577450
5.574594
5.571594
5.568455
5.565183
5.561786
5.558269
5.554639
5.550904
5.547071
5.543146
5.539137
5.535053
5.530902
5.526690
5.522427
5.518121
5.513779
5.509411
5.505024
5.500628
5.496231
5.491841
5.487467
5.483117
5.478799
5.474523
5.470296
5.466126
5.462022
5.457992
5.454042
5.450181
5.446417
5.442757
5.439207
5.435775
5.432467
5.429289
5.426249
5.423351
5.420601
5.418005
5.415567
5.413293
5.411186
5.409252
5.407492
5.405912
5.404513
5.403300
5.402273
5.401435
5.400788
5.400333
5.400071
5.400002
5.400126
5.400444
5.400954
5.401656
5.402547
5.403628
5.404894
5.406345
5.407977
5.409787
5.411771
5.413926
5.416247
5.418731
5.421371
5.424164
5.427103
5.430183
5.433399
5.436743
5.440209
5.443792
5.447483
5.451275
5.455162
5.459135
5.463188
5.467311
5.471498
5.475740
5.480029
5.484356
5.488714
5.493094
5.497487
5.501885
5.506279
5.510661
5.515023
5.519355
5.523650
5.527899
5.532094
5.536228
5.540291
5.544276
5.548175
5.551982
5.555687
5.559286
5.562769
5.566131
5.569366
5.572465
5.575425
5.578239
5.580902
5.583408
5.585752
5.587932
5.589941
5.591775
5.593433
5.594910
5.596203
5.597310
5.598229
5.598958
5.599495
5.599840
5.599992
5.599951
5.599716
5.599288
5.598669
5.597858
5.596859
5.595671
5.594299
5.592744
5.591011
5.589101
5.587018
5.584768
5.582353
5.579780
5.577051
5.574174
5.571154
5.567996
5.564705
5.561291
5.557757
5.554112
5.550362
5.546515
5.542578
5.538558
5.534464
5.530303
5.526084
5.521814
5.517502
5.513156
5.508785
5.504397
5.500000
5.495603
5.491215
5.486844
5.482498
5.478186
5.473916
5.469697
5.465536
5.461442
5.457422
5.453485
5.449638
5.445888
5.442243
5.438709
5.435295
5.432005
5.428846
5.425826
5.422949
5.420221
5.417647
5.415232
5.412982
5.410900
5.408990
5.407256
5.405701
5.404329
5.403142
5.402143
5.401332
5.400712
5.400285
5.400050
5.400009
5.400161
5.400506
5.401043
5.401772
5.402691
5.403799
5.405092
5.406569
5.408226
5.410061
5.412070
5.414249
5.416595
5.419101
5.421763
5.424577
5.427537
5.430637
5.433872
5.437234
5.440718
5.444316
5.448021
5.451828
5.455728
5.459713
5.463776
5.467909
5.472104
5.476353
5.480648
5.484980
5.489341
5.493722
5.498116
5.502512
5.506905
5.511283
5.515639
5.519965
5.524252
5.528491
5.532676
5.536796
5.540845
5.544815
5.548697
5.552484
5.556169
5.559744
5.563204
5.566540
5.569746
5.572816
5.575744
5.578524
5.581151
5.583618
5.585923
5.588059
5.590023
5.591810
5.593417
5.594841
5.596078
5.597127
5.597984
5.598649
5.599118
5.599392
5.599470
5.599351
5.599035
5.598522
5.597815
5.596912
5.595817
5.594532
5.593058
5.591398
5.589557
5.587537
5.585342
5.582978
5.580449
5.577761
5.574919
5.571930
5.568801
5.565539
5.562152
5.558648
5.555037
5.551327
5.547529
5.543653
5.539709
5.535711
5.531670
5.527599
5.523511
5.519420
5.515341
5.511290
5.507280
5.503328
5.499451
5.495666
5.491987
5.488433
5.485020
5.481764
5.478681
5.475786
5.473094
5.470616
5.468366
5.466352
5.464584
5.463067
5.461804
5.460799
5.460049
5.459551
5.459300
5.459285
5.459496
5.459922
5.460545
5.461349
5.462318
5.463431
5.464670
5.466013
5.467443
5.468939
5.470483
5.472059
5.473649
5.475238
5.476814
5.478364
5.479879
5.481349
5.482768
5.484128
5.485427
5.486661
5.487828
5.488926
5.489955
5.490917
5.491811
5.492641
5.493407
5.494113
5.494761
5.495354
5.495894
5.496386
5.496832
5.497236
5.497600
5.497926
5.498219
5.498481
5.498713
5.498920
5.499104
5.499265
5.499406
5.499530
5.499637
5.499731
5.499811
5.499880
5.499938
5.499988
