5.500000
5.500096
5.500210
5.500342
5.500495
5.500670
5.500868
5.501089
5.501335
5.501606
5.501903
5.502224
5.502570
5.502938
5.503327
5.503734
5.504154
5.504584
5.505016
5.505446
5.505863
5.506259
5.506622
5.506941
5.507202
5.507389
5.507485
5.507475
5.507339
5.507059
5.506614
5.505984
5.505152
5.504099
5.502807
5.501264
5.499456
5.497377
5.495023
5.492396
5.489503
5.486358
5.482982
5.479403
5.475655
5.471782
5.467832
5.463860
5.459929
5.456101
5.452447
5.449036
5.445939
5.443223
5.440954
5.439193
5.437996
5.437408
5.437469
5.438208
5.439644
5.441784
5.444628
5.448163
5.452364
5.457201
5.462630
5.468604
5.475064
5.481948
5.489187
5.496709
5.504437
5.512294
5.520201
5.528080
5.535851
5.543438
5.550766
5.557766
5.564369
5.570511
5.576135
5.581188
5.585621
5.589394
5.592470
5.594822
5.596427
5.597268
5.597338
5.596633
5.595158
5.592924
5.589947
5.586251
5.581865
5.576824
5.571167
5.564939
5.558191
5.550974
5.543347
5.535370
5.527106
5.518620
5.509978
5.501250
5.492504
5.483808
5.475231
5.466840
5.458701
5.450878
5.443431
5.436419
5.429898
5.423917
5.418523
5.413760
5.409663
5.406264
5.403591
5.401663
5.400497
5.400101
5.400479
5.401627
5.403536
5.406193
5.409575
5.413658
5.418410
5.423793
5.429766
5.436284
5.443294
5.450744
5.458575
5.466727
5.475137
5.483740
5.492469
5.501256
5.510035
5.518735
5.527291
5.535636
5.543706
5.551438
5.558773
5.565652
5.572025
5.577840
5.583054
5.587625
5.591519
5.594705
5.597158
5.598861
5.599799
5.599965
5.599358
5.597982
5.595850
5.592975
5.589382
5.585098
5.580155
5.574593
5.568454
5.561785
5.554639
5.547070
5.539137
5.530901
5.522427
5.513779
5.505024
5.496231
5.487467
5.478799
5.470296
5.462022
5.454042
5.446417
5.439207
5.432467
5.426249
5.420601
5.415567
5.411187
5.407493
5.404514
5.402273
5.400789
5.400071
5.400126
5.400954
5.402547
5.404894
5.407977
5.411771
5.416247
5.421371
5.427103
5.433399
5.440209
5.447483
5.455162
5.463188
5.471498
5.480029
5.488714
5.497487
5.506279
5.515023
5.523650
5.532094
5.540291
5.548175
5.555687
5.562769
5.569366
5.575425
5.580902
5.585752
5.589941
5.593433
5.596203
5.598229
5.599495
5.599992
5.599716
5.598669
5.596859
5.594299
5.591011
5.587018
5.582353
5.577051
5.571154
5.564705
5.557757
5.550362
5.542578
5.534464
5.526084
5.517502
5.508785
5.500000
5.491215
5.482498
5.473916
5.465536
5.457422
5.449638
5.442243
5.435295
5.428846
5.422949
5.417647
5.412982
5.408989
5.405701
5.403141
5.401331
5.400284
5.400008
5.400505
5.401771
5.403797
5.406567
5.410059
5.414248
5.419098
5.424575
5.430634
5.437231
5.444313
5.451825
5.459709
5.467906
5.476350
5.484977
5.493721
5.502513
5.511286
5.519971
5.528502
5.536812
5.544838
5.552517
5.559791
5.566601
5.572897
5.578629
5.583753
5.588229
5.592023
5.595106
5.597453
5.599046
5.599874
5.599929
5.599212
5.597727
5.595487
5.592508
5.588814
5.584433
5.579399
5.573751
5.567533
5.560793
5.553583
5.545958
5.537978
5.529704
5.521201
5.512533
5.503769
5.494976
5.486221
5.477573
5.469098
5.460863
5.452929
5.445361
5.438214
5.431545
5.425406
5.419843
5.414901
5.410616
5.407022
5.404148
5.402015
5.400639
5.400032
5.400198
5.401135
5.402837
5.405290
5.408476
5.412369
5.416940
5.422154
5.427969
5.434341
5.441222
5.448556
5.456288
5.464359
5.472705
5.481262
5.489964
5.498744
5.507533
5.516263
5.524869
5.533282
5.541438
5.549273
5.556727
5.563742
5.570265
5.576244
5.581634
5.586392
5.590483
5.593874
5.596538
5.598456
5.599613
5.600000
5.599613
5.598456
5.596538
5.593874
5.590483
5.586392
5.581634
5.576244
5.570265
5.563742
5.556727
5.549273
5.541438
5.533282
5.524869
5.516263
5.507533
5.498744
5.489964
5.481262
5.472705
5.464359
5.456288
5.448556
5.441222
5.434341
5.427969
5.422154
5.416940
5.412369
5.408476
5.405290
5.402837
5.401135
5.400198
5.400032
5.400639
5.402015
5.404148
5.407022
5.410616
5.414901
5.419843
5.425406
5.431545
5.438214
5.445361
5.452929
5.460863
5.469098
5.477573
5.486221
5.494976
5.503769
5.512533
5.521201
5.529704
5.537978
5.545958
5.553583
5.560793
5.567533
5.573751
5.579399
5.584433
5.588814
5.592508
5.595487
5.597727
5.599212
5.599929
5.599874
5.599046
5.597453
5.595106
5.592023
5.588229
5.583753
5.578629
5.572897
5.566601
5.559791
5.552517
5.544838
5.536812
5.528502
5.519971
5.511286
5.502513
5.493721
5.484977
5.476350
5.467906
5.459709
5.451825
5.444313
5.437231
5.430634
5.424575
5.419098
5.414248
5.410059
5.406567
5.403797
5.401771
5.400505
5.400008
5.400284
5.401331
5.403141
5.405701
5.408989
5.412982
5.417647
5.422949
5.428846
5.435295
5.442243
5.449638
5.457422
5.465536
5.473916
5.482498
5.491215
5.500000
5.508785
5.517502
5.526084
5.534464
5.542578
5.550362
5.557757
5.564705
5.571154
5.577051
5.582353
5.587018
5.591011
5.594299
5.596859
5.598669
5.599716
5.599992
5.599495
5.598229
5.596203
5.593433
5.589941
5.585752
5.580902
5.575425
5.569366
5.562769
5.555687
5.548175
5.540291
5.532094
5.523650
5.515023
5.506279
5.497487
5.488714
5.480029
5.471498
5.463188
5.455162
5.447483
5.440209
5.433399
5.427103
5.421371
5.416247
5.411771
5.407977
5.404894
5.402547
5.400954
5.400126
5.400071
5.400788
5.402273
5.404513
5.407492
5.411186
5.415567
5.420601
5.426249
5.432467
5.439207
5.446417
5.454042
5.462022
5.470296
5.478799
5.487467
5.496231
5.505024
5.513779
5.522427
5.530902
5.539137
5.547071
5.554639
5.561786
5.568455
5.574594
5.580157
5.585099
5.589384
5.592978
5.595852
5.597985
5.599361
5.599968
5.599802
5.598865
5.597163
5.594710
5.591524
5.587631
5.583060
5.577846
5.572031
5.565659
5.558779
5.551444
5.543712
5.535641
5.527295
5.518738
5.510036
5.501256
5.492467
5.483737
5.475131
5.466718
5.458562
5.450727
5.443273
5.436257
5.429735
5.423756
5.418366
5.413608
5.409517
5.406126
5.403462
5.401544
5.400387
5.400000
5.400387
5.401544
5.403462
5.406126
5.409517
5.413608
5.418366
5.423756
5.429735
5.436257
5.443273
5.450727
5.458562
5.466718
5.475131
5.483737
5.492467
5.501256
5.510036
5.518738
5.527295
5.535641
5.543712
5.551444
5.558779
5.565659
5.572031
5.577846
5.583060
5.587631
5.591524
5.594710
5.597163
5.598865
5.599802
5.599968
5.599361
5.597985
5.595852
5.592978
5.589384
5.585099
5.580157
5.574594
5.568455
5.561786
5.554639
5.547071
5.539137
5.530902
5.522427
5.513779
5.505024
5.496231
5.487467
5.478799
5.470296
5.462022
5.454042
5.446417
5.439207
5.432467
5.426249
5.420601
5.415567
5.411186
5.407492
5.404513
5.402273
5.400788
5.400071
5.400126
5.400954
5.402547
5.404894
5.407977
5.411771
5.416247
5.421371
5.427103
5.433399
5.440209
5.447483
5.455162
5.463188
5.471498
5.480029
5.488714
5.497487
5.506279
5.515023
5.523650
5.532094
5.540291
5.548175
5.555687
5.562769
5.569366
5.575425
5.580902
5.585752
5.589941
5.593433
5.596203
5.598229
5.599495
5.599992
5.599716
5.598669
5.596859
5.594299
5.591011
5.587018
5.582353
5.577051
5.571154
5.564705
5.557757
5.550362
5.542578
5.534464
5.526084
5.517502
5.508785
5.500000
5.491215
5.482498
5.473916
5.465536
5.457422
5.449638
5.442243
5.435295
5.428846
5.422949
5.417647
5.412982
5.408989
5.405701
5.403141
5.401331
5.400284
5.400008
5.400505
5.401771
5.403797
5.406567
5.410059
5.414248
5.419098
5.424575
5.430634
5.437231
5.444313
5.451825
5.459709
5.467906
5.476350
5.484977
5.493721
5.502513
5.511286
5.519971
5.528502
5.536812
5.544838
5.552517
5.559791
5.566601
5.572897
5.578629
5.583753
5.588229
5.592023
5.595106
5.597453
5.599046
5.599874
5.599929
5.599212
5.597727
5.595487
5.592508
5.588814
5.584433
5.579399
5.573751
5.567533
5.560793
5.553583
5.545958
5.537978
5.529704
5.521201
5.512533
5.503769
5.494976
5.486221
5.477573
5.469098
5.460863
5.452929
5.445361
5.438214
5.431545
5.425406
5.419843
5.414901
5.410616
5.407022
5.404148
5.402015
5.400639
5.400032
5.400198
5.401135
5.402837
5.405290
5.408476
5.412369
5.416940
5.422154
5.427969
5.434341
5.441221
5.448556
5.456288
5.464359
5.472705
5.481262
5.489964
5.498744
5.507533
5.516263
5.524869
5.533282
5.541438
5.549273
5.556727
5.563743
5.570265
5.576244
5.581634
5.586392
5.590483
5.593874
5.596538
5.598456
5.599613
5.600000
5.599613
5.598456
5.596538
5.593874
5.590483
5.586392
5.581634
5.576244
5.570265
5.563743
5.556727
5.549273
5.541438
5.533282
5.524869
5.516263
5.507533
5.498744
5.489964
5.481262
5.472705
5.464359
5.456288
5.448556
5.441221
5.434341
5.427969
5.422154
5.416940
5.412369
5.408476
5.405290
5.402837
5.401135
5.400198
5.400032
5.400639
5.402015
5.404148
5.407022
5.410616
5.414901
5.419843
5.425406
5.431545
5.438214
5.445361
5.452929
5.460863
5.469098
5.477573
5.486221
5.494976
5.503769
5.512533
5.521201
5.529704
5.537978
5.545958
5.553583
5.560793
5.567533
5.573751
5.579399
5.584433
5.588814
5.592508
5.595487
5.597727
5.599212
5.599929
5.599874
5.599046
5.597453
5.595106
5.592023
5.588229
5.583753
5.578629
5.572897
5.566601
5.559791
5.552517
5.544838
5.536812
5.528502
5.519971
5.511286
5.502513
5.493721
5.484977
5.476350
5.467906
5.459709
5.451825
5.444313
5.437231
5.430634
5.424575
5.419098
5.414248
5.410059
5.406567
5.403797
5.401771
5.400505
5.400008
5.400284
5.401331
5.403141
5.405701
5.408989
5.412982
5.417647
5.422949
5.428846
5.435295
5.442243
5.449638
5.457422
5.465536
5.473916
5.482498
5.491215
5.500000
5.508785
5.517502
5.526084
5.534464
5.542578
5.550362
5.557757
5.564705
5.571154
5.577051
5.582353
5.587018
5.591011
5.594299
5.596859
5.598669
5.599716
5.599992
5.599495
5.598229
5.596203
5.593433
5.589941
5.585752
5.580902
5.575425
5.569366
5.562769
5.555687
5.548175
5.540291
5.532094
5.523650
5.515023
5.506279
5.497487
5.488714
5.480029
5.471498
5.463188
5.455162
5.447483
5.440209
5.433399
5.427103
5.421371
5.416247
5.411771
5.407977
5.404894
5.402547
5.400954
5.400126
5.400071
5.400788
5.402273
5.404513
5.407492
5.411186
5.415567
5.420601
5.426249
5.432467
5.439207
5.446417
5.454042
5.462022
5.470296
5.478799
5.487467
5.496231
5.505024
5.513779
5.522427
5.530902
5.539137
5.547071
5.554639
5.561786
5.568455
5.574594
5.580157
5.585099
5.589384
5.592978
5.595852
5.597985
5.599361
5.599968
5.599802
5.598865
5.597163
5.594710
5.591524
5.587631
5.583060
5.577846
5.572031
5.565659
5.558779
5.551444
5.543712
5.535641
5.527295
5.518738
5.510036
5.501256
5.492467
5.483737
5.475131
5.466718
5.458562
5.450727
5.443273
5.436257
5.429735
5.423756
5.418366
5.413608
5.409517
5.406126
5.403462
5.401544
5.400387
5.400000
5.400387
5.401544
5.403462
5.406126
5.409517
5.413608
5.418366
5.423756
5.429735
5.436257
5.443273
5.450727
5.458562
5.466718
5.475131
5.483737
5.492467
5.501256
5.510036
5.518738
5.527295
5.535641
5.543712
5.551444
5.558779
5.565659
5.572031
5.577846
5.583060
5.587631
5.591524
5.594710
5.597163
5.598865
5.599802
5.599968
5.599361
5.597985
5.595852
5.592978
5.589384
5.585099
5.580157
5.574594
5.568455
5.561786
5.554639
5.547071
5.539137
5.530902
5.522427
5.513779
5.505024
5.496231
5.487467
5.478799
5.470296
5.462022
5.454042
5.446417
5.439207
5.432467
5.426249
5.420601
5.415567
5.411186
5.407492
5.404513
5.402273
5.400788
5.400071
5.400126
5.400954
5.402547
5.404894
5.407977
5.411771
5.416247
5.421371
5.427103
5.433399
5.440209
5.447483
5.455162
5.463188
5.471498
5.480029
5.488714
5.497487
5.506279
5.515023
5.523650
5.532094
5.540291
5.548175
5.555687
5.562769
5.569366
5.575425
5.580902
5.585752
5.589941
5.593433
5.596203
5.598229
5.599495
5.599992
5.599716
5.598669
5.596859
5.594299
5.591011
5.587018
5.582353
5.577051
5.571154
5.564705
5.557757
5.550362
5.542578
5.534464
5.526084
5.517502
5.508785
5.500000
5.491215
5.482498
5.473916
5.465536
5.457422
5.449638
5.442243
5.435295
5.428846
5.422949
5.417647
5.412982
5.408989
5.405701
5.403141
5.401331
5.400284
5.400008
5.400505
5.401771
5.403797
5.406567
5.410059
5.414248
5.419098
5.424575
5.430634
5.437231
5.444313
5.451825
5.459709
5.467906
5.476350
5.484977
5.493721
5.502513
5.511286
5.519971
5.528502
5.536812
5.544838
5.552517
5.559791
5.566601
5.572897
5.578629
5.583753
5.588229
5.592023
5.595106
5.597453
5.599046
5.599874
5.599929
5.599212
5.597727
5.595487
5.592508
5.588814
5.584433
5.579399
5.573751
5.567533
5.560793
5.553583
5.545958
5.537978
5.529704
5.521201
5.512533
5.503769
5.494976
5.486221
5.477573
5.469098
5.460863
5.452929
5.445361
5.438214
5.431545
5.425406
5.419843
5.414901
5.410616
5.407022
5.404148
5.402015
5.400639
5.400032
5.400198
5.401135
5.402837
5.405290
5.408476
5.412369
5.416940
5.422154
5.427969
5.434341
5.441221
5.448556
5.456288
5.464359
5.472705
5.481262
5.489964
5.498744
5.507533
5.516263
5.524869
5.533282
5.541438
5.549273
5.556727
5.563743
5.570265
5.576244
5.581634
5.586392
5.590483
5.593874
5.596538
5.598456
5.599613
5.600000
5.599613
5.598456
5.596538
5.593874
5.590483
5.586392
5.581634
5.576244
5.570265
5.563743
5.556727
5.549273
5.541438
5.533282
5.524869
5.516263
5.507533
5.498744
5.489964
5.481262
5.472705
5.464359
5.456288
5.448556
5.441221
5.434341
5.427969
5.422154
5.416940
5.412369
5.408476
5.405290
5.402837
5.401135
5.400198
5.400032
5.400639
5.402015
5.404148
5.407022
5.410616
5.414901
5.419843
5.425406
5.431545
5.438214
5.445361
5.452929
5.460863
5.469098
5.477573
5.486221
5.494976
5.503769
5.512533
5.521201
5.529704
5.537978
5.545958
5.553583
5.560793
5.567533
5.573751
5.579399
5.584433
5.588814
5.592508
5.595487
5.597727
5.599212
5.599929
5.599874
5.599046
5.597453
5.595106
5.592023
5.588229
5.583753
5.578629
5.572897
5.566601
5.559791
5.552517
5.544838
5.536812
5.528502
5.519971
5.511286
5.502513
5.493721
5.484977
5.476350
5.467906
5.459709
5.451825
5.444313
5.437231
5.430634
5.424575
5.419098
5.414248
5.410059
5.406567
5.403797
5.401771
5.400505
5.400008
5.400284
5.401331
5.403141
5.405701
5.408989
5.412982
5.417647
5.422949
5.428846
5.435295
5.442243
5.449638
5.457422
5.465536
5.473916
5.482498
5.491215
5.500000
5.508785
5.517502
5.526084
5.534464
5.542578
5.550362
5.557757
5.564705
5.571154
5.577051
5.582353
5.587018
5.591011
5.594299
5.596859
5.598669
5.599716
5.599992
5.599495
5.598229
5.596203
5.593433
5.589941
5.585752
5.580902
5.575425
5.569366
5.562769
5.555687
5.548175
5.540291
5.532094
5.523650
5.515023
5.506279
5.497487
5.488714
5.480029
5.471498
5.463188
5.455162
5.447483
5.440209
5.433399
5.427103
5.421371
5.416247
5.411771
5.407977
5.404894
5.402547
5.400954
5.400126
5.400071
5.400788
5.402273
5.404513
5.407492
5.411186
5.415567
5.420601
5.426249
5.432467
5.439207
5.446417
5.454042
5.462022
5.470296
5.478799
5.487467
5.496231
5.505024
5.513779
5.522427
5.530902
5.539137
5.547071
5.554639
5.561786
5.568455
5.574594
5.580157
5.585099
5.589384
5.592978
5.595852
5.597985
5.599361
5.599968
5.599802
5.598865
5.597163
5.594710
5.591524
5.587631
5.583060
5.577846
5.572031
5.565659
5.558779
5.551444
5.543712
5.535641
5.527295
5.518738
5.510036
5.501256
5.492467
5.483737
5.475131
5.466718
5.458562
5.450727
5.443273
5.436257
5.429735
5.423756
5.418366
5.413608
5.409517
5.406126
5.403462
5.401544
5.400387
5.400000
5.400387
5.401544
5.403462
5.406126
5.409517
5.413608
5.418366
5.423756
5.429735
5.436257
5.443273
5.450727
5.458562
5.466718
5.475131
5.483737
5.492467
5.501256
5.510036
5.518738
5.527295
5.535641
5.543712
5.551444
5.558779
5.565659
5.572031
5.577846
5.583060
5.587631
5.591524
5.594710
5.597163
5.598865
5.599802
5.599968
5.599361
5.597985
5.595852
5.592978
5.589384
5.585099
5.580157
5.574594
5.568455
5.561786
5.554639
5.547071
5.539137
5.530902
5.522427
5.513779
5.505024
5.496231
5.487467
5.478799
5.470296
5.462022
5.454042
5.446417
5.439207
5.432467
5.426249
5.420601
5.415567
5.411186
5.407492
5.404513
5.402273
5.400788
5.400071
5.400126
5.400954
5.402547
5.404894
5.407977
5.411771
5.416247
5.421371
5.427103
5.433399
5.440209
5.447483
5.455162
5.463188
5.471498
5.480029
5.488714
5.497487
5.506279
5.515023
5.523650
5.532094
5.540291
5.548175
5.555687
5.562769
5.569366
5.575425
5.580902
5.585752
5.589941
5.593433
5.596203
5.598229
5.599495
5.599992
5.599716
5.598669
5.596859
5.594299
5.591011
5.587018
5.582353
5.577051
5.571154
5.564705
5.557757
5.550362
5.542578
5.534464
5.526084
5.517502
5.508785
5.500000
5.491215
5.482498
5.473916
5.465536
5.457422
5.449638
5.442243
5.435295
5.428846
5.422949
5.417647
5.412982
5.408989
5.405701
5.403141
5.401331
5.400284
5.400008
5.400505
5.401771
5.403797
5.406567
5.410059
5.414248
5.419098
5.424575
5.430634
5.437231
5.444313
5.451825
5.459709
5.467906
5.476350
5.484977
5.493721
5.502513
5.511286
5.519971
5.528502
5.536812
5.544838
5.552517
5.559791
5.566601
5.572897
5.578629
5.583753
5.588229
5.592023
5.595106
5.597453
5.599046
5.599874
5.599929
5.599212
5.597727
5.595487
5.592508
5.588814
5.584433
5.579399
5.573751
5.567533
5.560793
5.553583
5.545958
5.537978
5.529704
5.521201
5.512533
5.503769
5.494976
5.486221
5.477573
5.469098
5.460863
5.452929
5.445361
5.438214
5.431545
5.425406
5.419843
5.414901
5.410616
5.407022
5.404148
5.402015
5.400639
5.400032
5.400198
5.401135
5.402837
5.405290
5.408476
5.412369
5.416940
5.422154
5.427969
5.434341
5.441221
5.448556
5.456288
5.464359
5.472705
5.481262
5.489964
5.498744
5.507533
5.516263
5.524869
5.533282
5.541438
5.549273
5.556727
5.563743
5.570265
5.576244
5.581634
5.586392
5.590483
5.593874
5.596538
5.598456
5.599613
5.600000
5.599613
5.598456
5.596538
5.593874
5.590483
5.586392
5.581634
5.576244
5.570265
5.563743
5.556727
5.549273
5.541438
5.533282
5.524869
5.516263
5.507533
5.498744
5.489964
5.481262
5.472705
5.464359
5.456288
5.448556
5.441221
5.434341
5.427969
5.422154
5.416940
5.412369
5.408476
5.405290
5.402837
5.401135
5.400198
5.400032
5.400639
5.402015
5.404148
5.407022
5.410616
5.414901
5.419843
5.425406
5.431545
5.438214
5.445361
5.452929
5.460863
5.469098
5.477573
5.486221
5.494976
5.503769
5.512533
5.521201
5.529704
5.537978
5.545958
5.553583
5.560793
5.567533
5.573751
5.579399
5.584433
5.588814
5.592508
5.595487
5.597727
5.599212
5.599929
5.599874
5.599046
5.597453
5.595106
5.592023
5.588229
5.583753
5.578629
5.572897
5.566601
5.559791
5.552517
5.544838
5.536812
5.528502
5.519971
5.511286
5.502513
5.493721
5.484977
5.476350
5.467906
5.459709
5.451825
5.444313
5.437231
5.430634
5.424575
5.419098
5.414248
5.410059
5.406567
5.403797
5.401771
5.400505
5.400008
5.400284
5.401331
5.403141
5.405701
5.408989
5.412982
5.417647
5.422949
5.428846
5.435295
5.442243
5.449638
5.457422
5.465536
5.473916
5.482498
5.491215
5.500000
5.508785
5.517502
5.526084
5.534464
5.542578
5.550362
5.557757
5.564705
5.571154
5.577051
5.582353
5.587018
5.591011
5.594299
5.596859
5.598669
5.599716
5.599992
5.599495
5.598229
5.596203
5.593433
5.589941
5.585752
5.580902
5.575425
5.569366
5.562769
5.555687
5.548175
5.540291
5.532094
5.523650
5.515023
5.506279
5.497487
5.488714
5.480029
5.471498
5.463188
5.455162
5.447483
5.440209
5.433399
5.427103
5.421371
5.416247
5.411771
5.407977
5.404894
5.402547
5.400954
5.400126
5.400071
5.400788
5.402273
5.404513
5.407492
5.411186
5.415567
5.420601
5.426249
5.432467
5.439207
5.446417
5.454042
5.462022
5.470296
5.478799
5.487467
5.496231
5.505024
5.513779
5.522427
5.530902
5.539137
5.547071
5.554639
5.561786
5.568455
5.574594
5.580157
5.585099
5.589384
5.592978
5.595852
5.597985
5.599361
5.599968
5.599802
5.598865
5.597163
5.594710
5.591524
5.587631
5.583060
5.577846
5.572031
5.565659
5.558779
5.551444
5.543712
5.535641
5.527295
5.518738
5.510036
5.501256
5.492467
5.483737
5.475131
5.466718
5.458562
5.450727
5.443273
5.436257
5.429735
5.423756
5.418366
5.413608
5.409517
5.406126
5.403462
5.401544
5.400387
5.400000
5.400387
5.401544
5.403462
5.406126
5.409517
5.413608
5.418366
5.423756
5.429735
5.436257
5.443273
5.450727
5.458562
5.466718
5.475131
5.483737
5.492467
5.501256
5.510036
5.518738
5.527295
5.535641
5.543712
5.551444
5.558779
5.565659
5.572031
5.577846
5.583060
5.587631
5.591524
5.594710
5.597163
5.598865
5.599802
5.599968
5.599361
5.597985
5.595852
5.592978
5.589384
5.585099
5.580157
5.574594
5.568455
5.561786
5.554639
5.547071
5.539137
5.530902
5.522427
5.513779
5.505024
5.496231
5.487467
5.478799
5.470296
5.462022
5.454042
5.446417
5.439207
5.432467
5.426249
5.420601
5.415567
5.411186
5.407492
5.404513
5.402273
5.400788
5.400071
5.400126
5.400954
5.402547
5.404894
5.407977
5.411771
5.416247
5.421371
5.427103
5.433399
5.440209
5.447483
5.455162
5.463188
5.471498
5.480029
5.488714
5.497487
5.506279
5.515023
5.523650
5.532094
5.540291
5.548175
5.555687
5.562769
5.569366
5.575425
5.580902
5.585752
5.589941
5.593433
5.596203
5.598229
5.599495
5.599992
5.599716
5.598669
5.596859
5.594299
5.591011
5.587018
5.582353
5.577051
5.571154
5.564705
5.557757
5.550362
5.542578
5.534464
5.526084
5.517502
5.508785
5.500000
5.491215
5.482498
5.473916
5.465536
5.457422
5.449638
5.442243
5.435295
5.428846
5.422949
5.417647
5.412982
5.408989
5.405701
5.403141
5.401331
5.400284
5.400008
5.400505
5.401771
5.403797
5.406567
5.410059
5.414248
5.419098
5.424575
5.430634
5.437231
5.444313
5.451825
5.459709
5.467906
5.476350
5.484977
5.493721
5.502513
5.511286
5.519971
5.528502
5.536812
5.544838
5.552517
5.559791
5.566601
5.572897
5.578629
5.583753
5.588229
5.592023
5.595106
5.597453
5.599046
5.599874
5.599929
5.599212
5.597727
5.595487
5.592508
5.588814
5.584433
5.579399
5.573751
5.567533
5.560793
5.553583
5.545958
5.537978
5.529704
5.521201
5.512533
5.503769
5.494976
5.486221
5.477573
5.469098
5.460863
5.452929
5.445361
5.438214
5.431545
5.425406
5.419843
5.414901
5.410616
5.407022
5.404148
5.402015
5.400639
5.400032
5.400198
5.401135
5.402837
5.405290
5.408476
5.412369
5.416940
5.422154
5.427969
5.434341
5.441221
5.448556
5.456288
5.464359
5.472705
5.481262
5.489964
5.498744
5.507533
5.516263
5.524869
5.533282
5.541438
5.549273
5.556727
5.563743
5.570265
5.576244
5.581634
5.586392
5.590483
5.593874
5.596538
5.598456
5.599613
5.600000
5.599613
5.598456
5.596538
5.593874
5.590483
5.586392
5.581634
5.576244
5.570265
5.563743
5.556727
5.549273
5.541438
5.533282
5.524869
5.516263
5.507533
5.498744
5.489964
5.481262
5.472705
5.464359
5.456288
5.448556
5.441221
5.434341
5.427969
5.422154
5.416940
5.412369
5.408476
5.405290
5.402837
5.401135
5.400198
5.400032
5.400639
5.402015
5.404148
5.407022
5.410616
5.414901
5.419843
5.425406
5.431545
5.438214
5.445361
5.452929
5.460863
5.469098
5.477573
5.486221
5.494976
5.503769
5.512533
5.521201
5.529704
5.537978
5.545958
5.553583
5.560793
5.567533
5.573751
5.579399
5.584433
5.588814
5.592508
5.595487
5.597727
5.599212
5.599929
5.599874
5.599046
5.597453
5.595106
5.592023
5.588229
5.583753
5.578629
5.572897
5.566601
5.559791
5.552517
5.544838
5.536812
5.528502
5.519971
5.511286
5.502513
5.493721
5.484977
5.476350
5.467906
5.459709
5.451825
5.444313
5.437231
5.430634
5.424575
5.419098
5.414248
5.410059
5.406567
5.403797
5.401771
5.400505
5.400008
5.400284
5.401331
5.403141
5.405701
5.408989
5.412982
5.417647
5.422949
5.428846
5.435295
5.442243
5.449638
5.457422
5.465536
5.473916
5.482498
5.491215
5.500000
5.508785
5.517502
5.526084
5.534464
5.542578
5.550362
5.557757
5.564705
5.571154
5.577051
5.582353
5.587018
5.591011
5.594299
5.596859
5.598669
5.599716
5.599992
5.599495
5.598229
5.596203
5.593433
5.589941
5.585752
5.580902
5.575425
5.569366
5.562769
5.555687
5.548175
5.540291
5.532094
5.523650
5.515023
5.506279
5.497487
5.488714
5.480029
5.471498
5.463188
5.455162
5.447483
5.440209
5.433399
5.427103
5.421371
5.416247
5.411771
5.407977
5.404894
5.402547
5.400954
5.400126
5.400071
5.400788
5.402273
5.404513
5.407492
5.411186
5.415567
5.420601
5.426249
5.432467
5.439207
5.446417
5.454042
5.462022
5.470296
5.478799
5.487467
5.496231
5.505024
5.513779
5.522427
5.530902
5.539137
5.547071
5.554639
5.561786
5.568455
5.574594
5.580157
5.585099
5.589384
5.592978
5.595852
5.597985
5.599361
5.599968
5.599802
5.598865
5.597163
5.594710
5.591524
5.587631
5.583060
5.577846
5.572031
5.565659
5.558778
5.551444
5.543712
5.535641
5.527295
5.518738
5.510036
5.501256
5.492467
5.483737
5.475131
5.466718
5.458562
5.450727
5.443273
5.436258
5.429735
5.423756
5.418366
5.413608
5.409517
5.406126
5.403462
5.401544
5.400387
5.400000
5.400387
5.401544
5.403462
5.406126
5.409517
5.413608
5.418366
5.423756
5.429735
5.436258
5.443273
5.450727
5.458562
5.466718
5.475131
5.483737
5.492467
5.501256
5.510036
5.518738
5.527295
5.535641
5.543712
5.551444
5.558778
5.565659
5.572031
5.577846
5.583059
5.587631
5.591524
5.594710
5.597163
5.598865
5.599802
5.599968
5.599361
5.597985
5.595852
5.592978
5.589384
5.585099
5.580156
5.574594
5.568454
5.561786
5.554639
5.547070
5.539137
5.530901
5.522427
5.513779
5.505024
5.496231
5.487467
5.478799
5.470296
5.462022
5.454042
5.446418
5.439208
5.432468
5.426250
5.420602
5.415569
5.411189
5.407495
5.404516
5.402276
5.400792
5.400075
5.400130
5.400958
5.402552
5.404900
5.407982
5.411777
5.416253
5.421377
5.427109
5.433405
5.440216
5.447488
5.455167
5.463192
5.471502
5.480032
5.488716
5.497488
5.506278
5.515019
5.523644
5.532085
5.540278
5.548159
5.555667
5.562744
5.569335
5.575388
5.580859
5.585702
5.589883
5.593367
5.596128
5.598146
5.599403
5.599891
5.599605
5.598548
5.596729
5.594161
5.590865
5.586865
5.582194
5.576889
5.570989
5.564541
5.557597
5.550209
5.542436
5.534338
5.525980
5.517426
5.508743
5.500000
5.491266
5.482609
5.474097
5.465798
5.457777
5.450098
5.442820
5.436003
5.429700
5.423961
5.418831
5.414351
5.410558
5.407479
5.405140
5.403559
5.402747
5.402709
5.403443
5.404943
5.407191
5.410169
5.413846
5.418189
5.423157
5.428703
5.434775
5.441315
5.448259
5.455543
5.463093
5.470837
5.478697
5.486597
5.494455
5.502194
5.509737
5.517004
5.523926
5.530432
5.536459
5.541949
5.546851
5.551122
5.554730
5.557651
5.559870
5.561385
5.562203
5.562342
5.561830
5.560705
5.559013
5.556809
5.554152
5.551107
5.547743
5.544130
5.540337
5.536433
5.532484
5.528549
5.524686
5.520943
5.517364
5.513983
5.510829
5.507925
5.505283
5.502913
5.500816
5.498989
5.497425
5.496113
5.495039
5.494187
5.493538
5.493074
5.492775
5.492623
5.492597
5.492680
5.492853
5.493102
5.493410
5.493764
5.494152
5.494562
5.494985
5.495412
5.495838
5.496255
5.496658
5.497046
5.497412
5.497756
5.498077
5.498374
5.498645
5.498891
5.499114
5.499312
5.499487
5.499641
5.499775
5.499890
5.499988
