5.500000
5.500089
5.500195
5.500319
5.500462
5.500625
5.500811
5.501020
5.501255
5.501514
5.501800
5.502113
5.502453
5.502819
5.503211
5.503627
5.504064
5.504520
5.504992
5.505473
5.505957
5.506438
5.506907
5.507355
5.507769
5.508137
5.508446
5.508678
5.508819
5.508850
5.508751
5.508502
5.508085
5.507478
5.506660
5.505615
5.504322
5.502768
5.500939
5.498827
5.496426
5.493737
5.490764
5.487520
5.484022
5.480295
5.476370
5.472286
5.468087
5.463823
5.459549
5.455325
5.451212
5.447275
5.443579
5.440186
5.437159
5.434555
5.432426
5.430822
5.429782
5.429339
5.429521
5.430343
5.431814
5.433937
5.436701
5.440094
5.444091
5.448663
5.453773
5.459381
5.465439
5.471896
5.478697
5.485785
5.493100
5.500580
5.508162
5.515785
5.523385
5.530900
5.538270
5.545434
5.552339
5.558928
5.565151
5.570958
5.576307
5.581155
5.585466
5.589209
5.592353
5.594877
5.596760
5.597989
5.598554
5.598451
5.597680
5.596244
5.594154
5.591425
5.588073
5.584123
5.579600
5.574535
5.568964
5.562923
5.556454
5.549600
5.542407
5.534925
5.527204
5.519296
5.511254
5.503133
5.494987
5.486871
5.478840
5.470948
5.463247
5.455789
5.448625
5.441802
5.435366
5.429361
5.423826
5.418799
5.414313
5.410399
5.407082
5.404385
5.402325
5.400918
5.400171
5.400090
5.400676
5.401924
5.403827
5.406371
5.409541
5.413313
5.417664
5.422565
5.427982
5.433879
5.440218
5.446956
5.454048
5.461446
5.469101
5.476963
5.484979
5.493094
5.501256
5.509410
5.517501
5.525476
5.533280
5.540863
5.548173
5.555162
5.561784
5.567993
5.573749
5.579013
5.583751
5.587930
5.591522
5.594505
5.596857
5.598563
5.599612
5.599997
5.599715
5.598768
5.597162
5.594909
5.592022
5.588522
5.584432
5.579779
5.574594
5.568911
5.562769
5.556208
5.549273
5.542008
5.534464
5.526690
5.518738
5.510661
5.502513
5.494348
5.486221
5.478186
5.470296
5.462604
5.455162
5.448019
5.441222
5.434817
5.428846
5.423351
5.418366
5.413926
5.410059
5.406793
5.404148
5.402142
5.400789
5.400097
5.400071
5.400712
5.402015
5.403971
5.406567
5.409787
5.413608
5.418005
5.422949
5.428406
5.434341
5.440714
5.447483
5.454601
5.462022
5.469697
5.477573
5.485599
5.493721
5.501885
5.510036
5.518121
5.526084
5.533874
5.541438
5.548725
5.555687
5.562279
5.568455
5.574174
5.579399
5.584095
5.588229
5.591775
5.594710
5.597013
5.598669
5.599667
5.600000
5.599667
5.598669
5.597013
5.594710
5.591775
5.588229
5.584095
5.579399
5.574174
5.568455
5.562279
5.555687
5.548725
5.541438
5.533874
5.526084
5.518121
5.510036
5.501885
5.493721
5.485599
5.477573
5.469697
5.462022
5.454601
5.447483
5.440714
5.434341
5.428406
5.422949
5.418005
5.413608
5.409787
5.406567
5.403971
5.402015
5.400712
5.400071
5.400097
5.400788
5.402142
5.404148
5.406793
5.410059
5.413926
5.418366
5.423351
5.428846
5.434817
5.441222
5.448018
5.455162
5.462604
5.470296
5.478186
5.486221
5.494348
5.502513
5.510661
5.518738
5.526690
5.534464
5.542008
5.549273
5.556208
5.562769
5.568912
5.574594
5.579780
5.584433
5.588523
5.592023
5.594910
5.597163
5.598769
5.599716
5.599998
5.599613
5.598565
5.596859
5.594506
5.591524
5.587932
5.583753
5.579016
5.573751
5.567996
5.561786
5.555165
5.548175
5.540865
5.533282
5.525477
5.517502
5.509411
5.501256
5.493094
5.484977
5.476961
5.469098
5.461442
5.454042
5.446949
5.440209
5.433869
5.427969
5.422550
5.417647
5.413293
5.409517
5.406345
5.403797
5.401891
5.400639
5.400049
5.400126
5.400869
5.402273
5.404329
5.407022
5.410336
5.414248
5.418731
5.423756
5.429289
5.435295
5.441731
5.448556
5.455724
5.463188
5.470896
5.478799
5.486844
5.494976
5.503141
5.511286
5.519355
5.527295
5.535053
5.542578
5.549819
5.556727
5.563257
5.569366
5.575011
5.580157
5.584768
5.588814
5.592267
5.595106
5.597310
5.598865
5.599761
5.599992
5.599556
5.598456
5.596700
5.594299
5.591269
5.587631
5.583408
5.578629
5.573326
5.567533
5.561291
5.554639
5.547624
5.540291
5.532689
5.524869
5.516883
5.508785
5.500628
5.492467
5.484356
5.476350
5.468502
5.460863
5.453485
5.446417
5.439707
5.433399
5.427535
5.422154
5.417292
5.412982
5.409252
5.406126
5.403627
5.401771
5.400570
5.400032
5.400160
5.400954
5.402408
5.404513
5.407256
5.410616
5.414572
5.419098
5.424164
5.429735
5.435775
5.442243
5.449096
5.456288
5.463772
5.471498
5.479414
5.487467
5.495603
5.503769
5.511909
5.519971
5.527899
5.535641
5.543146
5.550362
5.557243
5.563743
5.569817
5.575425
5.580531
5.585099
5.589101
5.592508
5.595298
5.597453
5.598958
5.599802
5.599982
5.599495
5.598344
5.596538
5.594088
5.591011
5.587326
5.583060
5.578239
5.572897
5.567069
5.560793
5.554112
5.547071
5.539715
5.532094
5.524260
5.516263
5.508159
5.500000
5.491841
5.483737
5.475740
5.467906
5.460285
5.452929
5.445888
5.439207
5.432931
5.427103
5.421761
5.416940
5.412674
5.408989
5.405912
5.403462
5.401656
5.400505
5.400018
5.400198
5.401042
5.402547
5.404702
5.407492
5.410899
5.414901
5.419469
5.424575
5.430183
5.436257
5.442757
5.449638
5.456854
5.464359
5.472101
5.480029
5.488091
5.496231
5.504397
5.512533
5.520586
5.528502
5.536228
5.543712
5.550904
5.557757
5.564225
5.570265
5.575836
5.580902
5.585428
5.589384
5.592744
5.595487
5.597592
5.599046
5.599840
5.599968
5.599430
5.598229
5.596373
5.593874
5.590748
5.587018
5.582708
5.577846
5.572465
5.566601
5.560293
5.553583
5.546515
5.539137
5.531498
5.523650
5.515644
5.507533
5.499372
5.491215
5.483117
5.475131
5.467311
5.459709
5.452376
5.445361
5.438709
5.432467
5.426674
5.421371
5.416592
5.412369
5.408731
5.405701
5.403300
5.401544
5.400444
5.400008
5.400239
5.401135
5.402690
5.404894
5.407733
5.411186
5.415232
5.419843
5.424989
5.430634
5.436743
5.443273
5.450181
5.457422
5.464947
5.472705
5.480645
5.488714
5.496859
5.505024
5.513156
5.521201
5.529104
5.536812
5.544276
5.551444
5.558269
5.564705
5.570711
5.576244
5.581269
5.585752
5.589664
5.592978
5.595671
5.597727
5.599131
5.599874
5.599951
5.599361
5.598109
5.596203
5.593655
5.590483
5.586707
5.582353
5.577450
5.572031
5.566131
5.559791
5.553051
5.545958
5.538558
5.530902
5.523039
5.515023
5.506906
5.498744
5.490589
5.482498
5.474523
5.466718
5.459135
5.451825
5.444835
5.438214
5.432004
5.426249
5.420984
5.416247
5.412068
5.408476
5.405494
5.403141
5.401435
5.400387
5.400002
5.400284
5.401231
5.402837
5.405090
5.407977
5.411477
5.415567
5.420220
5.425406
5.431088
5.437231
5.443792
5.450727
5.457992
5.465536
5.473310
5.481262
5.489339
5.497487
5.505652
5.513779
5.521814
5.529704
5.537396
5.544838
5.551982
5.558779
5.565183
5.571154
5.576649
5.581634
5.586074
5.589941
5.593207
5.595852
5.597858
5.599212
5.599903
5.599929
5.599288
5.597985
5.596029
5.593433
5.590213
5.586392
5.581995
5.577051
5.571594
5.565659
5.559286
5.552517
5.545399
5.537978
5.530303
5.522427
5.514401
5.506279
5.498115
5.489964
5.481879
5.473916
5.466126
5.458562
5.451275
5.444313
5.437721
5.431545
5.425826
5.420601
5.415905
5.411771
5.408225
5.405290
5.402987
5.401331
5.400333
5.400000
5.400333
5.401331
5.402987
5.405290
5.408225
5.411771
5.415905
5.420601
5.425826
5.431545
5.437721
5.444313
5.451275
5.458562
5.466126
5.473916
5.481879
5.489964
5.498115
5.506279
5.514401
5.522427
5.530303
5.537978
5.545399
5.552517
5.559286
5.565659
5.571594
5.577051
5.581995
5.586392
5.590213
5.593433
5.596029
5.597985
5.599288
5.599929
5.599903
5.599212
5.597858
5.595852
5.593207
5.589941
5.586074
5.581634
5.576649
5.571154
5.565183
5.558779
5.551982
5.544838
5.537396
5.529704
5.521814
5.513779
5.505652
5.497487
5.489339
5.481262
5.473310
5.465536
5.457992
5.450727
5.443792
5.437231
5.431088
5.425406
5.420220
5.415567
5.411477
5.407977
5.405090
5.402837
5.401231
5.400284
5.400002
5.400387
5.401435
5.403141
5.405494
5.408476
5.412068
5.416247
5.420984
5.426249
5.432004
5.438214
5.444835
5.451825
5.459135
5.466718
5.474523
5.482498
5.490589
5.498744
5.506906
5.515023
5.523039
5.530902
5.538558
5.545958
5.553051
5.559791
5.566131
5.572031
5.577450
5.582353
5.586707
5.590483
5.593655
5.596203
5.598109
5.599361
5.599951
5.599874
5.599131
5.597727
5.595671
5.592978
5.589664
5.585752
5.581269
5.576244
5.570711
5.564705
5.558269
5.551444
5.544276
5.536812
5.529104
5.521201
5.513156
5.505024
5.496859
5.488714
5.480645
5.472705
5.464947
5.457422
5.450181
5.443273
5.436743
5.430634
5.424989
5.419843
5.415232
5.411186
5.407733
5.404894
5.402690
5.401135
5.400239
5.400008
5.400444
5.401544
5.403300
5.405701
5.408731
5.412369
5.416592
5.421371
5.426674
5.432467
5.438709
5.445361
5.452376
5.459709
5.467311
5.475131
5.483117
5.491215
5.499372
5.507533
5.515644
5.523650
5.531498
5.539137
5.546515
5.553583
5.560293
5.566601
5.572465
5.577846
5.582708
5.587018
5.590748
5.593874
5.596373
5.598229
5.599430
5.599968
5.599840
5.599046
5.597592
5.595487
5.592744
5.589384
5.585428
5.580902
5.575836
5.570265
5.564225
5.557757
5.550904
5.543712
5.536228
5.528502
5.520586
5.512533
5.504397
5.496231
5.488091
5.480029
5.472101
5.464359
5.456854
5.449638
5.442757
5.436257
5.430183
5.424575
5.419469
5.414901
5.410899
5.407492
5.404702
5.402547
5.401042
5.400198
5.400018
5.400505
5.401656
5.403462
5.405912
5.408989
5.412674
5.416940
5.421761
5.427103
5.432931
5.439207
5.445888
5.452929
5.460285
5.467906
5.475740
5.483737
5.491841
5.500000
5.508159
5.516263
5.524260
5.532094
5.539715
5.547071
5.554112
5.560793
5.567069
5.572897
5.578239
5.583060
5.587326
5.591011
5.594088
5.596538
5.598344
5.599495
5.599982
5.599802
5.598958
5.597453
5.595298
5.592508
5.589101
5.585099
5.580531
5.575425
5.569817
5.563743
5.557243
5.550362
5.543146
5.535641
5.527899
5.519971
5.511909
5.503769
5.495603
5.487467
5.479414
5.471498
5.463772
5.456288
5.449096
5.442243
5.435775
5.429735
5.424164
5.419098
5.414572
5.410616
5.407256
5.404513
5.402408
5.400954
5.400160
5.400032
5.400570
5.401771
5.403627
5.406126
5.409252
5.412982
5.417292
5.422154
5.427535
5.433399
5.439707
5.446417
5.453485
5.460863
5.468502
5.476350
5.484356
5.492467
5.500628
5.508785
5.516883
5.524869
5.532689
5.540291
5.547624
5.554639
5.561291
5.567533
5.573326
5.578629
5.583408
5.587631
5.591269
5.594299
5.596700
5.598456
5.599556
5.599992
5.599761
5.598865
5.597310
5.595106
5.592267
5.588814
5.584768
5.580157
5.575011
5.569366
5.563257
5.556727
5.549819
5.542578
5.535053
5.527295
5.519355
5.511286
5.503141
5.494976
5.486844
5.478799
5.470896
5.463188
5.455724
5.448556
5.441731
5.435295
5.429289
5.423756
5.418731
5.414248
5.410336
5.407022
5.404329
5.402273
5.400869
5.400126
5.400049
5.400639
5.401891
5.403797
5.406345
5.409517
5.413293
5.417647
5.422550
5.427969
5.433869
5.440209
5.446949
5.454042
5.461442
5.469098
5.476961
5.484977
5.493094
5.501256
5.509411
5.517502
5.525477
5.533282
5.540865
5.548175
5.555165
5.561786
5.567996
5.573751
5.579016
5.583753
5.587932
5.591524
5.594506
5.596859
5.598565
5.599613
5.599998
5.599716
5.598769
5.597163
5.594910
5.592023
5.588523
5.584433
5.579780
5.574594
5.568912
5.562769
5.556208
5.549273
5.542008
5.534464
5.526690
5.518738
5.510661
5.502513
5.494348
5.486221
5.478186
5.470296
5.462604
5.455162
5.448018
5.441221
5.434817
5.428846
5.423351
5.418366
5.413926
5.410059
5.406793
5.404148
5.402142
5.400788
5.400097
5.400071
5.400712
5.402015
5.403971
5.406567
5.409787
5.413608
5.418005
5.422949
5.428406
5.434341
5.440714
5.447483
5.454601
5.462022
5.469697
5.477573
5.485599
5.493721
5.501885
5.510036
5.518121
5.526084
5.533874
5.541438
5.548725
5.555687
5.562279
5.568455
5.574174
5.579399
5.584095
5.588229
5.591775
5.594710
5.597013
5.598669
5.599667
5.600000
5.599667
5.598669
5.597013
5.594710
5.591775
5.588229
5.584095
5.579399
5.574174
5.568455
5.562279
5.555687
5.548725
5.541438
5.533874
5.526084
5.518121
5.510036
5.501885
5.493721
5.485599
5.477573
5.469697
5.462022
5.454601
5.447483
5.440714
5.434341
5.428406
5.422949
5.418005
5.413608
5.409787
5.406567
5.403971
5.402015
5.400712
5.400071
5.400097
5.400788
5.402142
5.404148
5.406793
5.410059
5.413926
5.418366
5.423351
5.428846
5.434817
5.441221
5.448018
5.455162
5.462604
5.470296
5.478186
5.486221
5.494348
5.502513
5.510661
5.518738
5.526690
5.534464
5.542008
5.549273
5.556208
5.562769
5.568912
5.574594
5.579780
5.584433
5.588523
5.592023
5.594910
5.597163
5.598769
5.599716
5.599998
5.599613
5.598565
5.596859
5.594506
5.591524
5.587932
5.583753
5.579016
5.573751
5.567996
5.561786
5.555165
5.548175
5.540865
5.533282
5.525477
5.517502
5.509411
5.501256
5.493094
5.484977
5.476961
5.469098
5.461442
5.454042
5.446949
5.440209
5.433869
5.427969
5.422550
5.417647
5.413293
5.409517
5.406345
5.403797
5.401891
5.400639
5.400049
5.400126
5.400869
5.402273
5.404329
5.407022
5.410336
5.414248
5.418731
5.423756
5.429289
5.435295
5.441731
5.448556
5.455724
5.463188
5.470896
5.478799
5.486844
5.494976
5.503141
5.511286
5.519355
5.527295
5.535053
5.542578
5.549819
5.556727
5.563257
5.569366
5.575011
5.580157
5.584768
5.588814
5.592267
5.595106
5.597310
5.598865
5.599761
5.599992
5.599556
5.598456
5.596700
5.594299
5.591269
5.587631
5.583408
5.578629
5.573326
5.567533
5.561291
5.554639
5.547624
5.540291
5.532689
5.524869
5.516883
5.508785
5.500628
5.492467
5.484356
5.476350
5.468502
5.460863
5.453485
5.446417
5.439707
5.433399
5.427535
5.422154
5.417292
5.412982
5.409252
5.406126
5.403627
5.401771
5.400570
5.400032
5.400160
5.400954
5.402408
5.404513
5.407256
5.410616
5.414572
5.419098
5.424164
5.429735
5.435775
5.442243
5.449096
5.456288
5.463772
5.471498
5.479414
5.487467
5.495603
5.503769
5.511909
5.519971
5.527899
5.535641
5.543146
5.550362
5.557243
5.563743
5.569817
5.575425
5.580531
5.585099
5.589101
5.592508
5.595298
5.597453
5.598958
5.599802
5.599982
5.599495
5.598344
5.596538
5.594088
5.591011
5.587326
5.583060
5.578239
5.572897
5.567069
5.560793
5.554112
5.547071
5.539715
5.532094
5.524260
5.516263
5.508159
5.500000
5.491841
5.483737
5.475740
5.467906
5.460285
5.452929
5.445888
5.439207
5.432931
5.427103
5.421761
5.416940
5.412674
5.408989
5.405912
5.403462
5.401656
5.400505
5.400018
5.400198
5.401042
5.402547
5.404702
5.407492
5.410899
5.414901
5.419469
5.424575
5.430183
5.436257
5.442757
5.449638
5.456854
5.464359
5.472101
5.480029
5.488091
5.496231
5.504397
5.512533
5.520586
5.528502
5.536228
5.543712
5.550904
5.557757
5.564225
5.570265
5.575836
5.580902
5.585428
5.589384
5.592744
5.595487
5.597592
5.599046
5.599840
5.599968
5.599430
5.598229
5.596373
5.593874
5.590748
5.587018
5.582708
5.577846
5.572465
5.566601
5.560293
5.553583
5.546515
5.539137
5.531498
5.523650
5.515644
5.507533
5.499372
5.491215
5.483117
5.475131
5.467311
5.459709
5.452376
5.445361
5.438709
5.432467
5.426674
5.421371
5.416592
5.412369
5.408731
5.405701
5.403300
5.401544
5.400444
5.400008
5.400239
5.401135
5.402690
5.404894
5.407733
5.411186
5.415232
5.419843
5.424989
5.430634
5.436743
5.443273
5.450181
5.457422
5.464947
5.472705
5.480645
5.488714
5.496859
5.505024
5.513156
5.521201
5.529104
5.536812
5.544276
5.551444
5.558269
5.564705
5.570711
5.576244
5.581269
5.585752
5.589664
5.592978
5.595671
5.597727
5.599131
5.599874
5.599951
5.599361
5.598109
5.596203
5.593655
5.590483
5.586707
5.582353
5.577450
5.572031
5.566131
5.559791
5.553051
5.545958
5.538558
5.530902
5.523039
5.515023
5.506906
5.498744
5.490589
5.482498
5.474523
5.466718
5.459135
5.451825
5.444835
5.438214
5.432004
5.426249
5.420984
5.416247
5.412068
5.408476
5.405494
5.403141
5.401435
5.400387
5.400002
5.400284
5.401231
5.402837
5.405090
5.407977
5.411477
5.415567
5.420220
5.425406
5.431088
5.437231
5.443792
5.450727
5.457992
5.465536
5.473310
5.481262
5.489339
5.497487
5.505652
5.513779
5.521814
5.529704
5.537396
5.544838
5.551982
5.558779
5.565183
5.571154
5.576649
5.581634
5.586074
5.589941
5.593207
5.595852
5.597858
5.599212
5.599903
5.599929
5.599288
5.597985
5.596029
5.593433
5.590213
5.586392
5.581995
5.577051
5.571594
5.565659
5.559286
5.552517
5.545399
5.537978
5.530303
5.522427
5.514401
5.506279
5.498115
5.489964
5.481879
5.473916
5.466126
5.458562
5.451275
5.444313
5.437721
5.431545
5.425826
5.420601
5.415905
5.411771
5.408225
5.405290
5.402987
5.401331
5.400333
5.400000
5.400333
5.401331
5.402987
5.405290
5.408225
5.411771
5.415905
5.420601
5.425826
5.431545
5.437721
5.444313
5.451275
5.458562
5.466126
5.473916
5.481879
5.489964
5.498115
5.506279
5.514401
5.522427
5.530303
5.537978
5.545399
5.552517
5.559286
5.565659
5.571594
5.577051
5.581995
5.586392
5.590213
5.593433
5.596029
5.597985
5.599288
5.599929
5.599903
5.599212
5.597858
5.595852
5.593207
5.589941
5.586074
5.581634
5.576649
5.571154
5.565183
5.558779
5.551982
5.544838
5.537396
5.529704
5.521814
5.513779
5.505652
5.497487
5.489339
5.481262
5.473310
5.465536
5.457992
5.450727
5.443792
5.437231
5.431088
5.425406
5.420220
5.415567
5.411477
5.407977
5.405090
5.402837
5.401231
5.400284
5.400002
5.400387
5.401435
5.403141
5.405494
5.408476
5.412068
5.416247
5.420984
5.426249
5.432004
5.438214
5.444835
5.451825
5.459135
5.466718
5.474523
5.482498
5.490589
5.498744
5.506906
5.515023
5.523039
5.530902
5.538558
5.545958
5.553051
5.559791
5.566131
5.572031
5.577450
5.582353
5.586707
5.590483
5.593655
5.596203
5.598109
5.599361
5.599951
5.599874
5.599131
5.597727
5.595671
5.592978
5.589664
5.585752
5.581269
5.576244
5.570711
5.564705
5.558269
5.551444
5.544276
5.536812
5.529104
5.521201
5.513156
5.505024
5.496859
5.488714
5.480645
5.472705
5.464947
5.457422
5.450181
5.443273
5.436743
5.430634
5.424989
5.419843
5.415232
5.411186
5.407733
5.404894
5.402690
5.401135
5.400239
5.400008
5.400444
5.401544
5.403300
5.405701
5.408731
5.412369
5.416592
5.421371
5.426674
5.432467
5.438709
5.445361
5.452376
5.459709
5.467311
5.475131
5.483117
5.491215
5.499372
5.507533
5.515644
5.523650
5.531498
5.539137
5.546515
5.553583
5.560293
5.566601
5.572465
5.577846
5.582708
5.587018
5.590748
5.593874
5.596373
5.598229
5.599430
5.599968
5.599840
5.599046
5.597592
5.595487
5.592744
5.589384
5.585428
5.580902
5.575836
5.570265
5.564225
5.557757
5.550904
5.543712
5.536228
5.528502
5.520586
5.512533
5.504397
5.496231
5.488091
5.480029
5.472101
5.464359
5.456854
5.449638
5.442757
5.436257
5.430183
5.424575
5.419469
5.414901
5.410899
5.407492
5.404702
5.402547
5.401042
5.400198
5.400018
5.400505
5.401656
5.403462
5.405912
5.408989
5.412674
5.416940
5.421761
5.427103
5.432931
5.439207
5.445888
5.452929
5.460285
5.467906
5.475740
5.483737
5.491841
5.500000
5.508159
5.516263
5.524260
5.532094
5.539715
5.547071
5.554112
5.560793
5.567069
5.572897
5.578239
5.583060
5.587326
5.591011
5.594088
5.596538
5.598344
5.599495
5.599982
5.599802
5.598958
5.597453
5.595298
5.592508
5.589101
5.585099
5.580531
5.575425
5.569817
5.563743
5.557243
5.550362
5.543146
5.535641
5.527899
5.519971
5.511909
5.503769
5.495603
5.487467
5.479414
5.471498
5.463772
5.456288
5.449096
5.442243
5.435775
5.429735
5.424164
5.419098
5.414572
5.410616
5.407256
5.404513
5.402408
5.400954
5.400160
5.400032
5.400570
5.401771
5.403627
5.406126
5.409252
5.412982
5.417292
5.422154
5.427535
5.433399
5.439707
5.446417
5.453485
5.460863
5.468502
5.476350
5.484356
5.492467
5.500628
5.508785
5.516883
5.524869
5.532689
5.540291
5.547624
5.554639
5.561291
5.567533
5.573326
5.578629
5.583408
5.587631
5.591269
5.594299
5.596700
5.598456
5.599556
5.599992
5.599761
5.598865
5.597310
5.595106
5.592267
5.588814
5.584768
5.580157
5.575011
5.569366
5.563257
5.556727
5.549819
5.542578
5.535053
5.527295
5.519355
5.511286
5.503141
5.494976
5.486844
5.478799
5.470896
5.463188
5.455724
5.448556
5.441731
5.435295
5.429289
5.423756
5.418731
5.414248
5.410336
5.407022
5.404329
5.402273
5.400869
5.400126
5.400049
5.400639
5.401891
5.403797
5.406345
5.409517
5.413293
5.417647
5.422550
5.427969
5.433869
5.440209
5.446949
5.454042
5.461442
5.469098
5.476961
5.484977
5.493094
5.501256
5.509411
5.517502
5.525477
5.533282
5.540865
5.548175
5.555165
5.561786
5.567996
5.573751
5.579016
5.583753
5.587932
5.591524
5.594506
5.596859
5.598565
5.599613
5.599998
5.599716
5.598769
5.597163
5.594910
5.592023
5.588523
5.584433
5.579780
5.574594
5.568912
5.562769
5.556208
5.549273
5.542008
5.534464
5.526690
5.518738
5.510661
5.502513
5.494348
5.486221
5.478186
5.470296
5.462604
5.455162
5.448018
5.441221
5.434817
5.428846
5.423351
5.418366
5.413926
5.410059
5.406793
5.404148
5.402142
5.400788
5.400097
5.400071
5.400712
5.402015
5.403971
5.406567
5.409787
5.413608
5.418005
5.422949
5.428406
5.434341
5.440714
5.447483
5.454601
5.462022
5.469697
5.477573
5.485599
5.493721
5.501885
5.510036
5.518121
5.526084
5.533874
5.541438
5.548725
5.555687
5.562279
5.568455
5.574174
5.579399
5.584095
5.588229
5.591775
5.594710
5.597013
5.598669
5.599667
5.600000
5.599667
5.598669
5.597013
5.594710
5.591775
5.588229
5.584095
5.579399
5.574174
5.568455
5.562279
5.555687
5.548725
5.541438
5.533874
5.526084
5.518121
5.510036
5.501885
5.493721
5.485599
5.477573
5.469697
5.462022
5.454601
5.447483
5.440714
5.434341
5.428406
5.422949
5.418005
5.413608
5.409787
5.406567
5.403971
5.402015
5.400712
5.400071
5.400097
5.400788
5.402142
5.404148
5.406793
5.410059
5.413926
5.418366
5.423351
5.428846
5.434817
5.441221
5.448018
5.455162
5.462604
5.470296
5.478186
5.486221
5.494348
5.502513
5.510661
5.518738
5.526690
5.534464
5.542008
5.549273
5.556208
5.562769
5.568912
5.574594
5.579780
5.584433
5.588523
5.592023
5.594910
5.597163
5.598769
5.599716
5.599998
5.599613
5.598565
5.596859
5.594506
5.591524
5.587932
5.583753
5.579016
5.573751
5.567996
5.561786
5.555165
5.548175
5.540865
5.533282
5.525477
5.517502
5.509411
5.501256
5.493094
5.484977
5.476961
5.469098
5.461442
5.454042
5.446949
5.440209
5.433869
5.427969
5.422550
5.417647
5.413293
5.409517
5.406345
5.403797
5.401891
5.400639
5.400049
5.400126
5.400869
5.402273
5.404329
5.407022
5.410336
5.414248
5.418731
5.423756
5.429289
5.435295
5.441731
5.448556
5.455724
5.463188
5.470896
5.478799
5.486844
5.494976
5.503141
5.511286
5.519355
5.527295
5.535053
5.542578
5.549819
5.556727
5.563257
5.569366
5.575011
5.580157
5.584768
5.588814
5.592267
5.595106
5.597310
5.598865
5.599761
5.599992
5.599556
5.598456
5.596700
5.594299
5.591269
5.587631
5.583408
5.578629
5.573326
5.567533
5.561291
5.554639
5.547624
5.540291
5.532689
5.524869
5.516883
5.508785
5.500628
5.492467
5.484356
5.476350
5.468502
5.460863
5.453485
5.446417
5.439707
5.433399
5.427535
5.422154
5.417292
5.412982
5.409252
5.406126
5.403627
5.401771
5.400570
5.400032
5.400160
5.400954
5.402408
5.404513
5.407256
5.410616
5.414572
5.419098
5.424164
5.429735
5.435775
5.442243
5.449096
5.456288
5.463772
5.471498
5.479414
5.487467
5.495603
5.503769
5.511909
5.519971
5.527899
5.535641
5.543146
5.550362
5.557243
5.563743
5.569817
5.575425
5.580531
5.585099
5.589101
5.592508
5.595298
5.597453
5.598958
5.599802
5.599982
5.599495
5.598344
5.596538
5.594088
5.591011
5.587326
5.583060
5.578239
5.572897
5.567069
5.560793
5.554112
5.547071
5.539715
5.532094
5.524260
5.516263
5.508159
5.500000
5.491841
5.483737
5.475740
5.467906
5.460285
5.452929
5.445888
5.439207
5.432931
5.427103
5.421761
5.416940
5.412674
5.408989
5.405912
5.403462
5.401656
5.400505
5.400018
5.400198
5.401042
5.402547
5.404702
5.407492
5.410899
5.414901
5.419469
5.424575
5.430183
5.436257
5.442757
5.449638
5.456854
5.464359
5.472101
5.480029
5.488091
5.496231
5.504397
5.512533
5.520586
5.528502
5.536228
5.543712
5.550904
5.557757
5.564225
5.570265
5.575836
5.580902
5.585428
5.589384
5.592744
5.595487
5.597592
5.599046
5.599840
5.599968
5.599430
5.598229
5.596373
5.593874
5.590748
5.587018
5.582708
5.577846
5.572465
5.566601
5.560293
5.553583
5.546515
5.539137
5.531498
5.523650
5.515644
5.507533
5.499372
5.491215
5.483117
5.475131
5.467311
5.459709
5.452376
5.445361
5.438709
5.432467
5.426674
5.421371
5.416592
5.412369
5.408731
5.405701
5.403300
5.401544
5.400444
5.400008
5.400239
5.401135
5.402690
5.404894
5.407733
5.411186
5.415232
5.419843
5.424989
5.430634
5.436743
5.443273
5.450181
5.457422
5.464947
5.472705
5.480645
5.488714
5.496859
5.505024
5.513156
5.521201
5.529104
5.536812
5.544276
5.551444
5.558269
5.564705
5.570711
5.576244
5.581269
5.585752
5.589664
5.592978
5.595671
5.597727
5.599131
5.599874
5.599951
5.599361
5.598109
5.596203
5.593655
5.590483
5.586707
5.582353
5.577450
5.572031
5.566131
5.559791
5.553051
5.545958
5.538558
5.530902
5.523039
5.515023
5.506906
5.498744
5.490589
5.482498
5.474523
5.466718
5.459135
5.451825
5.444835
5.438214
5.432004
5.426249
5.420984
5.416247
5.412068
5.408476
5.405494
5.403141
5.401435
5.400387
5.400002
5.400284
5.401231
5.402837
5.405090
5.407977
5.411477
5.415567
5.420220
5.425406
5.431088
5.437231
5.443792
5.450727
5.457992
5.465536
5.473310
5.481262
5.489339
5.497487
5.505652
5.513779
5.521814
5.529704
5.537396
5.544838
5.551982
5.558778
5.565183
5.571154
5.576649
5.581634
5.586074
5.589941
5.593207
5.595852
5.597858
5.599212
5.599903
5.599929
5.599288
5.597985
5.596029
5.593433
5.590213
5.586392
5.581995
5.577051
5.571594
5.565659
5.559286
5.552517
5.545399
5.537978
5.530303
5.522427
5.514401
5.506279
5.498115
5.489964
5.481879
5.473916
5.466126
5.458562
5.451275
5.444313
5.437721
5.431545
5.425826
5.420601
5.415905
5.411771
5.408225
5.405290
5.402987
5.401331
5.400333
5.400000
5.400333
5.401331
5.402987
5.405290
5.408225
5.411771
5.415905
5.420601
5.425826
5.431545
5.437721
5.444313
5.451275
5.458562
5.466126
5.473916
5.481879
5.489964
5.498115
5.506279
5.514401
5.522427
5.530303
5.537978
5.545399
5.552517
5.559286
5.565659
5.571594
5.577051
5.581995
5.586392
5.590213
5.593433
5.596029
5.597985
5.599288
5.599929
5.599903
5.599212
5.597858
5.595852
5.593207
5.589941
5.586074
5.581634
5.576649
5.571154
5.565183
5.558778
5.551982
5.544838
5.537396
5.529704
5.521814
5.513779
5.505652
5.497487
5.489339
5.481262
5.473310
5.465536
5.457992
5.450727
5.443792
5.437231
5.431088
5.425406
5.420220
5.415567
5.411477
5.407977
5.405090
5.402837
5.401231
5.400284
5.400002
5.400387
5.401435
5.403141
5.405494
5.408476
5.412068
5.416247
5.420984
5.426249
5.432004
5.438214
5.444835
5.451825
5.459135
5.466718
5.474523
5.482498
5.490589
5.498744
5.506906
5.515023
5.523039
5.530902
5.538558
5.545958
5.553051
5.559791
5.566131
5.572031
5.577450
5.582353
5.586707
5.590483
5.593655
5.596203
5.598109
5.599361
5.599951
5.599874
5.599131
5.597727
5.595671
5.592978
5.589664
5.585752
5.581269
5.576244
5.570711
5.564705
5.558269
5.551444
5.544276
5.536812
5.529104
5.521201
5.513156
5.505024
5.496859
5.488714
5.480645
5.472705
5.464947
5.457422
5.450181
5.443274
5.436743
5.430635
5.424989
5.419844
5.415233
5.411187
5.407733
5.404895
5.402691
5.401136
5.400240
5.400009
5.400445
5.401545
5.403301
5.405703
5.408732
5.412371
5.416594
5.421373
5.426677
5.432469
5.438711
5.445363
5.452378
5.459711
5.467313
5.475132
5.483118
5.491215
5.499372
5.507532
5.515642
5.523648
5.531496
5.539133
5.546509
5.553576
5.560284
5.566590
5.572453
5.577831
5.582690
5.586998
5.590725
5.593847
5.596343
5.598196
5.599393
5.599928
5.599796
5.598998
5.597539
5.595431
5.592685
5.589321
5.585362
5.580833
5.575766
5.570194
5.564154
5.557687
5.550836
5.543648
5.536170
5.528452
5.520546
5.512507
5.504386
5.496241
5.488123
5.480090
5.472194
5.464489
5.457027
5.449859
5.443033
5.436594
5.430587
5.425053
5.420029
5.415548
5.411642
5.408337
5.405655
5.403615
5.402229
5.401508
5.401455
5.402071
5.403350
5.405282
5.407854
5.411044
5.414830
5.419184
5.424071
5.429457
5.435297
5.441550
5.448166
5.455093
5.462278
5.469662
5.477188
5.484795
5.492419
5.500000
5.507474
5.514779
5.521852
5.528636
5.535071
5.541104
5.546683
5.551763
5.556302
5.560263
5.563618
5.566344
5.568427
5.569859
5.570641
5.570782
5.570301
5.569223
5.567583
5.565421
5.562785
5.559729
5.556310
5.552590
5.548633
5.544504
5.540266
5.535981
5.531709
5.527505
5.523419
5.519495
5.515771
5.512278
5.509041
5.506076
5.503396
5.501006
5.498904
5.497087
5.495544
5.494264
5.493230
5.492424
5.491828
5.491421
5.491183
5.491094
5.491133
5.491282
5.491522
5.491837
5.492211
5.492631
5.493083
5.493556
5.494040
5.494528
5.495012
5.495485
5.495943
5.496381
5.496799
5.497191
5.497558
5.497898
5.498210
5.498497
5.498756
5.498990
5.499198
5.499384
5.499547
5.499690
5.499813
5.499918
5.500006
