-2.055748
-2.169079
-2.209025
-2.290581
-2.303745
-2.366538
-2.365025
-2.416621
-2.406635
-2.449910
-2.433719
-2.471547
-2.451725
-2.485014
-2.462620
-2.495303
-2.470034
-2.500901
-2.475935
-2.506651
-2.480323
-2.509677
-2.483198
-2.512249
-2.485467
-2.514670
-2.488040
-2.516788
-2.488343
-2.517848
-2.490612
-2.519664
-2.493184
-2.519664
-2.494092
-2.522690
-2.496665
-2.524657
-2.498480
-2.526926
-2.500447
-2.527986
-2.501658
-2.527986
-2.502414
-2.529196
-2.503322
-2.530709
-2.503625
-2.531466
-2.504684
-2.531314
-2.503473
-2.529953
-2.500145
-2.526473
-2.496967
-2.522690
-2.494092
-2.518604
-2.489856
-2.513914
-2.482744
-2.506500
-2.477297
-2.499388
-2.468521
-2.491520
-2.462166
-2.484862
-2.454903
-2.477448
-2.447640
-2.469731
-2.438864
-2.461863
-2.433114
-2.455962
-2.425398
-2.449305
-2.419950
-2.444009
-2.416773
-2.440528
-2.414201
-2.438864
-2.413141
-2.438259
-2.412082
-2.437805
-2.413898
-2.440075
-2.416016
-2.443555
-2.420556
-2.448094
-2.425549
-2.452785
-2.431601
-2.459896
-2.439772
-2.468672
-2.448548
-2.478810
-2.457627
-2.488343
-2.469126
-2.498329
-2.478810
-2.509828
-2.490612
-2.520723
-2.500750
-2.531163
-2.511644
-2.542360
-2.522387
-2.550985
-2.531768
-2.561122
-2.540998
-2.568385
-2.546597
-2.576102
-2.555373
-2.583214
-2.560668
-2.588055
-2.567175
-2.594562
-2.572017
-2.596983
-2.575194
-2.601371
-2.578220
-2.602278
-2.578220
-2.603186
-2.578069
-2.601522
-2.576253
-2.599404
-2.573227
-2.594562
-2.568234
-2.589266
-2.561879
-2.582911
-2.553859
-2.573984
-2.546294
-2.564300
-2.535097
-2.555221
-2.527078
-2.544932
-2.514822
-2.534038
-2.505592
-2.523900
-2.495757
-2.514216
-2.483803
-2.502263
-2.474271
-2.492125
-2.463376
-2.481685
-2.453995
-2.472909
-2.445219
-2.462468
-2.435687
-2.454449
-2.428726
-2.447791
-2.422674
-2.440983
-2.414957
-2.436443
-2.412385
-2.433266
-2.408905
-2.430845
-2.408148
-2.430088
-2.407846
-2.430845
-2.408451
-2.430239
-2.410418
-2.434627
-2.414806
-2.439318
-2.420102
-2.445219
-2.426305
-2.452482
-2.434476
-2.459745
-2.440983
-2.467764
-2.450364
-2.477297
-2.459594
-2.487737
-2.471093
-2.498026
-2.482139
-2.509072
-2.493336
-2.519966
-2.504079
-2.531768
-2.514973
-2.541906
-2.525565
-2.551893
-2.535097
-2.561425
-2.544176
-2.569142
-2.552195
-2.577766
-2.559761
-2.584575
-2.566570
-2.590930
-2.570655
-2.595318
-2.575648
-2.599101
-2.579734
-2.602127
-2.582154
-2.604397
-2.583516
-2.602733
-2.581095
-2.601522
-2.579885
-2.599555
-2.575799
-2.593200
-2.570504
-2.588358
-2.563543
-2.581247
-2.557642
-2.574740
-2.549169
-2.565662
-2.538880
-2.555524
-2.530709
-2.546143
-2.520420
-2.535400
-2.509223
-2.523295
-2.498329
-2.512401
-2.487586
-2.502414
-2.475481
-2.490461
-2.465949
-2.480474
-2.455659
-2.471396
-2.447791
-2.461560
-2.438713
-2.454903
-2.432509
-2.449002
-2.425852
-2.441588
-2.420556
-2.436443
-2.415562
-2.432660
-2.412839
-2.429029
-2.410418
-2.427819
-2.409661
-2.429180
-2.410569
-2.430542
-2.412688
-2.433114
-2.416470
-2.437956
-2.422371
-2.442496
-2.427365
-2.450364
-2.436443
-2.458686
-2.445068
-2.468218
-2.455054
-2.478507
-2.464587
-2.488191
-2.475330
-2.498026
-2.485770
-2.507559
-2.495605
-2.518756
-2.506651
-2.530255
-2.518151
-2.539788
-2.527229
-2.550228
-2.537518
-2.560215
-2.547050
-2.568688
-2.555675
-2.577464
-2.563089
-2.583970
-2.568537
-2.588055
-2.572622
-2.593200
-2.577161
-2.597134
-2.581549
-2.599706
-2.583214
-2.599858
-2.583668
-2.599404
-2.582760
-2.598647
-2.581549
-2.597134
-2.578674
-2.592141
-2.573530
-2.587299
-2.566267
-2.580187
-2.560215
-2.572925
-2.551893
-2.564148
-2.543571
-2.554919
-2.531919
-2.543873
-2.521025
-2.532525
-2.511342
-2.521782
-2.500901
-2.511947
-2.490915
-2.501809
-2.480323
-2.490612
-2.468369
-2.479113
-2.459291
-2.470790
-2.450364
-2.461560
-2.442496
-2.453995
-2.435081
-2.447640
-2.429332
-2.441739
-2.424338
-2.437502
-2.419799
-2.431450
-2.415562
-2.429029
-2.414201
-2.428726
-2.413898
-2.428272
-2.413293
-2.430088
-2.416773
-2.433266
-2.419345
-2.437048
-2.425398
-2.443403
-2.432358
-2.450515
-2.439923
-2.458534
-2.448548
-2.467764
-2.456567
-2.476086
-2.465343
-2.484711
-2.476389
-2.496362
-2.486073
-2.506500
-2.498026
-2.516940
-2.507710
-2.527834
-2.519512
-2.538577
-2.530104
-2.549472
-2.540696
-2.559307
-2.550077
-2.568083
-2.558550
-2.575951
-2.565964
-2.582760
-2.572471
-2.588207
-2.577615
-2.591687
-2.580339
-2.596378
-2.583668
-2.599101
-2.586845
-2.600766
-2.586391
-2.599706
-2.586543
-2.597285
-2.583970
-2.595621
-2.580642
-2.591233
-2.576556
-2.586845
-2.570806
-2.578674
-2.562484
-2.570201
-2.554011
-2.563543
-2.546143
-2.553859
-2.536459
-2.543722
-2.526321
-2.533735
-2.516184
-2.523446
-2.504986
-2.511947
-2.494697
-2.501355
-2.483954
-2.488948
-2.471547
-2.479113
-2.462620
-2.468218
-2.452785
-2.460501
-2.445370
-2.452331
-2.436746
-2.445976
-2.431299
-2.440680
-2.426759
-2.435384
-2.422069
-2.432358
-2.418286
-2.428272
-2.416924
-2.427970
-2.416470
-2.426608
-2.416773
-2.429180
-2.419194
-2.431601
-2.422825
-2.436443
-2.428272
-2.442647
-2.434325
-2.448850
-2.442042
-2.457324
-2.450969
-2.464889
-2.459442
-2.475178
-2.468369
-2.484257
-2.478507
-2.493638
-2.488343
-2.505138
-2.500598
-2.516788
-2.512098
-2.527834
-2.522841
-2.538123
-2.533282
-2.547353
-2.541604
-2.555373
-2.550228
-2.565208
-2.559761
-2.573681
-2.567780
-2.581398
-2.574438
-2.586996
-2.579431
-2.590023
-2.582760
-2.593351
-2.584878
-2.596529
-2.588358
-2.596832
-2.588207
-2.598193
-2.587148
-2.596832
-2.586088
-2.594562
-2.583214
-2.590779
-2.579128
-2.585635
-2.573227
-2.578826
-2.566116
-2.570806
-2.557945
-2.562030
-2.548413
-2.552044
-2.538426
-2.542511
-2.527229
-2.531314
-2.515881
-2.518151
-2.504079
-2.506802
-2.493789
-2.497118
-2.482744
-2.486980
-2.473817
-2.476994
-2.464436
-2.466705
-2.454903
-2.458837
-2.446278
-2.451272
-2.439318
-2.444311
-2.433871
-2.438864
-2.428575
-2.434174
-2.424338
-2.430088
-2.421312
-2.427970
-2.417984
-2.425700
-2.417832
-2.425852
-2.419043
-2.427819
-2.421615
-2.430845
-2.423582
-2.433114
-2.429180
-2.439772
-2.436141
-2.445370
-2.441588
-2.454146
-2.451120
-2.463225
-2.461107
-2.471698
-2.470034
-2.482744
-2.481534
-2.494092
-2.490763
-2.503927
-2.502263
-2.514822
-2.514216
-2.524808
-2.522538
-2.535400
-2.534341
-2.546445
-2.544630
-2.556281
-2.554465
-2.565208
-2.562181
-2.571109
-2.569142
-2.578977
-2.575799
-2.584727
-2.581398
-2.588510
-2.585181
-2.593503
-2.588812
-2.596075
-2.591233
-2.598042
-2.592292
-2.597891
-2.591233
-2.594562
-2.586694
-2.591384
-2.584121
-2.588358
-2.579582
-2.582608
-2.573984
-2.575346
-2.566116
-2.567326
-2.556734
-2.558550
-2.549017
-2.548715
-2.539334
-2.540090
-2.527834
-2.527229
-2.517394
-2.517243
-2.506197
-2.506802
-2.496967
-2.495000
-2.485467
-2.485921
-2.474725
-2.475178
-2.466403
-2.466403
-2.457475
-2.458081
-2.448548
-2.448548
-2.441285
-2.442798
-2.434174
-2.435989
-2.428726
-2.432055
-2.426003
-2.428878
-2.423279
-2.426457
-2.421010
-2.425095
-2.421161
-2.424792
-2.421312
-2.425246
-2.422523
-2.428575
-2.426154
-2.433114
-2.432055
-2.439318
-2.438410
-2.446278
-2.446429
-2.453844
-2.454449
-2.463074
-2.463830
-2.472757
-2.474119
-2.482290
-2.484106
-2.493184
-2.494546
-2.503927
-2.505743
-2.514670
-2.516788
-2.525262
-2.526926
-2.536005
-2.537064
-2.546143
-2.545840
-2.552952
-2.554767
-2.561274
-2.562787
-2.569898
-2.570352
-2.576102
-2.576556
-2.583062
-2.580793
-2.587451
-2.586845
-2.592292
-2.588661
-2.593805
-2.591687
-2.595924
-2.593805
-2.596832
-2.591536
-2.594411
-2.590174
-2.591687
-2.586694
-2.587753
-2.582306
-2.582608
-2.576102
-2.574135
-2.567024
-2.564905
-2.557945
-2.557188
-2.548715
-2.546294
-2.539485
-2.537215
-2.529801
-2.526926
-2.517999
-2.516335
-2.508769
-2.506046
-2.496816
-2.495152
-2.487283
-2.485014
-2.478205
-2.474876
-2.468218
-2.465797
-2.457475
-2.455811
-2.449607
-2.448094
-2.442798
-2.441588
-2.436443
-2.436141
-2.429937
-2.429785
-2.426003
-2.426608
-2.424036
-2.424944
-2.422674
-2.424641
-2.422371
-2.424944
-2.423582
-2.424641
-2.424792
-2.428272
-2.428272
-2.430542
-2.431450
-2.436746
-2.438561
-2.444009
-2.446581
-2.452482
-2.455054
-2.460199
-2.462771
-2.469882
-2.473514
-2.480323
-2.483954
-2.490915
-2.495303
-2.500750
-2.505289
-2.512401
-2.516637
-2.521631
-2.526321
-2.533130
-2.537669
-2.544176
-2.548110
-2.554011
-2.557794
-2.561425
-2.565208
-2.570050
-2.572925
-2.577312
-2.577464
-2.580944
-2.582760
-2.585332
-2.587451
-2.590174
-2.591536
-2.591687
-2.592746
-2.594864
-2.594562
-2.594864
-2.594259
-2.594108
-2.591233
-2.591082
-2.586391
-2.583819
-2.581095
-2.578977
-2.576253
-2.573530
-2.569293
-2.565964
-2.560366
-2.556583
-2.552195
-2.547807
-2.542209
-2.537518
-2.532525
-2.527834
-2.522538
-2.515578
-2.510887
-2.505138
-2.499993
-2.494244
-2.489704
-2.484862
-2.479415
-2.473363
-2.467159
-2.463528
-2.459291
-2.455659
-2.450666
-2.447337
-2.444160
-2.439469
-2.436897
-2.434174
-2.432207
-2.430088
-2.426759
-2.425398
-2.424792
-2.423582
-2.421766
-2.421312
-2.422069
-2.422523
-2.423430
-2.424338
-2.426154
-2.427667
-2.429937
-2.432055
-2.434930
-2.437654
-2.440831
-2.444160
-2.449002
-2.452331
-2.457173
-2.461560
-2.466403
-2.470942
-2.475027
-2.479566
-2.485921
-2.490763
-2.497118
-2.502112
-2.508315
-2.512703
-2.518756
-2.523597
-2.529953
-2.534341
-2.539939
-2.544024
-2.549774
-2.553557
-2.559155
-2.562484
-2.565813
-2.569142
-2.573984
-2.575951
-2.580187
-2.581701
-2.585332
-2.586391
-2.589569
-2.589115
-2.592444
-2.592897
-2.595016
-2.592595
-2.594259
-2.593654
-2.592897
-2.591687
-2.592141
-2.589569
-2.587299
-2.582911
-2.580490
-2.577615
-2.576405
-2.572168
-2.570201
-2.564603
-2.561728
-2.554767
-2.550985
-2.545235
-2.542057
-2.535249
-2.531919
-2.525413
-2.522236
-2.513460
-2.510585
-2.504079
-2.498631
-2.492125
-2.489099
-2.482139
-2.478356
-2.472304
-2.469731
-2.463225
-2.460804
-2.453995
-2.450666
-2.445370
-2.444160
-2.439167
-2.438561
-2.433719
-2.433568
-2.429332
-2.427667
-2.424641
-2.424792
-2.422220
-2.423733
-2.421463
-2.423430
-2.421766
-2.422977
-2.422069
-2.424338
-2.423582
-2.428424
-2.429180
-2.434174
-2.435081
-2.441436
-2.441285
-2.446581
-2.447186
-2.455357
-2.456567
-2.464738
-2.465495
-2.472455
-2.475632
-2.484560
-2.488040
-2.496816
-2.499993
-2.506953
-2.509979
-2.518907
-2.520420
-2.529499
-2.531919
-2.540393
-2.542663
-2.549623
-2.550077
-2.558399
-2.560063
-2.567175
-2.567931
-2.575346
-2.573984
-2.580490
-2.580339
-2.586845
-2.585483
-2.589720
-2.587451
-2.591536
-2.589569
-2.594411
-2.591838
-2.594713
-2.591838
-2.595621
-2.591082
-2.593957
-2.588207
-2.590023
-2.584273
-2.583970
-2.578220
-2.578977
-2.571412
-2.572017
-2.563997
-2.564148
-2.554767
-2.554465
-2.545235
-2.544781
-2.535551
-2.535097
-2.526018
-2.524505
-2.514822
-2.514065
-2.504381
-2.501809
-2.490915
-2.490007
-2.479718
-2.479264
-2.470488
-2.469126
-2.460653
-2.461409
-2.452482
-2.453541
-2.445219
-2.446732
-2.438864
-2.441134
-2.433114
-2.433719
-2.427213
-2.430239
-2.424187
-2.427819
-2.421917
-2.424792
-2.419648
-2.423885
-2.419497
-2.425095
-2.421161
-2.427819
-2.424187
-2.429937
-2.426154
-2.435384
-2.431904
-2.441285
-2.440075
-2.449910
-2.449002
-2.457778
-2.457475
-2.467310
-2.465495
-2.475178
-2.474119
-2.485467
-2.486073
-2.497724
-2.497421
-2.508769
-2.506651
-2.519512
-2.519210
-2.530709
-2.529499
-2.540998
-2.539182
-2.551136
-2.549774
-2.559761
-2.558096
-2.568083
-2.565511
-2.576102
-2.573379
-2.583062
-2.579128
-2.588661
-2.583365
-2.592595
-2.587904
-2.596378
-2.588812
-2.596680
-2.589871
-2.596075
-2.588963
-2.595621
-2.588207
-2.594562
-2.586088
-2.590930
-2.580490
-2.585937
-2.576102
-2.580339
-2.569596
-2.572017
-2.559761
-2.562484
-2.551741
-2.553254
-2.541906
-2.545235
-2.533282
-2.536005
-2.523144
-2.524505
-2.510282
-2.513460
-2.500750
-2.503625
-2.490612
-2.493638
-2.478507
-2.480021
-2.466251
-2.470639
-2.458383
-2.462317
-2.450364
-2.455054
-2.443403
-2.446278
-2.435081
-2.440831
-2.429785
-2.435384
-2.425246
-2.432055
-2.421766
-2.429180
-2.419497
-2.427667
-2.417832
-2.426608
-2.416621
-2.426608
-2.418437
-2.428424
-2.421615
-2.432963
-2.424792
-2.437200
-2.431752
-2.444311
-2.438561
-2.451574
-2.446883
-2.459140
-2.454751
-2.469277
-2.464284
-2.478961
-2.474876
-2.488040
-2.482895
-2.498026
-2.494244
-2.509979
-2.505592
-2.521631
-2.516788
-2.532071
-2.527683
-2.543116
-2.537367
-2.553103
-2.547353
-2.562635
-2.555070
-2.570352
-2.562938
-2.577615
-2.570655
-2.584121
-2.575799
-2.589871
-2.581549
-2.593957
-2.583214
-2.594864
-2.585937
-2.598193
-2.588207
-2.598799
-2.586391
-2.596983
-2.585181
-2.595772
-2.582457
-2.592746
-2.579128
-2.587602
-2.573076
-2.581852
-2.567175
-2.575346
-2.559761
-2.567780
-2.551590
-2.557037
-2.540847
-2.547050
-2.530558
-2.537367
-2.520269
-2.526624
-2.509828
-2.516486
-2.499237
-2.504684
-2.487132
-2.494546
-2.476843
-2.484408
-2.467159
-2.474422
-2.457021
-2.465495
-2.447640
-2.455054
-2.439620
-2.448850
-2.431601
-2.441436
-2.426305
-2.435838
-2.420858
-2.432055
-2.418437
-2.430088
-2.416319
-2.428878
-2.415562
-2.428726
-2.415411
-2.429180
-2.417076
-2.431299
-2.419497
-2.435233
-2.423430
-2.439620
-2.428575
-2.445824
-2.436141
-2.453844
-2.444311
-2.462317
-2.453087
-2.471093
-2.462317
-2.481685
-2.472606
-2.491974
-2.483500
-2.502414
-2.493033
-2.512855
-2.503322
-2.523900
-2.514519
-2.534038
-2.524354
-2.543873
-2.533735
-2.553859
-2.544176
-2.562787
-2.551590
-2.571563
-2.560366
-2.579582
-2.567477
-2.585937
-2.571563
-2.589569
-2.575346
-2.593957
-2.579734
-2.597588
-2.583214
-2.600009
-2.585029
-2.601219
-2.585029
-2.600463
-2.583668
-2.598799
-2.580793
-2.595470
-2.576102
-2.589720
-2.570352
-2.582306
-2.562787
-2.576253
-2.556129
-2.568385
-2.547807
-2.560063
-2.538880
-2.550228
-2.528288
-2.539636
-2.517243
-2.529045
-2.506348
-2.518302
-2.496211
-2.507559
-2.485316
-2.496816
-2.474876
-2.485921
-2.464284
-2.475330
-2.453995
-2.465192
-2.443101
-2.457173
-2.435081
-2.449758
-2.429029
-2.443706
-2.424036
-2.437654
-2.416924
-2.433266
-2.414806
-2.431147
-2.412990
-2.428575
-2.409359
-2.428121
-2.410872
-2.429483
-2.411175
-2.430693
-2.415108
-2.434022
-2.419043
-2.440377
-2.424944
-2.446278
-2.431752
-2.454903
-2.440075
-2.463376
-2.447640
-2.471849
-2.458081
-2.482139
-2.468823
-2.493033
-2.479415
-2.503625
-2.489856
-2.514065
-2.500447
-2.523144
-2.510434
-2.535400
-2.520723
-2.545537
-2.530406
-2.555221
-2.540393
-2.564905
-2.549169
-2.573076
-2.556734
-2.579431
-2.562787
-2.586543
-2.568385
-2.591838
-2.574286
-2.596226
-2.578372
-2.600009
-2.580793
-2.602430
-2.582306
-2.602884
-2.581095
-2.600766
-2.580036
-2.599555
-2.575951
-2.595470
-2.572622
-2.589569
-2.566418
-2.584575
-2.560517
-2.575951
-2.550380
-2.567629
-2.542814
-2.559761
-2.534189
-2.549925
-2.522538
-2.538275
-2.512552
-2.528893
-2.502868
-2.518151
-2.492276
-2.506953
-2.480928
-2.496665
-2.470790
-2.486224
-2.459291
-2.476389
-2.449153
-2.466100
-2.441285
-2.458534
-2.433266
-2.451725
-2.426911
-2.445673
-2.421615
-2.440528
-2.416470
-2.436292
-2.411477
-2.431601
-2.409207
-2.429785
-2.407694
-2.429483
-2.407846
-2.430693
-2.409359
-2.431904
-2.412536
-2.436897
-2.416319
-2.441436
-2.422674
-2.448548
-2.428726
-2.455508
-2.437200
-2.463982
-2.446732
-2.473968
-2.456416
-2.482744
-2.465646
-2.493789
-2.476086
-2.504230
-2.487283
-2.515881
-2.497572
-2.526624
-2.509072
-2.537669
-2.519058
-2.547353
-2.528893
-2.555826
-2.537669
-2.566116
-2.546445
-2.573833
-2.554162
-2.581852
-2.561728
-2.588358
-2.567024
-2.593957
-2.572017
-2.598345
-2.575799
-2.601522
-2.578220
-2.603641
-2.580036
-2.604397
-2.579885
-2.603792
-2.578674
-2.601825
-2.575346
-2.597285
-2.570957
-2.593200
-2.565662
-2.586996
-2.558550
-2.578523
-2.550531
-2.571109
-2.540998
-2.561425
-2.532222
-2.551136
-2.520269
-2.539182
-2.510131
-2.529650
-2.499539
-2.519210
-2.489099
-2.508769
-2.479113
-2.498329
-2.467764
-2.488040
-2.458081
-2.476540
-2.447186
-2.467462
-2.437956
-2.459442
-2.431147
-2.452482
-2.424944
-2.446732
-2.419345
-2.440831
-2.413595
-2.437200
-2.408602
-2.433114
-2.407392
-2.430542
-2.405727
-2.431147
-2.406181
-2.432509
-2.407694
-2.433568
-2.408451
-2.436292
-2.413747
-2.442344
-2.419648
-2.449002
-2.426003
-2.454751
-2.433568
-2.464284
-2.443101
-2.473817
-2.451725
-2.483652
-2.462771
-2.493336
-2.472909
-2.503171
-2.481080
-2.513460
-2.493184
-2.525716
-2.504986
-2.536005
-2.514670
-2.545991
-2.524657
-2.556734
-2.534643
-2.566418
-2.543722
-2.575043
-2.552044
-2.582760
-2.559004
-2.589720
-2.563392
-2.591990
-2.567629
-2.596983
-2.571714
-2.601371
-2.573681
-2.602884
-2.575951
-2.603943
-2.576707
-2.604246
-2.575497
-2.600463
-2.571563
-2.597891
-2.567477
-2.593200
-2.562030
-2.585937
-2.552952
-2.577312
-2.545991
-2.570201
-2.538275
-2.561425
-2.527986
-2.551590
-2.518453
-2.540696
-2.508013
-2.530104
-2.497270
-2.520118
-2.485921
-2.509526
-2.476389
-2.499237
-2.466100
-2.489099
-2.455811
-2.479566
-2.445673
-2.467916
-2.434930
-2.458232
-2.427062
-2.452028
-2.420858
-2.445219
-2.414806
-2.441436
-2.410872
-2.437956
-2.406181
-2.433719
-2.403004
-2.431450
-2.403155
-2.431904
-2.402398
-2.431752
-2.404214
-2.434779
-2.407694
-2.438864
-2.411931
-2.444160
-2.416773
-2.449002
-2.424036
-2.457324
-2.432207
-2.464436
-2.440528
-2.474422
-2.450061
-2.484257
-2.460047
-2.494849
-2.470942
-2.505743
-2.481382
-2.517091
-2.491520
-2.526473
-2.502263
-2.536762
-2.511795
-2.547807
-2.521479
-2.557188
-2.530104
-2.564300
-2.539485
-2.572320
-2.546748
-2.581852
-2.555070
-2.589266
-2.561576
-2.595167
-2.565511
-2.599101
-2.568234
-2.601068
-2.571563
-2.603035
-2.571865
-2.603338
-2.571412
-2.601976
-2.570352
-2.600614
-2.567780
-2.597891
-2.562938
-2.592444
-2.558550
-2.587148
-2.551287
-2.578069
-2.543116
-2.570957
-2.535400
-2.562484
-2.525716
-2.552195
-2.515578
-2.542057
-2.505440
-2.530104
-2.493184
-2.519815
-2.481836
-2.508769
-2.472001
-2.498480
-2.462468
-2.489250
-2.452785
-2.479718
-2.442042
-2.469429
-2.434022
-2.461863
-2.427062
-2.454751
-2.419799
-2.447035
-2.411780
-2.441890
-2.406635
-2.437351
-2.403458
-2.434174
-2.401642
-2.433114
-2.399675
-2.431752
-2.400734
-2.433266
-2.401642
-2.435384
-2.404819
-2.438410
-2.409510
-2.444009
-2.413444
-2.447791
-2.419497
-2.456719
-2.427819
-2.465495
-2.436897
-2.473212
-2.446278
-2.484560
-2.456719
-2.495152
-2.467916
-2.504835
-2.477902
-2.516637
-2.489402
-2.527532
-2.499842
-2.537669
-2.508164
-2.547656
-2.519664
-2.557491
-2.528440
-2.566721
-2.537821
-2.575648
-2.545235
-2.583214
-2.553103
-2.590023
-2.559307
-2.595772
-2.564603
-2.598799
-2.567024
-2.602127
-2.569444
-2.604246
-2.571412
-2.605759
-2.571563
-2.603792
-2.569142
-2.602430
-2.566418
-2.599101
-2.562787
-2.594562
-2.557340
-2.588661
-2.549472
-2.580339
-2.542209
-2.572168
-2.531617
-2.562181
-2.523295
-2.553254
-2.514216
-2.543268
-2.503776
-2.532979
-2.493789
-2.522236
-2.481836
-2.510887
-2.469882
-2.499691
-2.458837
-2.488645
-2.450212
-2.479415
-2.440983
-2.470337
-2.432358
-2.462771
-2.424641
-2.455508
-2.417378
-2.448850
-2.412082
-2.443555
-2.407240
-2.439167
-2.401793
-2.435535
-2.400431
-2.434022
-2.399523
-2.433871
-2.399221
-2.432963
-2.399826
-2.435989
-2.403306
-2.439923
-2.406786
-2.444009
-2.412688
-2.451120
-2.419043
-2.458232
-2.426911
-2.464889
-2.434930
-2.475330
-2.445522
-2.484560
-2.455357
-2.495605
-2.465797
-2.506802
-2.477146
-2.516184
-2.486678
-2.527532
-2.497421
-2.538577
-2.508467
-2.549472
-2.518604
-2.559458
-2.527986
-2.568688
-2.536610
-2.577010
-2.544327
-2.582911
-2.550682
-2.590023
-2.557037
-2.595924
-2.562181
-2.600312
-2.565964
-2.602884
-2.566872
-2.604397
-2.568990
-2.605759
-2.569293
-2.603489
-2.567024
-2.602581
-2.564300
-2.598950
-2.559458
-2.592444
-2.553859
-2.587451
-2.548110
-2.581247
-2.540544
-2.570957
-2.530860
-2.561576
-2.520723
-2.551136
-2.509072
-2.540696
-2.500145
-2.531768
-2.489099
-2.521025
-2.479264
-2.508618
-2.467916
-2.499539
-2.458232
-2.489099
-2.447489
-2.478356
-2.438259
-2.470488
-2.430239
-2.462922
-2.422674
-2.455054
-2.414352
-2.448397
-2.409661
-2.442496
-2.404668
-2.439015
-2.401188
-2.436594
-2.399372
-2.434930
-2.396649
-2.433114
-2.397405
-2.434022
-2.398918
-2.435233
-2.400885
-2.439469
-2.405273
-2.443403
-2.409964
-2.448397
-2.416621
-2.457627
-2.425398
-2.466554
-2.434627
-2.476540
-2.444463
-2.486224
-2.454600
-2.495303
-2.463679
-2.506500
-2.475330
-2.516486
-2.485467
-2.527986
-2.494697
-2.537518
-2.506348
-2.548866
-2.516032
-2.557945
-2.525867
-2.567780
-2.533433
-2.575497
-2.541755
-2.583516
-2.549320
-2.590023
-2.553708
-2.593351
-2.558853
-2.598950
-2.561728
-2.601825
-2.565511
-2.603035
-2.565511
-2.604246
-2.565056
-2.603489
-2.565208
-2.602127
-2.561728
-2.596529
-2.557642
-2.593200
-2.551136
-2.586240
-2.544024
-2.579128
-2.537215
-2.571563
-2.529650
-2.561728
-2.517999
-2.552044
-2.509526
-2.542057
-2.499842
-2.532374
-2.489099
-2.520269
-2.477751
-2.508618
-2.466251
-2.499539
-2.457324
-2.490007
-2.447640
-2.480474
-2.438561
-2.471093
-2.429785
-2.463225
-2.421766
-2.455811
-2.415260
-2.448094
-2.408451
-2.443403
-2.403458
-2.439167
-2.400431
-2.436292
-2.398162
-2.434476
-2.396800
-2.434174
-2.395438
-2.432963
-2.397103
-2.436141
-2.398918
-2.438864
-2.404063
-2.443101
-2.408148
-2.449910
-2.416470
-2.457778
-2.424187
-2.465949
-2.432963
-2.475784
-2.443403
-2.486224
-2.453541
-2.496362
-2.464284
-2.507710
-2.475330
-2.518453
-2.486073
-2.529650
-2.497118
-2.540242
-2.506197
-2.549623
-2.516637
-2.559761
-2.525867
-2.568839
-2.534946
-2.577312
-2.543116
-2.584878
-2.548564
-2.590477
-2.555373
-2.596378
-2.560366
-2.600766
-2.563543
-2.604094
-2.566116
-2.604094
-2.567024
-2.605002
-2.566418
-2.604851
-2.565208
-2.601068
-2.560366
-2.597588
-2.557491
-2.593654
-2.552800
-2.587602
-2.545537
-2.580187
-2.538577
-2.572622
-2.529499
-2.562181
-2.520269
-2.552952
-2.510434
-2.542057
-2.498329
-2.530255
-2.487132
-2.520118
-2.477448
-2.508164
-2.466554
-2.498178
-2.455811
-2.488796
-2.445219
-2.477902
-2.435384
-2.469126
-2.427819
-2.461409
-2.420858
-2.454600
-2.413747
-2.448245
-2.408602
-2.442950
-2.403912
-2.439318
-2.400885
-2.436292
-2.398464
-2.434476
-2.397254
-2.432055
-2.396497
-2.432509
-2.397405
-2.434476
-2.399826
-2.437502
-2.404063
-2.444009
-2.409056
-2.448850
-2.416168
-2.457324
-2.424792
-2.466856
-2.434325
-2.475632
-2.444009
-2.486224
-2.452785
-2.495152
-2.464133
-2.506802
-2.475178
-2.517394
-2.486073
-2.527834
-2.495303
-2.537669
-2.506651
-2.548866
-2.516335
-2.558550
-2.526321
-2.568083
-2.534492
-2.575648
-2.542511
-2.583819
-2.548564
-2.589417
-2.555675
-2.595621
-2.560063
-2.599706
-2.564603
-2.602884
-2.567326
-2.605002
-2.568990
-2.606061
-2.567326
-2.604548
-2.566721
-2.602278
-2.564148
-2.598345
-2.559458
-2.593351
-2.554314
-2.587299
-2.547807
-2.580793
-2.538728
-2.571412
-2.531012
-2.562787
-2.521328
-2.553254
-2.511342
-2.542209
-2.501355
-2.532374
-2.491217
-2.519966
-2.479113
-2.509979
-2.468823
-2.499691
-2.458534
-2.489553
-2.448548
-2.478205
-2.439167
-2.470185
-2.429180
-2.460955
-2.421463
-2.452028
-2.414654
-2.445673
-2.408753
-2.441739
-2.405273
-2.436746
-2.401339
-2.435081
-2.398918
-2.433114
-2.398464
-2.432963
-2.397708
-2.433266
-2.400129
-2.434022
-2.402398
-2.437502
-2.405122
-2.441285
-2.411175
-2.449002
-2.418135
-2.456416
-2.425398
-2.464284
-2.435233
-2.473817
-2.445219
-2.484862
-2.456265
-2.496059
-2.467310
-2.507105
-2.478205
-2.516637
-2.488343
-2.528288
-2.499691
-2.539031
-2.510434
-2.547656
-2.518907
-2.558550
-2.529499
-2.567477
-2.538123
-2.575799
-2.546143
-2.583668
-2.553254
-2.590477
-2.557945
-2.594864
-2.564148
-2.599252
-2.567477
-2.602581
-2.568537
-2.603338
-2.571412
-2.604397
-2.570352
-2.603792
-2.567931
-2.599252
-2.565359
-2.596529
-2.560820
-2.591536
-2.556432
-2.584727
-2.549472
-2.578220
-2.542360
-2.571109
-2.534341
-2.562484
-2.525262
-2.553103
-2.516032
-2.541604
-2.504381
-2.531314
-2.494092
-2.520118
-2.483500
-2.510282
-2.472001
-2.499539
-2.462166
-2.489099
-2.453087
-2.480021
-2.443857
-2.470185
-2.433266
-2.461258
-2.426911
-2.454449
-2.419950
-2.447943
-2.414049
-2.442496
-2.409661
-2.438561
-2.406484
-2.435081
-2.403458
-2.432812
-2.401339
-2.432055
-2.401945
-2.432963
-2.403609
-2.435081
-2.407240
-2.439620
-2.411628
-2.444765
-2.415865
-2.449910
-2.423733
-2.457627
-2.432055
-2.466705
-2.440831
-2.475178
-2.450666
-2.485921
-2.461560
-2.496362
-2.471547
-2.505592
-2.481685
-2.516940
-2.491217
-2.526775
-2.502414
-2.537367
-2.513460
-2.547807
-2.523446
-2.558248
-2.532071
-2.566570
-2.541906
-2.574740
-2.548110
-2.580036
-2.555373
-2.588055
-2.560971
-2.593351
-2.565813
-2.597588
-2.569142
-2.599101
-2.571563
-2.601976
-2.574589
-2.603186
-2.574892
-2.603186
-2.574438
-2.602127
-2.572622
-2.598799
-2.568385
-2.593957
-2.560971
-2.586543
-2.554919
-2.578977
-2.547505
-2.570352
-2.537367
-2.560971
-2.527986
-2.551439
-2.519058
-2.541452
-2.509223
-2.529650
-2.497875
-2.519966
-2.487435
-2.509223
-2.476691
-2.497270
-2.466705
-2.488040
-2.456719
-2.477146
-2.446429
-2.468067
-2.437654
-2.460047
-2.430542
-2.453238
-2.424338
-2.446732
-2.418740
-2.442193
-2.414654
-2.438259
-2.409510
-2.432358
-2.406938
-2.431752
-2.406635
-2.431450
-2.406484
-2.432207
-2.408299
-2.433417
-2.410872
-2.437502
-2.414201
-2.442193
-2.420102
-2.448548
-2.428121
-2.457021
-2.436443
-2.464738
-2.445370
-2.474876
-2.455962
-2.485165
-2.465797
-2.495303
-2.475935
-2.505894
-2.485619
-2.515881
-2.497118
-2.526775
-2.506651
-2.536610
-2.516940
-2.546748
-2.527834
-2.556886
-2.537215
-2.564148
-2.545840
-2.573984
-2.554767
-2.580944
-2.560517
-2.587148
-2.567326
-2.591990
-2.572017
-2.597134
-2.575951
-2.600614
-2.579128
-2.602733
-2.581247
-2.601976
-2.579431
-2.600766
-2.577766
-2.597739
-2.573833
-2.593654
-2.570352
-2.588661
-2.565056
-2.583668
-2.558399
-2.576707
-2.551741
-2.568537
-2.543268
-2.559155
-2.533735
-2.550077
-2.523900
-2.538123
-2.513309
-2.529045
-2.503927
-2.519058
-2.493638
-2.507559
-2.480928
-2.496665
-2.470185
-2.485921
-2.461258
-2.475027
-2.451120
-2.464889
-2.442798
-2.458081
-2.435687
-2.449910
-2.426911
-2.443706
-2.422674
-2.439167
-2.419043
-2.435081
-2.414806
-2.431450
-2.412688
-2.430239
-2.410720
-2.429029
-2.411326
-2.429332
-2.411931
-2.431450
-2.416168
-2.434779
-2.420404
-2.439167
-2.425852
-2.446732
-2.433417
-2.454146
-2.441890
-2.463074
-2.451423
-2.472909
-2.461560
-2.482593
-2.471547
-2.492882
-2.480626
-2.502414
-2.492125
-2.513460
-2.503171
-2.524051
-2.512703
-2.532525
-2.522841
-2.543268
-2.533735
-2.553708
-2.543873
-2.563089
-2.553103
-2.572017
-2.560971
-2.577766
-2.567175
-2.585029
-2.574135
-2.591082
-2.579582
-2.595621
-2.583668
-2.598647
-2.585181
-2.598799
-2.586543
-2.598345
-2.584121
-2.596983
-2.584121
-2.596378
-2.582457
-2.593049
-2.578674
-2.588510
-2.572471
-2.582306
-2.567024
-2.575346
-2.558248
-2.566721
-2.548866
-2.556734
-2.540998
-2.546143
-2.531012
-2.536913
-2.521177
-2.527078
-2.511039
-2.516184
-2.500598
-2.505440
-2.490309
-2.494697
-2.479566
-2.484408
-2.468067
-2.473514
-2.459594
-2.462922
-2.450364
-2.455357
-2.443403
-2.448699
-2.436897
-2.441436
-2.430239
-2.435687
-2.424792
-2.430845
-2.420858
-2.428121
-2.417681
-2.423733
-2.415108
-2.422977
-2.416773
-2.425095
-2.419648
-2.427970
-2.422977
-2.432055
-2.426305
-2.436594
-2.433417
-2.443403
-2.438864
-2.449910
-2.448094
-2.457324
-2.456719
-2.467764
-2.467008
-2.477448
-2.477448
-2.488494
-2.488494
-2.499085
-2.499691
-2.510434
-2.510887
-2.521177
-2.520874
-2.531919
-2.531617
-2.541755
-2.540242
-2.549774
-2.550531
-2.559609
-2.559761
-2.567629
-2.567931
-2.575043
-2.575043
-2.582003
-2.581398
-2.585483
-2.584121
-2.590174
-2.589115
-2.594259
-2.592141
-2.595621
-2.593503
-2.596680
-2.592292
-2.595167
-2.591990
-2.592444
-2.589266
-2.589569
-2.584878
-2.585181
-2.580339
-2.578977
-2.573833
-2.572168
-2.565964
-2.563846
-2.558096
-2.552952
-2.547656
-2.544176
-2.537972
-2.533887
-2.528137
-2.522992
-2.517394
-2.512098
-2.506046
-2.501355
-2.495757
-2.490309
-2.485014
-2.479718
-2.474573
-2.469731
-2.464738
-2.459896
-2.455054
-2.450818
-2.446429
-2.441588
-2.440226
-2.436292
-2.435081
-2.431450
-2.431147
-2.426911
-2.427213
-2.424490
-2.424490
-2.422371
-2.424338
-2.422371
-2.425246
-2.422523
-2.426457
-2.424944
-2.428121
-2.427667
-2.433719
-2.433417
-2.440075
-2.438561
-2.445673
-2.446429
-2.454600
-2.455357
-2.463982
-2.464738
-2.473514
-2.474271
-2.483954
-2.485014
-2.494697
-2.495152
-2.505138
-2.505440
-2.515729
-2.516486
-2.527229
-2.527078
-2.537821
-2.536610
-2.546899
-2.545689
-2.555070
-2.553859
-2.563392
-2.560366
-2.570806
-2.568990
-2.579279
-2.575951
-2.585937
-2.581852
-2.591384
-2.586240
-2.595924
-2.588358
-2.597285
-2.590628
-2.598950
-2.591384
-2.599555
-2.591082
-2.598799
-2.588963
-2.594259
-2.583214
-2.589266
-2.578069
-2.584727
-2.571865
-2.576556
-2.564148
-2.570352
-2.556583
-2.562333
-2.547505
-2.551439
-2.537064
-2.543116
-2.527078
-2.532676
-2.516788
-2.521933
-2.505289
-2.510887
-2.494849
-2.499237
-2.483047
-2.489856
-2.472909
-2.479415
-2.463225
-2.470790
-2.453844
-2.460501
-2.445068
-2.453844
-2.438259
-2.447035
-2.431752
-2.440226
-2.425246
-2.435838
-2.421463
-2.432660
-2.418286
-2.431147
-2.416773
-2.430239
-2.414957
-2.429785
-2.416621
-2.431904
-2.418135
-2.434627
-2.420858
-2.436897
-2.424490
-2.442647
-2.431299
-2.450515
-2.439620
-2.459896
-2.447640
-2.468218
-2.457324
-2.478507
-2.467462
-2.488948
-2.477902
-2.499539
-2.488494
-2.510736
-2.499237
-2.521479
-2.509828
-2.532374
-2.519815
-2.542663
-2.528591
-2.552044
-2.538728
-2.561879
-2.546748
-2.570050
-2.555826
-2.578523
-2.563695
-2.585181
-2.568688
-2.591233
-2.574589
-2.596529
-2.579279
-2.600463
-2.582306
-2.603641
-2.582608
-2.603641
-2.583668
-2.604094
-2.582760
-2.603035
-2.581095
-2.600160
-2.577161
-2.595924
-2.570655
-2.589417
-2.565208
-2.583365
-2.557188
-2.574740
-2.549017
-2.566116
-2.538275
-2.556432
-2.529650
-2.547050
-2.519512
-2.536610
-2.508920
-2.526170
-2.498178
-2.515881
-2.487435
-2.503171
-2.475632
-2.493789
-2.465495
-2.484711
-2.456567
-2.475632
-2.447489
-2.465646
-2.438108
-2.458534
-2.429180
-2.450515
-2.423279
-2.443252
-2.416470
-2.439620
-2.413293
-2.436897
-2.410720
-2.432963
-2.407240
-2.432509
-2.405727
-2.431904
-2.406635
-2.431752
-2.408451
-2.435081
-2.409964
-2.437956
-2.415108
-2.445522
-2.422825
-2.453692
-2.430996
-2.461863
-2.439620
-2.471093
-2.448699
-2.481231
-2.458837
-2.491974
-2.469580
-2.501204
-2.479264
-2.511493
-2.489402
-2.521782
-2.499388
-2.533584
-2.510736
-2.543419
-2.520118
-2.554616
-2.530709
-2.564148
-2.539636
-2.572168
-2.547656
-2.580793
-2.554465
-2.588207
-2.561425
-2.594562
-2.567175
-2.598193
-2.570352
-2.600917
-2.572320
-2.604548
-2.575194
-2.606969
-2.576102
-2.606667
-2.574286
-2.604851
-2.570504
-2.601371
-2.568385
-2.597891
-2.563089
-2.592292
-2.557642
-2.586543
-2.550682
-2.577615
-2.541604
-2.569142
-2.532525
-2.560517
-2.521782
-2.547807
-2.510736
-2.538728
-2.500750
-2.528440
-2.490461
-2.517848
-2.477751
-2.504835
-2.467159
-2.495454
-2.457173
-2.486224
-2.447791
-2.476691
-2.438713
-2.467159
-2.428121
-2.458988
-2.421766
-2.452785
-2.414049
-2.445824
-2.409661
-2.441890
-2.405727
-2.438713
-2.403306
-2.436746
-2.401642
-2.434022
-2.399826
-2.435384
-2.401037
-2.437200
-2.403609
-2.438713
-2.404971
-2.443403
-2.410569
-2.449153
-2.416773
-2.456719
-2.424792
-2.465343
-2.433266
-2.473817
-2.441890
-2.483349
-2.449910
-2.491822
-2.460804
-2.503171
-2.471698
-2.513006
-2.481836
-2.523144
-2.490612
-2.534341
-2.502263
-2.545991
-2.513157
-2.556281
-2.522992
-2.566116
-2.532374
-2.575346
-2.540090
-2.581247
-2.546294
-2.588812
-2.553103
-2.595621
-2.558853
-2.600614
-2.563089
-2.603186
-2.565359
-2.606515
-2.565964
-2.606818
-2.567175
-2.605608
-2.565662
-2.605608
-2.563241
-2.602581
-2.558702
-2.597134
-2.554314
-2.592746
-2.549320
-2.586694
-2.540393
-2.577918
-2.531768
-2.569293
-2.523900
-2.560366
-2.514216
-2.549925
-2.503927
-2.539788
-2.493336
-2.529650
-2.482744
-2.518604
-2.469882
-2.506953
-2.458988
-2.495908
-2.449002
-2.485619
-2.439469
-2.477146
-2.429634
-2.468218
-2.422220
-2.460955
-2.415411
-2.454600
-2.408905
-2.448850
-2.404063
-2.442496
-2.398464
-2.439772
-2.396044
-2.437502
-2.394076
-2.436443
-2.393471
-2.436746
-2.394530
-2.438108
-2.395741
-2.440377
-2.399221
-2.444765
-2.403912
-2.450515
-2.410418
-2.457324
-2.417529
-2.465343
-2.425549
-2.472757
-2.434174
-2.483047
-2.443706
-2.493184
-2.452785
-2.501960
-2.462922
-2.513611
-2.473060
-2.522992
-2.482290
-2.533130
-2.492882
-2.543268
-2.503776
-2.554162
-2.513611
-2.564603
-2.523749
-2.574438
-2.532071
-2.581549
-2.539636
-2.589266
-2.546748
-2.595924
-2.552346
-2.600766
-2.556281
-2.604700
-2.559458
-2.607423
-2.561425
-2.608331
-2.562030
-2.607272
-2.560215
-2.605154
-2.557794
-2.603035
-2.552649
-2.597739
-2.548413
-2.593049
-2.543116
-2.586845
-2.535854
-2.579279
-2.527683
-2.570806
-2.518302
-2.561122
-2.508467
-2.551287
-2.498480
-2.540998
-2.488494
-2.530406
-2.476994
-2.519361
-2.466100
-2.508769
-2.455811
-2.497875
-2.444765
-2.487586
-2.435081
-2.477448
-2.425398
-2.469277
-2.415411
-2.460199
-2.407997
-2.453238
-2.400734
-2.445370
-2.394228
-2.441134
-2.391201
-2.437805
-2.388932
-2.436594
-2.387268
-2.435989
-2.385300
-2.433417
-2.386360
-2.434779
-2.388024
-2.439167
-2.390899
-2.442798
-2.395589
-2.448548
-2.402853
-2.456265
-2.410720
-2.464889
-2.419799
-2.473363
-2.428575
-2.483500
-2.438713
-2.494244
-2.449153
-2.504986
-2.459442
-2.515427
-2.469882
-2.526018
-2.479869
-2.536308
-2.489856
-2.546597
-2.498783
-2.555221
-2.509223
-2.566116
-2.519058
-2.575043
-2.525262
-2.581398
-2.533735
-2.589266
-2.539031
-2.593503
-2.544478
-2.598496
-2.547202
-2.600463
-2.550682
-2.604397
-2.552346
-2.606213
-2.554011
-2.606213
-2.553557
-2.605305
-2.551741
-2.603186
-2.548413
-2.599404
-2.543722
-2.594108
-2.537367
-2.586391
-2.529801
-2.579128
-2.520723
-2.569444
-2.511795
-2.560063
-2.501658
-2.550228
-2.492428
-2.540393
-2.481836
-2.529953
-2.471547
-2.519512
-2.459896
-2.508315
-2.450212
-2.497875
-2.439923
-2.488040
-2.430088
-2.477448
-2.420253
-2.467159
-2.410872
-2.460350
-2.404366
-2.453541
-2.397405
-2.447640
-2.392261
-2.442647
-2.388175
-2.439318
-2.384998
-2.437502
-2.383182
-2.436594
-2.381215
-2.435687
-2.382577
-2.436897
-2.384847
-2.438561
-2.387873
-2.443252
-2.391655
-2.447337
-2.397557
-2.455659
-2.405879
-2.464436
-2.414654
-2.472001
-2.421766
-2.479566
-2.429634
-2.488645
-2.440528
-2.500901
-2.451877
-2.511190
-2.462771
-2.523295
-2.474573
-2.535551
-2.483954
-2.545084
-2.494697
-2.555373
-2.505592
-2.565208
-2.514519
-2.573530
-2.521025
-2.580944
-2.529499
-2.588207
-2.535854
-2.594562
-2.540090
-2.598799
-2.544781
-2.602278
-2.548564
-2.605608
-2.550531
-2.605910
-2.550531
-2.606969
-2.548715
-2.602733
-2.545689
-2.600160
-2.541604
-2.595924
-2.538123
-2.590930
-2.532374
-2.583214
-2.524808
-2.576859
-2.517091
-2.568688
-2.508164
-2.559458
-2.498178
-2.547807
-2.487586
-2.537518
-2.476691
-2.527532
-2.466251
-2.517091
-2.456114
-2.506500
-2.445673
-2.496665
-2.434174
-2.484862
-2.425398
-2.476843
-2.416924
-2.467916
-2.408602
-2.460199
-2.401490
-2.452028
-2.394379
-2.446883
-2.389386
-2.442798
-2.385906
-2.437805
-2.381669
-2.435687
-2.380156
-2.435233
-2.380156
-2.435838
-2.379399
-2.436141
-2.382123
-2.439620
-2.384847
-2.442798
-2.389083
-2.447489
-2.396044
-2.455508
-2.404214
-2.464133
-2.412990
-2.471698
-2.421010
-2.481836
-2.430845
-2.491066
-2.440528
-2.501658
-2.451574
-2.513460
-2.462922
-2.522992
-2.473212
-2.534795
-2.482593
-2.544781
-2.492276
-2.554314
-2.502717
-2.563846
-2.512401
-2.573379
-2.520874
-2.580793
-2.528288
-2.588207
-2.535249
-2.594259
-2.540544
-2.598950
-2.544781
-2.601219
-2.547505
-2.605154
-2.550228
-2.607121
-2.551287
-2.606969
-2.550833
-2.605608
-2.548564
-2.602430
-2.543419
-2.595470
-2.538123
-2.591233
-2.532979
-2.585181
-2.526775
-2.577766
-2.518302
-2.569142
-2.509526
-2.560215
-2.500750
-2.549925
-2.489856
-2.539334
-2.478658
-2.527834
-2.468521
-2.517696
-2.458686
-2.507256
-2.446883
-2.495908
-2.437805
-2.486527
-2.428726
-2.476994
-2.418891
-2.467613
-2.409359
-2.457929
-2.401945
-2.452028
-2.396800
-2.446883
-2.392412
-2.441436
-2.387419
-2.437654
-2.383333
-2.434930
-2.382879
-2.434476
-2.382879
-2.435384
-2.384241
-2.437048
-2.385452
-2.438561
-2.389537
-2.443555
-2.394682
-2.449607
-2.400583
-2.456567
-2.408905
-2.463982
-2.417076
-2.473212
-2.426911
-2.483349
-2.437048
-2.493487
-2.447186
-2.503473
-2.457475
-2.512703
-2.467310
-2.523295
-2.477599
-2.534038
-2.488645
-2.545386
-2.499237
-2.555675
-2.508769
-2.565208
-2.518151
-2.574135
-2.526775
-2.580793
-2.533130
-2.586240
-2.537669
-2.591233
-2.542663
-2.596983
-2.548564
-2.601825
-2.552498
-2.605154
-2.554465
-2.605608
-2.555070
-2.604094
-2.553254
-2.603943
-2.552649
-2.601522
-2.548564
-2.597134
-2.544478
-2.591536
-2.538426
-2.585635
-2.531768
-2.577615
-2.523597
-2.568990
-2.514670
-2.559307
-2.504533
-2.549169
-2.492730
-2.537367
-2.483652
-2.527229
-2.473363
-2.517243
-2.463225
-2.506500
-2.452179
-2.495757
-2.441134
-2.485165
-2.432055
-2.475935
-2.422674
-2.467159
-2.415260
-2.459442
-2.408299
-2.452785
-2.401642
-2.445219
-2.396044
-2.440226
-2.391504
-2.437956
-2.389235
-2.436141
-2.388175
-2.434627
-2.387419
-2.434022
-2.386360
-2.435384
-2.388932
-2.436746
-2.391958
-2.441739
-2.397859
-2.448245
-2.405122
-2.456114
-2.413141
-2.464133
-2.421917
-2.472757
-2.431147
-2.482593
-2.440377
-2.492428
-2.451272
-2.503019
-2.460350
-2.512855
-2.471849
-2.524203
-2.483198
-2.535400
-2.493941
-2.544176
-2.503322
-2.554465
-2.513157
-2.564754
-2.522992
-2.573984
-2.529801
-2.579128
-2.537367
-2.586240
-2.543722
-2.593200
-2.549472
-2.598193
-2.554616
-2.602430
-2.558096
-2.605456
-2.560971
-2.607121
-2.561122
-2.606969
-2.560971
-2.605154
-2.559004
-2.602278
-2.555070
-2.597588
-2.548715
-2.591384
-2.543722
-2.584727
-2.536610
-2.577312
-2.528893
-2.568688
-2.520118
-2.559307
-2.510736
-2.549623
-2.500750
-2.537669
-2.489553
-2.527834
-2.479718
-2.517243
-2.469126
-2.506197
-2.458686
-2.496362
-2.448699
-2.485467
-2.438259
-2.475632
-2.429785
-2.467310
-2.420102
-2.458383
-2.413595
-2.450818
-2.407543
-2.446127
-2.401490
-2.440528
-2.398464
-2.437502
-2.393925
-2.433568
-2.391807
-2.430845
-2.391655
-2.432509
-2.393925
-2.433266
-2.394530
-2.436746
-2.398313
-2.440528
-2.404063
-2.446581
-2.410115
-2.451725
-2.417529
-2.460804
-2.426154
-2.470185
-2.435081
-2.479415
-2.445673
-2.488343
-2.455357
-2.498026
-2.465646
-2.509979
-2.477751
-2.521479
-2.489250
-2.532827
-2.500598
-2.543722
-2.509375
-2.553254
-2.520420
-2.562938
-2.528742
-2.571109
-2.538275
-2.579128
-2.546294
-2.585332
-2.552346
-2.592444
-2.558702
-2.597588
-2.563241
-2.601673
-2.567326
-2.605002
-2.569596
-2.606213
-2.569142
-2.605456
-2.567931
-2.603186
-2.566418
-2.600160
-2.563089
-2.596378
-2.559307
-2.591233
-2.553406
-2.584575
-2.545991
-2.576707
-2.538577
-2.568385
-2.529499
-2.558550
-2.519966
-2.547958
-2.508618
-2.537367
-2.499237
-2.527078
-2.488948
-2.516184
-2.476843
-2.504079
-2.466705
-2.493789
-2.456416
-2.483954
-2.447640
-2.475027
-2.438864
-2.466100
-2.430996
-2.456719
-2.422523
-2.450212
-2.416773
-2.444614
-2.411326
-2.438864
-2.406938
-2.434325
-2.402853
-2.432358
-2.401793
-2.431299
-2.401945
-2.432207
-2.403306
-2.433266
-2.405576
-2.436443
-2.408753
-2.439923
-2.412385
-2.444160
-2.418740
-2.452179
-2.426608
-2.458686
-2.435384
-2.468521
-2.443403
-2.477448
-2.455054
-2.488948
-2.466554
-2.498480
-2.476389
-2.509375
-2.485921
-2.519058
-2.497572
-2.531314
-2.509223
-2.542057
-2.519512
-2.552044
-2.529499
-2.561728
-2.537972
-2.569444
-2.545840
-2.576102
-2.552800
-2.582306
-2.558399
-2.588055
-2.563543
-2.591536
-2.567024
-2.594411
-2.569142
-2.595167
-2.569596
-2.595924
-2.569293
-2.594411
-2.567477
-2.591838
-2.563089
-2.586543
-2.558550
-2.581549
-2.552952
-2.575194
-2.547050
-2.568083
-2.540242
-2.561728
-2.533584
-2.554011
-2.526018
-2.546143
-2.516637
-2.537821
-2.510282
-2.530255
-2.502112
-2.522236
-2.496816
-2.517848
-2.492579
-2.514065
-2.489402
-2.510282
-2.486224
-2.507861
-2.482895
-2.505289
-2.482593
-2.503473
-2.481382
-2.502868
-2.480474
-2.502868
-2.481685
-2.502263
-2.481685
-2.504381
-2.483500
-2.504381
-2.484257
-2.506348
-2.485619
-2.506500
-2.486829
-2.508618
-2.486829
-2.507559
-2.486980
-2.508315
-2.487283
-2.509828
-2.490612
-2.511947
-2.491369
-2.512401
-2.493033
-2.512855
-2.492276
-2.512249
-2.493789
-2.514065
-2.495152
-2.515427
-2.496665
-2.515729
-2.496513
-2.515881
-2.497421
-2.516637
-2.497875
-2.514822
-2.497118
-2.515881
-2.496513
-2.513914
-2.495757
-2.513611
-2.496816
-2.514519
-2.497724
-2.515427
-2.498329
-2.516032
-2.499085
-2.514519
-2.498783
-2.515729
-2.499993
-2.516637
-2.500447
-2.514973
-2.499539
-2.516032
-2.500296
-2.516032
-2.500750
-2.516032
-2.500145
-2.516032
-2.500447
-2.515276
-2.499993
-2.515124
-2.500901
-2.513914
-2.499085
-2.513914
-2.499993
-2.513611
-2.500447
-2.514670
-2.501506
-2.515276
-2.502263
-2.515427
-2.502112
-2.515124
-2.502717
-2.515276
-2.502414
-2.515276
-2.502717
-2.514519
-2.502112
-2.513460
-2.501052
-2.512703
-2.501809
-2.513611
-2.502263
-2.514065
-2.503171
-2.514368
-2.502112
-2.513006
-2.503171
-2.513914
-2.503171
-2.512855
-2.503473
-2.513460
-2.501960
-2.511190
-2.502112
-2.510736
-2.501960
-2.511795
-2.503322
-2.512703
-2.504381
-2.513611
-2.503625
-2.512249
-2.504533
-2.513309
-2.505440
-2.513914
-2.505894
-2.511947
-2.504835
-2.512855
-2.505138
-2.512098
-2.505289
-2.512552
-2.504533
-2.511342
-2.503776
-2.510887
-2.503171
-2.510282
-2.504684
-2.511190
-2.505743
-2.512098
-2.506500
-2.510585
-2.506046
-2.512098
-2.507105
-2.512703
-2.507407
-2.512703
-2.506348
-2.511342
-2.507256
-2.511342
-2.506953
-2.511795
-2.507407
-2.510585
-2.505440
-2.508618
-2.504835
-2.508164
-2.505440
-2.509677
-2.506500
-2.510887
-2.507710
-2.511190
-2.506651
-2.510434
-2.507710
-2.511039
-2.508013
-2.511039
-2.508467
-2.511039
-2.507256
-2.508920
-2.507105
-2.509677
-2.507559
-2.510131
-2.508467
-2.510585
-2.509375
-2.511190
-2.509828
-2.509526
-2.508920
-2.509979
-2.507559
-2.507256
-2.505743
-2.507710
-2.507710
-2.509223
-2.509223
-2.510131
-2.509677
-2.509979
-2.508315
-2.507105
-2.507256
-2.508164
-2.509072
-2.507710
-2.508467
-2.508618
-2.509979
-2.508618
-2.508920
-2.508315
-2.509828
-2.507256
-2.508769
-2.508467
-2.510282
-2.508013
-2.509526
-2.508315
-2.511039
-2.508920
-2.510887
-2.508618
-2.511039
-2.508920
-2.511493
-2.509526
-2.512249
-2.509375
-2.510736
-2.507559
-2.510736
-2.508013
-2.509979
-2.505592
-2.509677
-2.506953
-2.511039
-2.508013
-2.511644
-2.508164
-2.512098
-2.508164
-2.511039
-2.506651
-2.511795
-2.507861
-2.511947
-2.507407
-2.512552
-2.507256
-2.511644
-2.505743
-2.510736
-2.506197
-2.511947
-2.506953
-2.513157
-2.506651
-2.512855
-2.507559
-2.513309
-2.507256
-2.513611
-2.507559
-2.513762
-2.507105
-2.511795
-2.505743
-2.511644
-2.505138
-2.512401
-2.505289
-2.512855
-2.506197
-2.513460
-2.504533
-2.511493
-2.503776
-2.512098
-2.504533
-2.513460
-2.504835
-2.513157
-2.505289
-2.513914
-2.505592
-2.514670
-2.506046
-2.514973
-2.506046
-2.514822
-2.505440
-2.514822
-2.505743
-2.515578
-2.505743
-2.515276
-2.504230
-2.513006
-2.503473
-2.514065
-2.504230
-2.514368
-2.502566
-2.513309
-2.502112
-2.513762
-2.503322
-2.513157
-2.502868
-2.514216
-2.501809
-2.513611
-2.502717
-2.513006
-2.501809
-2.513762
-2.502112
-2.513611
-2.501960
-2.513006
-2.501355
-2.514065
-2.502414
-2.513914
-2.500901
-2.512703
-2.500447
-2.514065
-2.501960
-2.514519
-2.500750
-2.513157
-2.499691
-2.514368
-2.501355
-2.515124
-2.500296
-2.513460
-2.499993
-2.515276
-2.501355
-2.516637
-2.501204
-2.515276
-2.501355
-2.516032
-2.501506
-2.516940
-2.501809
-2.516788
-2.501658
-2.516940
-2.501960
-2.517848
-2.502263
-2.517091
-2.501204
-2.517394
-2.501355
-2.517999
-2.501658
-2.517696
-2.500901
-2.517696
-2.500901
-2.517848
-2.501355
-2.518151
-2.501204
-2.518453
-2.500447
-2.516486
-2.499842
-2.517848
-2.500145
-2.518302
-2.500296
-2.516788
-2.499085
-2.517696
-2.499842
-2.518302
-2.499842
-2.516788
-2.498631
-2.518151
-2.499388
-2.518302
-2.499237
-2.518907
-2.499691
-2.519512
-2.499539
-2.518604
-2.498934
-2.518756
-2.499085
-2.517848
-2.498329
-2.518604
-2.498329
-2.517545
-2.496513
-2.517848
-2.497572
-2.518302
-2.497724
-2.518756
-2.498480
-2.518453
-2.497572
-2.519210
-2.498178
-2.519361
-2.497875
-2.519815
-2.497572
-2.517999
-2.494697
-2.517243
-2.495605
-2.516637
-2.495908
-2.518453
-2.496665
-2.518756
-2.496967
-2.519512
-2.496059
-2.518907
-2.496513
-2.519512
-2.496967
-2.520118
-2.496816
-2.520118
-2.496816
-2.520269
-2.496967
-2.520571
-2.497118
-2.520420
-2.496665
-2.520571
-2.496362
-2.520118
-2.496665
-2.519815
-2.495605
-2.519664
-2.495303
-2.519664
-2.495605
-2.519815
-2.493789
-2.517394
-2.492579
-2.516184
-2.492276
-2.518302
-2.493184
-2.518453
-2.493487
-2.519058
-2.493941
-2.519664
-2.494546
-2.520269
-2.495000
-2.520571
-2.495454
-2.519815
-2.494395
-2.520571
-2.494697
-2.520571
-2.494849
-2.520269
-2.494849
-2.520723
-2.494395
-2.521177
-2.494697
-2.521025
-2.494395
-2.520874
-2.494395
-2.521328
-2.494697
-2.521631
-2.493184
-2.520723
-2.493638
-2.520874
-2.493789
-2.521328
-2.493336
-2.520723
-2.493184
-2.520571
-2.492882
-2.521025
-2.493789
-2.520118
-2.492276
-2.518604
-2.490007
-2.517545
-2.490612
-2.518907
-2.490763
-2.519361
-2.491217
-2.520118
-2.491974
-2.518907
-2.491066
-2.520269
-2.491822
-2.520874
-2.492428
-2.520723
-2.492276
-2.521479
-2.492428
-2.521933
-2.492882
-2.521631
-2.492428
-2.521782
-2.492125
-2.521479
-2.491217
-2.521328
-2.491822
-2.521177
-2.491217
-2.521177
-2.490763
-2.521479
-2.490915
-2.521025
-2.490763
-2.520723
-2.488948
-2.520269
-2.489553
-2.520269
-2.490007
-2.521025
-2.490612
-2.521479
-2.490612
-2.521782
-2.491066
-2.521782
-2.490612
-2.520420
-2.490007
-2.520420
-2.489099
-2.520571
-2.489402
-2.521025
-2.489704
-2.519512
-2.486678
-2.517696
-2.485316
-2.518907
-2.487888
-2.518756
-2.487435
-2.519966
-2.488645
-2.521177
-2.489250
-2.521479
-2.489099
-2.521782
-2.489402
-2.522084
-2.487737
-2.521025
-2.488796
-2.521177
-2.488494
-2.521631
-2.488343
-2.521631
-2.488040
-2.520420
-2.486980
-2.519815
-2.487132
-2.520874
-2.485921
-2.518302
-2.484408
-2.517394
-2.485165
-2.519210
-2.486073
-2.520269
-2.486527
-2.521025
-2.487737
-2.521177
-2.487586
-2.521782
-2.487888
-2.522236
-2.488494
-2.522538
-2.488494
-2.522690
-2.488191
-2.522690
-2.488494
-2.521782
-2.487737
-2.522236
-2.487435
-2.522236
-2.487586
-2.520723
-2.486678
-2.522084
-2.486829
-2.521933
-2.486980
-2.521933
-2.487132
-2.522538
-2.487132
-2.522538
-2.487435
-2.522992
-2.487132
-2.522538
-2.487132
-2.522690
-2.486527
-2.522538
-2.486980
-2.521782
-2.484862
-2.519966
-2.483652
-2.519815
-2.484257
-2.520874
-2.484862
-2.521328
-2.485619
-2.522236
-2.485921
-2.522084
-2.484106
-2.520420
-2.484257
-2.521025
-2.483500
-2.520874
-2.484560
-2.521328
-2.484862
-2.521782
-2.485467
-2.520723
-2.484408
-2.521782
-2.484408
-2.520269
-2.482441
-2.520571
-2.483954
-2.521479
-2.484257
-2.521782
-2.484862
-2.522084
-2.483349
-2.521025
-2.482139
-2.519966
-2.482744
-2.519815
-2.482895
-2.521177
-2.483652
-2.521782
-2.483954
-2.522236
-2.484257
-2.521025
-2.482139
-2.520420
-2.482139
-2.519058
-2.482139
-2.521177
-2.482895
-2.521782
-2.483500
-2.522236
-2.482895
-2.521631
-2.483047
-2.520118
-2.481231
-2.519361
-2.481382
-2.520420
-2.480474
-2.520118
-2.481382
-2.520420
-2.481685
-2.521479
-2.482441
-2.522084
-2.482744
-2.522387
-2.483198
-2.522084
-2.482895
-2.522841
-2.483047
-2.522387
-2.483198
-2.522992
-2.482139
-2.521479
-2.481080
-2.521025
-2.480172
-2.521025
-2.481382
-2.521933
-2.481836
-2.522538
-2.482441
-2.521177
-2.481534
-2.522084
-2.481836
-2.522084
-2.482139
-2.522841
-2.482290
-2.521328
-2.479415
-2.519815
-2.478356
-2.519815
-2.479869
-2.520571
-2.480021
-2.521328
-2.480928
-2.521933
-2.481231
-2.522387
-2.481685
-2.522690
-2.481534
-2.523295
-2.481836
-2.521479
-2.478961
-2.519210
-2.478658
-2.519210
-2.479113
-2.520571
-2.479415
-2.521328
-2.480021
-2.522084
-2.479264
-2.521479
-2.480323
-2.522236
-2.480928
-2.522690
-2.481080
-2.521177
-2.479566
-2.519966
-2.476843
-2.518151
-2.477448
-2.520420
-2.478658
-2.520874
-2.478961
-2.521631
-2.479264
-2.521782
-2.479869
-2.522387
-2.480021
-2.522841
-2.480928
-2.522538
-2.480021
-2.522841
-2.479869
-2.520571
-2.478961
-2.522387
-2.478053
-2.521025
-2.478658
-2.521479
-2.479264
-2.522236
-2.478053
-2.521328
-2.478356
-2.520269
-2.477902
-2.521479
-2.478507
-2.519966
-2.475632
-2.518453
-2.474725
-2.519361
-2.477146
-2.519512
-2.475330
-2.519512
-2.476691
-2.520118
-2.477599
-2.520723
-2.477297
-2.521177
-2.477751
-2.521631
-2.478658
-2.522538
-2.478961
-2.522387
-2.478961
-2.522992
-2.479113
-2.522387
-2.478810
-2.522387
-2.477297
-2.520571
-2.477448
-2.521631
-2.477751
-2.521933
-2.478053
-2.522538
-2.476843
-2.521933
-2.478205
-2.522236
-2.478356
-2.522538
-2.478810
-2.522690
-2.476843
-2.519815
-2.474876
-2.518604
-2.475178
-2.520420
-2.476389
-2.520874
-2.476843
-2.521479
-2.477297
-2.520420
-2.476843
-2.521782
-2.477599
-2.522387
-2.478356
-2.522992
-2.478205
-2.521631
-2.476843
-2.521933
-2.477146
-2.520571
-2.476691
-2.522084
-2.477448
-2.522387
-2.478053
-2.523295
-2.478356
-2.521328
-2.475481
-2.520571
-2.476086
-2.520420
-2.476238
-2.521933
-2.476994
-2.522387
-2.475481
-2.521177
-2.476540
-2.522236
-2.476843
-2.522236
-2.477297
-2.522992
-2.477902
-2.522841
-2.477146
-2.522841
-2.477751
-2.523446
-2.477751
-2.521479
-2.476086
-2.520269
-2.475481
-2.521631
-2.475784
-2.521631
-2.476238
-2.522236
-2.475027
-2.519966
-2.474876
-2.521479
-2.475935
-2.522236
-2.476238
-2.522538
-2.476691
-2.522841
-2.475481
-2.521631
-2.475784
-2.522236
-2.476086
-2.520420
-2.475027
-2.521782
-2.474119
-2.519664
-2.473212
-2.519966
-2.474725
-2.521177
-2.475330
-2.521933
-2.474725
-2.521782
-2.475632
-2.521782
-2.475330
-2.522236
-2.476086
-2.523144
-2.476086
-2.520874
-2.474422
-2.521177
-2.474725
-2.521782
-2.474119
-2.521177
-2.474725
-2.520118
-2.472304
-2.519966
-2.473665
-2.521479
-2.475027
-2.522236
-2.475481
-2.522690
-2.476086
-2.521177
-2.473665
-2.519361
-2.472606
-2.519664
-2.472001
-2.520269
-2.473968
-2.521479
-2.474573
-2.522538
-2.475784
-2.522538
-2.473514
-2.520118
-2.473212
-2.520420
-2.472001
-2.520571
-2.473665
-2.521479
-2.474422
-2.522387
-2.475330
-2.522992
-2.474422
-2.522236
-2.474422
-2.522236
-2.474725
-2.521631
-2.474573
-2.522387
-2.474876
-2.522841
-2.475330
-2.523446
-2.474876
-2.522538
-2.474573
-2.522538
-2.474725
-2.522236
-2.473968
-2.522538
-2.474119
-2.521025
-2.472152
-2.521177
-2.473514
-2.521328
-2.473363
-2.522084
-2.473817
-2.522084
-2.473817
-2.522538
-2.474422
-2.522690
-2.474422
-2.523295
-2.474119
-2.522084
-2.473212
-2.520269
-2.471849
-2.519361
-2.472001
-2.521479
-2.473060
-2.521631
-2.473514
-2.522387
-2.473665
-2.521631
-2.473060
-2.521782
-2.471396
-2.519512
-2.472001
-2.521025
-2.472152
-2.521782
-2.472909
-2.522084
-2.473514
-2.521479
-2.472606
-2.520420
-2.470488
-2.520269
-2.470034
-2.520420
-2.472001
-2.521328
-2.472606
-2.522538
-2.473060
-2.522387
-2.471698
-2.520420
-2.470185
-2.519664
-2.470337
-2.520420
-2.471547
-2.521328
-2.472304
-2.522236
-2.472909
-2.522841
-2.472606
-2.521328
-2.471244
-2.521631
-2.472455
-2.521479
-2.471849
-2.522236
-2.472606
-2.521177
-2.470034
-2.520723
-2.471547
-2.521631
-2.471849
-2.522084
-2.472304
-2.522538
-2.472909
-2.521933
-2.472001
-2.522236
-2.472152
-2.522992
-2.472757
-2.520874
-2.470185
-2.520874
-2.470942
-2.521479
-2.470790
-2.519966
-2.469126
-2.519664
-2.470034
-2.520874
-2.469277
-2.520269
-2.470639
-2.521328
-2.469429
-2.518907
-2.469277
-2.520874
-2.470790
-2.521782
-2.471396
-2.522387
-2.472001
-2.522992
-2.471849
-2.522538
-2.472001
-2.522841
-2.472304
-2.523144
-2.470639
-2.519815
-2.469731
-2.521328
-2.470790
-2.521025
-2.468975
-2.519815
-2.467916
-2.519512
-2.468975
-2.519058
-2.469277
-2.521025
-2.470034
-2.520269
-2.468369
-2.520118
-2.469580
-2.521631
-2.470639
-2.522084
-2.469731
-2.521479
-2.470790
-2.522538
-2.470942
-2.522538
-2.470942
-2.522690
-2.471244
-2.523144
-2.471244
-2.522841
-2.471396
-2.523144
-2.471849
-2.523295
-2.471396
-2.523144
-2.471396
-2.523446
-2.471698
-2.523144
-2.471093
-2.522992
-2.471093
-2.521328
-2.469882
-2.522084
-2.470639
-2.522690
-2.469126
-2.521328
-2.468521
-2.521177
-2.469731
-2.520571
-2.468823
-2.521479
-2.469429
-2.521328
-2.468369
-2.520420
-2.469126
-2.521631
-2.469882
-2.522538
-2.470185
-2.522538
-2.469126
-2.521782
-2.469580
-2.521782
-2.469277
-2.521177
-2.468975
-2.521631
-2.468369
-2.521177
-2.469277
-2.521933
-2.468218
-2.521328
-2.469126
-2.521782
-2.467916
-2.519512
-2.467916
-2.520723
-2.468975
-2.521631
-2.469580
-2.522084
-2.469580
-2.522236
-2.469731
-2.522690
-2.470034
-2.522992
-2.470185
-2.522538
-2.469277
-2.522084
-2.468218
-2.521328
-2.467764
-2.520269
-2.468521
-2.521631
-2.469277
-2.521933
-2.469580
-2.522387
-2.469580
-2.521025
-2.468672
-2.521933
-2.469580
-2.522236
-2.467764
-2.520723
-2.467916
-2.520874
-2.468218
-2.519815
-2.467008
-2.520723
-2.468218
-2.521177
-2.467159
-2.520118
-2.468067
-2.521328
-2.468823
-2.522387
-2.468823
-2.521479
-2.468823
-2.522236
-2.469429
-2.522690
-2.468823
-2.521631
-2.468672
-2.521933
-2.469126
-2.522538
-2.469580
-2.522236
-2.469580
-2.522538
-2.467613
-2.521933
-2.468823
-2.522538
-2.469277
-2.520571
-2.467310
-2.519815
-2.467159
-2.520874
-2.466100
-2.519966
-2.467310
-2.520874
-2.466856
-2.519210
-2.466251
-2.520420
-2.467764
-2.521933
-2.468369
-2.522236
-2.468975
-2.522538
-2.467310
-2.519664
-2.467159
-2.521328
-2.468218
-2.520118
-2.466705
-2.520723
-2.466856
-2.519815
-2.466403
-2.519210
-2.466251
-2.520571
-2.467008
-2.519512
-2.465041
-2.519664
-2.466705
-2.521025
-2.467764
-2.521933
-2.468218
-2.521933
-2.468823
-2.520874
-2.466554
-2.520874
-2.467764
-2.521631
-2.466554
-2.520420
-2.466856
-2.519815
-2.466403
-2.520269
-2.466251
-2.520723
-2.467310
-2.521933
-2.467159
-2.520723
-2.466856
-2.521479
-2.468067
-2.522236
-2.468521
-2.522538
-2.468369
-2.522387
-2.467159
-2.521631
-2.467916
-2.521933
-2.468067
-2.520723
-2.466554
-2.521177
-2.466100
-2.520571
-2.465646
-2.520269
-2.466856
-2.521479
-2.467613
-2.521479
-2.467462
-2.521782
-2.467613
-2.520571
-2.466856
-2.521479
-2.467764
-2.520723
-2.467008
-2.521328
-2.467159
-2.520874
-2.466856
-2.521631
-2.467310
-2.521782
-2.467613
-2.522236
-2.467764
-2.520571
-2.466554
-2.521328
-2.467462
-2.522236
-2.467916
-2.522236
-2.466554
-2.521328
-2.467159
-2.521782
-2.467462
-2.522084
-2.467613
-2.520420
-2.466100
-2.520571
-2.465495
-2.520420
-2.466251
-2.520571
-2.466554
-2.519815
-2.464738
-2.519815
-2.465797
-2.520723
-2.464738
-2.518907
-2.464436
-2.518302
-2.464587
-2.519815
-2.464133
-2.518302
-2.463074
-2.517545
-2.464133
-2.519361
-2.464133
-2.517696
-2.463074
-2.517243
-2.463225
-2.519058
-2.463830
-2.519210
-2.464284
-2.518907
-2.464738
-2.519966
-2.465343
-2.521025
-2.466554
-2.521479
-2.466856
-2.521479
-2.466856
-2.521631
-2.467159
-2.522084
-2.465343
-2.521025
-2.466403
-2.520118
-2.464284
-2.518756
-2.463982
-2.519815
-2.464133
-2.519966
-2.465343
-2.521025
-2.466100
-2.521328
-2.466403
-2.521933
-2.467159
-2.522236
-2.467159
-2.520723
-2.466100
-2.521328
-2.465192
-2.519512
-2.463679
-2.519361
-2.464587
-2.518756
-2.464738
-2.520420
-2.465646
-2.521328
-2.465646
-2.521025
-2.465949
-2.521933
-2.466856
-2.522236
-2.466100
-2.521782
-2.466403
-2.521631
-2.466403
-2.520269
-2.465797
-2.521328
-2.465495
-2.521631
-2.465949
-2.521782
-2.466705
-2.521177
-2.466251
-2.521782
-2.466403
-2.522084
-2.466403
-2.521933
-2.464738
-2.520420
-2.464889
-2.520269
-2.465343
-2.520723
-2.465646
-2.521479
-2.466251
-2.521933
-2.466554
-2.521631
-2.466403
-2.520118
-2.464133
-2.519210
-2.462771
-2.519512
-2.464284
-2.518756
-2.463830
-2.519210
-2.464133
-2.520118
-2.464889
-2.520269
-2.464738
-2.519664
-2.464284
-2.520269
-2.465192
-2.519210
-2.464436
-2.520420
-2.464738
-2.520723
-2.465192
-2.520269
-2.465192
-2.521177
-2.465343
-2.521328
-2.465646
-2.521328
-2.465949
-2.522084
-2.466554
-2.522538
-2.465343
-2.521328
-2.465646
-2.521933
-2.466403
-2.522236
-2.466100
-2.521933
-2.465797
-2.520269
-2.464133
-2.518604
-2.463830
-2.520118
-2.463376
-2.519815
-2.463225
-2.517848
-2.463225
-2.519815
-2.463830
-2.519966
-2.464436
-2.520723
-2.465192
-2.521025
-2.465192
-2.521479
-2.466100
-2.522236
-2.466251
-2.520571
-2.465343
-2.521328
-2.465192
-2.521328
-2.464133
-2.520420
-2.464587
-2.520723
-2.464738
-2.521025
-2.465343
-2.521479
-2.464889
-2.521479
-2.465646
-2.522084
-2.466100
-2.521631
-2.465797
-2.520571
-2.464436
-2.520269
-2.464133
-2.521177
-2.463679
-2.520420
-2.464738
-2.521328
-2.465797
-2.521328
-2.465646
-2.521782
-2.464284
-2.519058
-2.462468
-2.519058
-2.463830
-2.518756
-2.463528
-2.520420
-2.464436
-2.520571
-2.464738
-2.521025
-2.465192
-2.521933
-2.465949
-2.521782
-2.465041
-2.521479
-2.464284
-2.520723
-2.464738
-2.520420
-2.464738
-2.520874
-2.464889
-2.521328
-2.465495
-2.521933
-2.465797
-2.521177
-2.465495
-2.521933
-2.465797
-2.522236
-2.465797
-2.521479
-2.465646
-2.520723
-2.464284
-2.520874
-2.464133
-2.520874
-2.464889
-2.519664
-2.462922
-2.518151
-2.461560
-2.518907
-2.463074
-2.518756
-2.462922
-2.519210
-2.463225
-2.519966
-2.464133
-2.520269
-2.464738
-2.521025
-2.465192
-2.521328
-2.463830
-2.520420
-2.464889
-2.521025
-2.465192
-2.521479
-2.465041
-2.521177
-2.465343
-2.521782
-2.466100
-2.521782
-2.464889
-2.521479
-2.465192
-2.520571
-2.465041
-2.519361
-2.464436
-2.520571
-2.464587
-2.520420
-2.464284
-2.520420
-2.465041
-2.519815
-2.464436
-2.520723
-2.465495
-2.521479
-2.465495
-2.521177
-2.465797
-2.521631
-2.466100
-2.521631
-2.464738
-2.521025
-2.465041
-2.520420
-2.465192
-2.520571
-2.465192
-2.521025
-2.464436
-2.520723
-2.465646
-2.521479
-2.465949
-2.521479
-2.465646
-2.521479
-2.466251
-2.522084
-2.466705
-2.522084
-2.466100
-2.521782
-2.466554
-2.522084
-2.467008
-2.521479
-2.466251
-2.521782
-2.466554
-2.522084
-2.467159
-2.520723
-2.466100
-2.521025
-2.465192
-2.518907
-2.463376
-2.518907
-2.464587
-2.519361
-2.465041
-2.520571
-2.465949
-2.520874
-2.464738
-2.520420
-2.465797
-2.521177
-2.466705
-2.521479
-2.466251
-2.521177
-2.465343
-2.520269
-2.465041
-2.519512
-2.465646
-2.518907
-2.465192
-2.520420
-2.465949
-2.521025
-2.466554
-2.520723
-2.466705
-2.521479
-2.467310
-2.521479
-2.465949
-2.520874
-2.465192
-2.519512
-2.465495
-2.519815
-2.466100
-2.520269
-2.466251
-2.521025
-2.467310
-2.521782
-2.467764
-2.519815
-2.466856
-2.520420
-2.466554
-2.520571
-2.465797
-2.520118
-2.466856
-2.520420
-2.467008
-2.520571
-2.467310
-2.521177
-2.467613
-2.521479
-2.467916
-2.521328
-2.467008
-2.520420
-2.467613
-2.519361
-2.467310
-2.521025
-2.467916
-2.521025
-2.468067
-2.521479
-2.468369
-2.520723
-2.466554
-2.519664
-2.467159
-2.519512
-2.467310
-2.520723
-2.468369
-2.521177
-2.468218
-2.521177
-2.467159
-2.518756
-2.465192
-2.518302
-2.466554
-2.518151
-2.466705
-2.519815
-2.468218
-2.520723
-2.467310
-2.520571
-2.467310
-2.519361
-2.467310
-2.519815
-2.468067
-2.518907
-2.467916
-2.520420
-2.468672
-2.521025
-2.469277
-2.520723
-2.469126
-2.519815
-2.467008
-2.517999
-2.466403
-2.519210
-2.466554
-2.519512
-2.468218
-2.520420
-2.468823
-2.519210
-2.468521
-2.520118
-2.467462
-2.518453
-2.465646
-2.518302
-2.467310
-2.519210
-2.468369
-2.520420
-2.469429
-2.519664
-2.468823
-2.519210
-2.468521
-2.520118
-2.469429
-2.520723
-2.468823
-2.520420
-2.469580
-2.520723
-2.468218
-2.519058
-2.468823
-2.520269
-2.469580
-2.521328
-2.470488
-2.521177
-2.470185
-2.521328
-2.470034
-2.521328
-2.470942
-2.521631
-2.469277
-2.520723
-2.469429
-2.519815
-2.469731
-2.520571
-2.469882
-2.521025
-2.470639
-2.521328
-2.470790
-2.520723
-2.470488
-2.521025
-2.469882
-2.521177
-2.471244
-2.521782
-2.471698
-2.521177
-2.471244
-2.520269
-2.468823
-2.518151
-2.468521
-2.519512
-2.469126
-2.520118
-2.470790
-2.521177
-2.471244
-2.519361
-2.470337
-2.520571
-2.471244
-2.521177
-2.471547
-2.521025
-2.471698
-2.519815
-2.470034
-2.518302
-2.468975
-2.519361
-2.469731
-2.519512
-2.470639
-2.520420
-2.471093
-2.520874
-2.470639
-2.521025
-2.471849
-2.521479
-2.472152
-2.520118
-2.471396
-2.520420
-2.470942
-2.519966
-2.470790
-2.519966
-2.471396
-2.519058
-2.470942
-2.520269
-2.471849
-2.521177
-2.472152
-2.521177
-2.472606
-2.521631
-2.472909
-2.521933
-2.472304
-2.521177
-2.472606
-2.521479
-2.473060
-2.521631
-2.472152
-2.521177
-2.472304
-2.520723
-2.472152
-2.520118
-2.472001
-2.520723
-2.472606
-2.521177
-2.473363
-2.521479
-2.473363
-2.520269
-2.472455
-2.520571
-2.473060
-2.521479
-2.473817
-2.521177
-2.473665
-2.520269
-2.471698
-2.518756
-2.470185
-2.518604
-2.471396
-2.517696
-2.470790
-2.518756
-2.471396
-2.519361
-2.472304
-2.518756
-2.471698
-2.519058
-2.471849
-2.519512
-2.472757
-2.518604
-2.472152
-2.519664
-2.472455
-2.520118
-2.473514
-2.519058
-2.472909
-2.520118
-2.472757
-2.519966
-2.473514
-2.519210
-2.473060
-2.520269
-2.473514
-2.519664
-2.473968
-2.520420
-2.473665
-2.519966
-2.473060
-2.519815
-2.473817
-2.520571
-2.473060
-2.519664
-2.473514
-2.519361
-2.473665
-2.520118
-2.472909
-2.518907
-2.472152
-2.518907
-2.472001
-2.518604
-2.473514
-2.519966
-2.474876
-2.520723
-2.475481
-2.519815
-2.474573
-2.520420
-2.475330
-2.520723
-2.475330
-2.521025
-2.475481
-2.521025
-2.475481
-2.519664
-2.473514
-2.518907
-2.474573
-2.519966
-2.475330
-2.520723
-2.476238
-2.520723
-2.476086
-2.520874
-2.476691
-2.521025
-2.476389
-2.520723
-2.476540
-2.521177
-2.475481
-2.520420
-2.476389
-2.520874
-2.475330
-2.520118
-2.476086
-2.520420
-2.476086
-2.519966
-2.476389
-2.520571
-2.477297
-2.521328
-2.477751
-2.521479
-2.477751
-2.521177
-2.476540
-2.520118
-2.477297
-2.520874
-2.477599
-2.519058
-2.476389
-2.520269
-2.475935
-2.519361
-2.475330
-2.519058
-2.476843
-2.520269
-2.477751
-2.520269
-2.477751
-2.520874
-2.478205
-2.519512
-2.477599
-2.520723
-2.478356
-2.520723
-2.478356
-2.521025
-2.478053
-2.519512
-2.476843
-2.518756
-2.477448
-2.520118
-2.478658
-2.520723
-2.479264
-2.520874
-2.478507
-2.519966
-2.478356
-2.519815
-2.477599
-2.519361
-2.478658
-2.519815
-2.478053
-2.520118
-2.479415
-2.520571
-2.477751
-2.519664
-2.479566
-2.520571
-2.479869
-2.520723
-2.480474
-2.519361
-2.479264
-2.518604
-2.478810
-2.518756
-2.478507
-2.519361
-2.479869
-2.520269
-2.480777
-2.520723
-2.480928
-2.519966
-2.481080
-2.520874
-2.481534
-2.521328
-2.481836
-2.520723
-2.481080
-2.520118
-2.479566
-2.517848
-2.479415
-2.518907
-2.480777
-2.519664
-2.481836
-2.520571
-2.482290
-2.519058
-2.481382
-2.520118
-2.482290
-2.520723
-2.482593
-2.520723
-2.482593
-2.520874
-2.482744
-2.520269
-2.482290
-2.520269
-2.482895
-2.518907
-2.481080
-2.518756
-2.481987
-2.519512
-2.482895
-2.520118
-2.483500
-2.520723
-2.483954
-2.519512
-2.483198
-2.519815
-2.483652
-2.521025
-2.484560
-2.520874
-2.483652
-2.520269
-2.484106
-2.520723
-2.484862
-2.520874
-2.483652
-2.519815
-2.484408
-2.520420
-2.485316
-2.520874
-2.484106
-2.519815
-2.485014
-2.520420
-2.485619
-2.520723
-2.483803
-2.519815
-2.485165
-2.519815
-2.485770
-2.520269
-2.485165
-2.520269
-2.484257
-2.517999
-2.483198
-2.516486
-2.483349
-2.518151
-2.483198
-2.517394
-2.483652
-2.517394
-2.484560
-2.518756
-2.485014
-2.518756
-2.485619
-2.519210
-2.485921
-2.519664
-2.486073
-2.519512
-2.486073
-2.518151
-2.484711
-2.518302
-2.485921
-2.517999
-2.484257
-2.517696
-2.484106
-2.517545
-2.485770
-2.518151
-2.485921
-2.518756
-2.486980
-2.517545
-2.486375
-2.518604
-2.487435
-2.519664
-2.488191
-2.519664
-2.487737
-2.519664
-2.488645
-2.519815
-2.489099
-2.520269
-2.487283
-2.519058
-2.488494
-2.519664
-2.489250
-2.520118
-2.488040
-2.519361
-2.489099
-2.519966
-2.489553
-2.519966
-2.489553
-2.519512
-2.490007
-2.520118
-2.490309
-2.519966
-2.490007
-2.518756
-2.489704
-2.519210
-2.490158
-2.519512
-2.490158
-2.519210
-2.489856
-2.518907
-2.489553
-2.518907
-2.490007
-2.519210
-2.488796
-2.518302
-2.488040
-2.516184
-2.486980
-2.516486
-2.488796
-2.517243
-2.489250
-2.518302
-2.490158
-2.518302
-2.490461
-2.519058
-2.491217
-2.519512
-2.491822
-2.517848
-2.490763
-2.518756
-2.491520
-2.519361
-2.492125
-2.519361
-2.491822
-2.519058
-2.491822
-2.517545
-2.490915
-2.516637
-2.489402
-2.517394
-2.490915
-2.517848
-2.491369
-2.517999
-2.491822
-2.518756
-2.491974
-2.518907
-2.492882
-2.519058
-2.492428
-2.518151
-2.492579
-2.518604
-2.492579
-2.518453
-2.492730
-2.518756
-2.493033
-2.518756
-2.493487
-2.519058
-2.493638
-2.517696
-2.493184
-2.518302
-2.491822
-2.516335
-2.490007
-2.516486
-2.492125
-2.517696
-2.492882
-2.517545
-2.493336
-2.518453
-2.493638
-2.516788
-2.492882
-2.518151
-2.494092
-2.516788
-2.492730
-2.517848
-2.493184
-2.515881
-2.490915
-2.515578
-2.492730
-2.517091
-2.494092
-2.517999
-2.494546
-2.518302
-2.494546
-2.517091
-2.492882
-2.516788
-2.493941
-2.515881
-2.493336
-2.516940
-2.494395
-2.518151
-2.494849
-2.517545
-2.495152
-2.516486
-2.492730
-2.516184
-2.494395
-2.516788
-2.494092
-2.517394
-2.495454
-2.517848
-2.495605
-2.517848
-2.495908
-2.518453
-2.495000
-2.517243
-2.496059
-2.517848
-2.496059
-2.517394
-2.496513
-2.517848
-2.495000
-2.515276
-2.494395
-2.516486
-2.496059
-2.517545
-2.496967
-2.517848
-2.497421
-2.517848
-2.497118
-2.517394
-2.495757
-2.516637
-2.495152
-2.515729
-2.496059
-2.516788
-2.497270
-2.517394
-2.497572
-2.517394
-2.496513
-2.515881
-2.495757
-2.515578
-2.495303
-2.515124
-2.496513
-2.516032
-2.497421
-2.516940
-2.498329
-2.515427
-2.497270
-2.516335
-2.498329
-2.517091
-2.498631
-2.517091
-2.497572
-2.516184
-2.498178
-2.515729
-2.498026
-2.516335
-2.498480
-2.515578
-2.497572
-2.515427
-2.498480
-2.514519
-2.497572
-2.515427
-2.498631
-2.516335
-2.499842
-2.516637
-2.499691
-2.516032
-2.499993
-2.516335
-2.499842
-2.515729
-2.499993
-2.516486
-2.499237
-2.514216
-2.498934
-2.515124
-2.498026
-2.514670
-2.499539
-2.515578
-2.500750
-2.516184
-2.501052
-2.516335
-2.499993
-2.513914
-2.499842
-2.515276
-2.500296
-2.514822
-2.500750
-2.515729
-2.501204
-2.514973
-2.501052
-2.515427
-2.501355
-2.514216
-2.500901
-2.515124
-2.501658
-2.514670
-2.501658
-2.515276
-2.502263
-2.515276
-2.502112
-2.515578
-2.502566
-2.514216
-2.500447
-2.513914
-2.501658
-2.512855
-2.501052
-2.514065
-2.502414
-2.514670
-2.502263
-2.514519
-2.503019
-2.513460
-2.501506
-2.513611
-2.502868
-2.514216
-2.501960
-2.513914
-2.503171
-2.514822
-2.503171
-2.513914
-2.503625
-2.514368
-2.502566
-2.513460
-2.503776
-2.514065
-2.503625
-2.513611
-2.504079
-2.514216
-2.503625
-2.513309
-2.504079
-2.513762
-2.504835
-2.514065
-2.505138
-2.514670
-2.505592
-2.513006
-2.504230
-2.513157
-2.503019
-2.512098
-2.502112
-2.511644
-2.503625
-2.512855
-2.504986
-2.513157
-2.505138
-2.513309
-2.503927
-2.511190
-2.502868
-2.511644
-2.503927
-2.511644
-2.504684
-2.512552
-2.505894
-2.513157
-2.505894
-2.513157
-2.506348
-2.512703
-2.506348
-2.513309
-2.506953
-2.513460
-2.505440
-2.511795
-2.505592
-2.510736
-2.504986
-2.509677
-2.504381
-2.510736
-2.505743
-2.512098
-2.506348
-2.511947
-2.506953
-2.511190
-2.505440
-2.511190
-2.506651
-2.511947
-2.505289
-2.511039
-2.506348
-2.511342
-2.506802
-2.511493
-2.507105
-2.511947
-2.506348
-2.511342
-2.507710
-2.512098
-2.507559
-2.511342
-2.508013
-2.511795
-2.506953
-2.510585
-2.506348
-2.510736
-2.507105
-2.511342
-2.508315
-2.511190
-2.508164
-2.511795
-2.508769
-2.511795
-2.509072
-2.512401
-2.509375
-2.511644
-2.508769
-2.511644
-2.508467
-2.509979
-2.506197
-2.508920
-2.507407
-2.510434
-2.508618
-2.511190
-2.509223
-2.511342
-2.509526
-2.509677
-2.508467
-2.510585
-2.509072
-2.510585
-2.507710
-2.509526
-2.508769
-2.508920
-2.507861
-2.508769
-2.507861
-2.509677
-2.509526
-2.510736
-2.510131
-2.511039
-2.510282
-2.510131
-2.508467
-2.509526
-2.509677
-2.510585
-2.508920
-2.509526
-2.509526
-2.509526
-2.508164
-2.507407
-2.508467
-2.508467
-2.509677
-2.509526
-2.510585
-2.510131
-2.510736
-2.510131
-2.509375
-2.509072
-2.510434
-2.509526
-2.510887
-2.508164
-2.509677
-2.507559
-2.509223
-2.508618
-2.509979
-2.508315
-2.510585
-2.509072
-2.511039
-2.508315
-2.509979
-2.508467
-2.510887
-2.509072
-2.511947
-2.509677
-2.511947
-2.509677
-2.510434
-2.508164
-2.510282
-2.506651
-2.508618
-2.505743
-2.509677
-2.507256
-2.510887
-2.508013
-2.511795
-2.508315
-2.512249
-2.506953
-2.509979
-2.506802
-2.511190
-2.506802
-2.510585
-2.507256
-2.511644
-2.506953
-2.510282
-2.506197
-2.511039
-2.507407
-2.512098
-2.508013
-2.513309
-2.508013
-2.513309
-2.506348
-2.510434
-2.504835
-2.511190
-2.506197
-2.510131
-2.504986
-2.511644
-2.506197
-2.510434
-2.504230
-2.510131
-2.504986
-2.511795
-2.506197
-2.513157
-2.506348
-2.513157
-2.506953
-2.512401
-2.504986
-2.512401
-2.505894
-2.512552
-2.505743
-2.513006
-2.505894
-2.513157
-2.504533
-2.512401
-2.505138
-2.513157
-2.505743
-2.514216
-2.506651
-2.514822
-2.506651
-2.513611
-2.505440
-2.512703
-2.503625
-2.511342
-2.503473
-2.512703
-2.504835
-2.513914
-2.505592
-2.514368
-2.505592
-2.514216
-2.504986
-2.513309
-2.504381
-2.514065
-2.503322
-2.512855
-2.504079
-2.514216
-2.504835
-2.514519
-2.504684
-2.514822
-2.503322
-2.512552
-2.502868
-2.513914
-2.503171
-2.514216
-2.504079
-2.515124
-2.504835
-2.514822
-2.503473
-2.514822
-2.504079
-2.514670
-2.503776
-2.515729
-2.504381
-2.515578
-2.503776
-2.515881
-2.504230
-2.514822
-2.501960
-2.514368
-2.502868
-2.515578
-2.503625
-2.516335
-2.504381
-2.516486
-2.503171
-2.515276
-2.502414
-2.514368
-2.501355
-2.513309
-2.501052
-2.514670
-2.502414
-2.516032
-2.503322
-2.516637
-2.503171
-2.516788
-2.501658
-2.516032
-2.502263
-2.516788
-2.502717
-2.515276
-2.501355
-2.514670
-2.501052
-2.515729
-2.499993
-2.515124
-2.500750
-2.516184
-2.500750
-2.514368
-2.499842
-2.515427
-2.500598
-2.516788
-2.501658
-2.517696
-2.501809
-2.517696
-2.500750
-2.514973
-2.499539
-2.516335
-2.500447
-2.516486
-2.500296
-2.517243
-2.501204
-2.516940
-2.500750
-2.517696
-2.500901
-2.516637
-2.500447
-2.517848
-2.500901
-2.517999
-2.500447
-2.518302
-2.500447
-2.517848
-2.499388
-2.517394
-2.499539
-2.517696
-2.499691
-2.518302
-2.500145
-2.517848
-2.499388
-2.518151
-2.500145
-2.519058
-2.500145
-2.518604
-2.499237
-2.518302
-2.499539
-2.518604
-2.498480
-2.518302
-2.499085
-2.518151
-2.498026
-2.516788
-2.496816
-2.516032
-2.496967
-2.517243
-2.497572
-2.518151
-2.498480
-2.518604
-2.496816
-2.518151
-2.497572
-2.518907
-2.498783
-2.519361
-2.498480
-2.517848
-2.497421
-2.518604
-2.497724
-2.518907
-2.497572
-2.519058
-2.497270
-2.519210
-2.497572
-2.519058
-2.497421
-2.519361
-2.496211
-2.518756
-2.495152
-2.516184
-2.493184
-2.516788
-2.494849
