5.500000
5.500137
5.500300
5.500492
5.500715
5.500973
5.501268
5.501606
5.501988
5.502419
5.502903
5.503443
5.504043
5.504707
5.505437
5.506237
5.507109
5.508056
5.509079
5.510178
5.511353
5.512603
5.513925
5.515313
5.516763
5.518265
5.519810
5.521383
5.522971
5.524555
5.526113
5.527621
5.529051
5.530375
5.531557
5.532562
5.533351
5.533885
5.534119
5.534013
5.533522
5.532606
5.531222
5.529336
5.526913
5.523924
5.520349
5.516171
5.511384
5.505991
5.500000
5.493433
5.486318
5.478695
5.470611
5.462121
5.453288
5.444180
5.434872
5.425440
5.415965
5.406528
5.397210
5.388091
5.379249
5.370759
5.362691
5.355114
5.348086
5.341665
5.335901
5.330838
5.326514
5.322960
5.320204
5.318265
5.317157
5.316890
5.317467
5.318887
5.321142
5.324223
5.328114
5.332795
5.338244
5.344433
5.351334
5.358913
5.367134
5.375958
5.385346
5.395254
5.405637
5.416450
5.427644
5.439169
5.450977
5.463016
5.475234
5.487579
5.500000
5.512444
5.524858
5.537191
5.549393
5.561411
5.573199
5.584706
5.595886
5.606694
5.617085
5.627018
5.636452
5.645349
5.653674
5.661393
5.668475
5.674891
5.680616
5.685628
5.689906
5.693433
5.696195
5.698181
5.699383
5.699797
5.699420
5.698256
5.696306
5.693581
5.690089
5.685847
5.680869
5.675176
5.668791
5.661738
5.654046
5.645745
5.636868
5.627449
5.617527
5.607141
5.596330
5.585139
5.573612
5.561793
5.549731
5.537471
5.525064
5.512557
5.500000
5.487443
5.474936
5.462527
5.450265
5.438200
5.426379
5.414849
5.403654
5.392839
5.382448
5.372520
5.363095
5.354211
5.345901
5.338201
5.331138
5.324742
5.319038
5.314048
5.309792
5.306286
5.303545
5.301579
5.300397
5.300002
5.300396
5.301579
5.303544
5.306285
5.309790
5.314046
5.319036
5.324739
5.331135
5.338197
5.345898
5.354207
5.363091
5.372516
5.382443
5.392835
5.403649
5.414845
5.426375
5.438197
5.450262
5.462524
5.474933
5.487442
5.500000
5.512558
5.525067
5.537476
5.549738
5.561803
5.573625
5.585156
5.596351
5.607165
5.617557
5.627485
5.636909
5.645793
5.654103
5.661803
5.668866
5.675261
5.680965
5.685955
5.690211
5.693717
5.696457
5.698423
5.699605
5.700000
5.699605
5.698423
5.696457
5.693717
5.690211
5.685956
5.680965
5.675261
5.668866
5.661803
5.654103
5.645794
5.636909
5.627485
5.617557
5.607165
5.596351
5.585156
5.573625
5.561803
5.549738
5.537476
5.525067
5.512558
5.500000
5.487442
5.474933
5.462524
5.450262
5.438197
5.426375
5.414844
5.403649
5.392835
5.382443
5.372515
5.363091
5.354206
5.345897
5.338197
5.331134
5.324739
5.319035
5.314044
5.309789
5.306283
5.303543
5.301577
5.300395
5.300000
5.300395
5.301577
5.303543
5.306283
5.309789
5.314044
5.319035
5.324739
5.331134
5.338197
5.345897
5.354206
5.363091
5.372515
5.382443
5.392835
5.403649
5.414844
5.426375
5.438197
5.450262
5.462524
5.474933
5.487442
5.500000
5.512558
5.525067
5.537476
5.549738
5.561803
5.573625
5.585156
5.596351
5.607165
5.617557
5.627485
5.636909
5.645794
5.654103
5.661803
5.668866
5.675261
5.680965
5.685956
5.690211
5.693717
5.696457
5.698423
5.699605
5.700000
5.699605
5.698423
5.696457
5.693717
5.690211
5.685956
5.680965
5.675261
5.668866
5.661803
5.654103
5.645794
5.636909
5.627485
5.617557
5.607165
5.596351
5.585156
5.573625
5.561803
5.549738
5.537476
5.525067
5.512558
5.500000
5.487442
5.474933
5.462524
5.450262
5.438197
5.426375
5.414844
5.403649
5.392835
5.382443
5.372515
5.363091
5.354206
5.345897
5.338197
5.331134
5.324739
5.319035
5.314044
5.309789
5.306283
5.303543
5.301577
5.300395
5.300000
5.300395
5.301577
5.303543
5.306283
5.309789
5.314044
5.319035
5.324739
5.331134
5.338197
5.345897
5.354206
5.363091
5.372515
5.382443
5.392835
5.403649
5.414844
5.426375
5.438197
5.450262
5.462524
5.474933
5.487442
5.500000
5.512558
5.525067
5.537476
5.549738
5.561803
5.573625
5.585156
5.596351
5.607165
5.617557
5.627485
5.636909
5.645794
5.654103
5.661803
5.668866
5.675261
5.680965
5.685956
5.690211
5.693717
5.696457
5.698423
5.699605
5.700000
5.699605
5.698423
5.696457
5.693717
5.690211
5.685956
5.680965
5.675261
5.668866
5.661803
5.654103
5.645794
5.636909
5.627485
5.617557
5.607165
5.596351
5.585156
5.573625
5.561803
5.549738
5.537476
5.525067
5.512558
5.500000
5.487442
5.474933
5.462524
5.450262
5.438197
5.426375
5.414844
5.403649
5.392835
5.382443
5.372515
5.363091
5.354206
5.345897
5.338197
5.331134
5.324739
5.319035
5.314044
5.309789
5.306283
5.303543
5.301577
5.300395
5.300000
5.300395
5.301577
5.303543
5.306283
5.309789
5.314044
5.319035
5.324739
5.331134
5.338197
5.345897
5.354206
5.363091
5.372515
5.382443
5.392835
5.403649
5.414844
5.426375
5.438197
5.450262
5.462524
5.474933
5.487442
5.500000
5.512558
5.525067
5.537476
5.549738
5.561803
5.573625
5.585156
5.596351
5.607165
5.617557
5.627485
5.636909
5.645794
5.654103
5.661803
5.668866
5.675261
5.680965
5.685956
5.690211
5.693717
5.696457
5.698423
5.699605
5.700000
5.699605
5.698423
5.696457
5.693717
5.690211
5.685956
5.680965
5.675261
5.668866
5.661803
5.654103
5.645794
5.636909
5.627485
5.617557
5.607165
5.596351
5.585156
5.573625
5.561803
5.549738
5.537476
5.525067
5.512558
5.500000
5.487442
5.474933
5.462524
5.450262
5.438197
5.426375
5.414844
5.403649
5.392835
5.382443
5.372515
5.363091
5.354206
5.345897
5.338197
5.331134
5.324739
5.319035
5.314044
5.309789
5.306283
5.303543
5.301577
5.300395
5.300000
5.300395
5.301577
5.303543
5.306283
5.309789
5.314044
5.319035
5.324739
5.331134
5.338197
5.345897
5.354206
5.363091
5.372515
5.382443
5.392835
5.403649
5.414844
5.426375
5.438197
5.450262
5.462524
5.474933
5.487442
5.500000
5.512558
5.525067
5.537476
5.549738
5.561803
5.573625
5.585156
5.596351
5.607165
5.617557
5.627485
5.636909
5.645794
5.654103
5.661803
5.668866
5.675261
5.680965
5.685956
5.690211
5.693717
5.696457
5.698423
5.699605
5.700000
5.699605
5.698423
5.696457
5.693717
5.690211
5.685956
5.680965
5.675261
5.668866
5.661803
5.654103
5.645794
5.636909
5.627485
5.617557
5.607165
5.596351
5.585156
5.573625
5.561803
5.549738
5.537476
5.525067
5.512558
5.500000
5.487442
5.474933
5.462524
5.450262
5.438197
5.426375
5.414844
5.403649
5.392835
5.382443
5.372515
5.363091
5.354206
5.345897
5.338197
5.331134
5.324739
5.319035
5.314044
5.309789
5.306283
5.303543
5.301577
5.300395
5.300000
5.300395
5.301577
5.303543
5.306283
5.309789
5.314044
5.319035
5.324739
5.331134
5.338197
5.345897
5.354206
5.363091
5.372515
5.382443
5.392835
5.403649
5.414844
5.426375
5.438197
5.450262
5.462524
5.474933
5.487442
5.500000
5.512558
5.525067
5.537476
5.549738
5.561803
5.573625
5.585156
5.596351
5.607165
5.617557
5.627485
5.636909
5.645794
5.654103
5.661803
5.668866
5.675261
5.680965
5.685956
5.690211
5.693717
5.696457
5.698423
5.699605
5.700000
5.699605
5.698423
5.696457
5.693717
5.690211
5.685956
5.680965
5.675261
5.668866
5.661803
5.654103
5.645794
5.636909
5.627485
5.617557
5.607165
5.596351
5.585156
5.573625
5.561803
5.549738
5.537476
5.525067
5.512558
5.500000
5.487442
5.474933
5.462524
5.450262
5.438197
5.426375
5.414844
5.403649
5.392835
5.382443
5.372515
5.363091
5.354206
5.345897
5.338197
5.331134
5.324739
5.319035
5.314044
5.309789
5.306283
5.303543
5.301577
5.300395
5.300000
5.300395
5.301577
5.303543
5.306283
5.309789
5.314044
5.319035
5.324739
5.331134
5.338197
5.345897
5.354206
5.363091
5.372515
5.382443
5.392835
5.403649
5.414844
5.426375
5.438197
5.450262
5.462524
5.474933
5.487442
5.500000
5.512558
5.525067
5.537476
5.549738
5.561803
5.573625
5.585156
5.596351
5.607165
5.617557
5.627485
5.636909
5.645794
5.654103
5.661803
5.668866
5.675261
5.680965
5.685956
5.690211
5.693717
5.696457
5.698423
5.699605
5.700000
5.699605
5.698423
5.696457
5.693717
5.690211
5.685956
5.680965
5.675261
5.668866
5.661803
5.654103
5.645794
5.636909
5.627485
5.617557
5.607165
5.596351
5.585156
5.573625
5.561803
5.549738
5.537476
5.525067
5.512558
5.500000
5.487442
5.474933
5.462524
5.450262
5.438197
5.426375
5.414844
5.403649
5.392835
5.382443
5.372515
5.363091
5.354206
5.345897
5.338197
5.331134
5.324739
5.319035
5.314044
5.309789
5.306283
5.303543
5.301577
5.300395
5.300000
5.300395
5.301577
5.303543
5.306283
5.309789
5.314044
5.319035
5.324739
5.331134
5.338197
5.345897
5.354206
5.363091
5.372515
5.382443
5.392835
5.403649
5.414844
5.426375
5.438197
5.450262
5.462524
5.474933
5.487442
5.500000
5.512558
5.525067
5.537476
5.549738
5.561803
5.573625
5.585156
5.596351
5.607165
5.617557
5.627485
5.636909
5.645794
5.654103
5.661803
5.668866
5.675261
5.680965
5.685956
5.690211
5.693717
5.696457
5.698423
5.699605
5.700000
5.699605
5.698423
5.696457
5.693717
5.690211
5.685956
5.680965
5.675261
5.668866
5.661803
5.654103
5.645794
5.636909
5.627485
5.617557
5.607165
5.596351
5.585156
5.573625
5.561803
5.549738
5.537476
5.525067
5.512558
5.500000
5.487442
5.474933
5.462524
5.450262
5.438197
5.426375
5.414844
5.403649
5.392835
5.382443
5.372515
5.363091
5.354206
5.345897
5.338197
5.331134
5.324739
5.319035
5.314044
5.309789
5.306283
5.303543
5.301577
5.300395
5.300000
5.300395
5.301577
5.303543
5.306283
5.309789
5.314044
5.319035
5.324739
5.331134
5.338197
5.345897
5.354206
5.363091
5.372515
5.382443
5.392835
5.403649
5.414844
5.426375
5.438197
5.450262
5.462524
5.474933
5.487442
5.500000
5.512558
5.525067
5.537476
5.549738
5.561803
5.573625
5.585156
5.596351
5.607165
5.617557
5.627485
5.636909
5.645794
5.654103
5.661803
5.668866
5.675261
5.680965
5.685956
5.690211
5.693717
5.696457
5.698423
5.699605
5.700000
5.699605
5.698423
5.696457
5.693717
5.690211
5.685956
5.680965
5.675261
5.668866
5.661803
5.654103
5.645794
5.636909
5.627485
5.617557
5.607165
5.596351
5.585156
5.573625
5.561803
5.549738
5.537476
5.525067
5.512558
5.500000
5.487442
5.474933
5.462524
5.450262
5.438197
5.426375
5.414844
5.403649
5.392835
5.382443
5.372515
5.363091
5.354206
5.345897
5.338197
5.331134
5.324739
5.319035
5.314044
5.309789
5.306283
5.303543
5.301577
5.300395
5.300000
5.300395
5.301577
5.303543
5.306283
5.309789
5.314044
5.319035
5.324739
5.331134
5.338197
5.345897
5.354206
5.363091
5.372515
5.382443
5.392835
5.403649
5.414844
5.426375
5.438197
5.450262
5.462524
5.474933
5.487442
5.500000
5.512558
5.525067
5.537476
5.549738
5.561803
5.573625
5.585156
5.596351
5.607165
5.617557
5.627485
5.636909
5.645794
5.654103
5.661803
5.668866
5.675261
5.680965
5.685956
5.690211
5.693717
5.696457
5.698423
5.699605
5.700000
5.699605
5.698423
5.696457
5.693717
5.690211
5.685956
5.680965
5.675261
5.668866
5.661803
5.654103
5.645794
5.636909
5.627485
5.617557
5.607165
5.596351
5.585156
5.573625
5.561803
5.549738
5.537476
5.525067
5.512558
5.500000
5.487442
5.474933
5.462524
5.450262
5.438197
5.426375
5.414844
5.403649
5.392835
5.382443
5.372515
5.363091
5.354206
5.345897
5.338197
5.331134
5.324739
5.319035
5.314044
5.309789
5.306283
5.303543
5.301577
5.300395
5.300000
5.300395
5.301577
5.303543
5.306283
5.309789
5.314044
5.319035
5.324739
5.331134
5.338197
5.345897
5.354206
5.363091
5.372515
5.382443
5.392835
5.403649
5.414844
5.426375
5.438197
5.450262
5.462524
5.474933
5.487442
5.500000
5.512558
5.525067
5.537476
5.549738
5.561803
5.573625
5.585156
5.596351
5.607165
5.617557
5.627485
5.636909
5.645794
5.654103
5.661803
5.668866
5.675261
5.680965
5.685956
5.690211
5.693717
5.696457
5.698423
5.699605
5.700000
5.699605
5.698423
5.696457
5.693717
5.690211
5.685956
5.680965
5.675261
5.668866
5.661803
5.654103
5.645794
5.636909
5.627485
5.617557
5.607165
5.596351
5.585156
5.573625
5.561803
5.549738
5.537476
5.525067
5.512558
5.500000
5.487442
5.474933
5.462524
5.450262
5.438197
5.426375
5.414844
5.403649
5.392835
5.382443
5.372515
5.363091
5.354206
5.345897
5.338197
5.331134
5.324739
5.319035
5.314044
5.309789
5.306283
5.303543
5.301577
5.300395
5.300000
5.300395
5.301577
5.303543
5.306283
5.309789
5.314044
5.319035
5.324739
5.331134
5.338197
5.345897
5.354206
5.363091
5.372515
5.382443
5.392835
5.403649
5.414844
5.426375
5.438197
5.450262
5.462524
5.474933
5.487442
5.500000
5.512558
5.525067
5.537476
5.549738
5.561803
5.573625
5.585156
5.596351
5.607165
5.617557
5.627485
5.636909
5.645794
5.654103
5.661803
5.668866
5.675261
5.680965
5.685956
5.690211
5.693717
5.696457
5.698423
5.699605
5.700000
5.699605
5.698423
5.696457
5.693717
5.690211
5.685956
5.680965
5.675261
5.668866
5.661803
5.654103
5.645794
5.636909
5.627485
5.617557
5.607165
5.596351
5.585156
5.573625
5.561803
5.549738
5.537476
5.525067
5.512558
5.500000
5.487442
5.474933
5.462524
5.450262
5.438197
5.426375
5.414844
5.403649
5.392835
5.382443
5.372515
5.363091
5.354206
5.345897
5.338197
5.331134
5.324739
5.319035
5.314044
5.309789
5.306283
5.303543
5.301577
5.300395
5.300000
5.300395
5.301577
5.303543
5.306283
5.309789
5.314044
5.319035
5.324739
5.331134
5.338197
5.345897
5.354206
5.363091
5.372515
5.382443
5.392835
5.403649
5.414844
5.426375
5.438197
5.450262
5.462524
5.474933
5.487442
5.500000
5.512558
5.525067
5.537476
5.549738
5.561803
5.573625
5.585156
5.596351
5.607165
5.617557
5.627485
5.636909
5.645794
5.654103
5.661803
5.668866
5.675261
5.680965
5.685956
5.690211
5.693717
5.696457
5.698423
5.699605
5.700000
5.699605
5.698423
5.696457
5.693717
5.690211
5.685956
5.680965
5.675261
5.668866
5.661803
5.654103
5.645794
5.636909
5.627485
5.617557
5.607165
5.596351
5.585156
5.573625
5.561803
5.549738
5.537476
5.525067
5.512558
5.500000
5.487442
5.474933
5.462524
5.450262
5.438197
5.426375
5.414844
5.403649
5.392835
5.382443
5.372515
5.363091
5.354206
5.345897
5.338197
5.331134
5.324739
5.319035
5.314044
5.309789
5.306283
5.303543
5.301577
5.300395
5.300000
5.300395
5.301577
5.303543
5.306283
5.309789
5.314044
5.319035
5.324739
5.331134
5.338197
5.345897
5.354206
5.363091
5.372515
5.382443
5.392835
5.403649
5.414844
5.426375
5.438197
5.450262
5.462524
5.474933
5.487442
5.500000
5.512558
5.525067
5.537476
5.549738
5.561803
5.573625
5.585156
5.596351
5.607165
5.617557
5.627485
5.636909
5.645794
5.654103
5.661803
5.668866
5.675261
5.680965
5.685956
5.690211
5.693717
5.696457
5.698423
5.699605
5.700000
5.699605
5.698423
5.696457
5.693717
5.690211
5.685956
5.680965
5.675261
5.668866
5.661803
5.654103
5.645794
5.636909
5.627485
5.617557
5.607165
5.596351
5.585156
5.573625
5.561803
5.549738
5.537476
5.525067
5.512558
5.500000
5.487442
5.474933
5.462524
5.450262
5.438197
5.426375
5.414844
5.403649
5.392835
5.382443
5.372515
5.363091
5.354206
5.345897
5.338197
5.331134
5.324739
5.319035
5.314044
5.309789
5.306283
5.303543
5.301577
5.300395
5.300000
5.300395
5.301577
5.303543
5.306283
5.309789
5.314044
5.319035
5.324739
5.331134
5.338197
5.345897
5.354206
5.363091
5.372515
5.382443
5.392835
5.403649
5.414844
5.426375
5.438197
5.450262
5.462524
5.474933
5.487442
5.500000
5.512558
5.525067
5.537476
5.549738
5.561803
5.573625
5.585156
5.596351
5.607165
5.617557
5.627485
5.636909
5.645794
5.654103
5.661803
5.668866
5.675261
5.680965
5.685956
5.690211
5.693717
5.696457
5.698423
5.699605
5.700000
5.699605
5.698423
5.696457
5.693717
5.690211
5.685956
5.680965
5.675261
5.668866
5.661803
5.654103
5.645794
5.636909
5.627485
5.617557
5.607165
5.596351
5.585156
5.573625
5.561803
5.549738
5.537476
5.525067
5.512558
5.500000
5.487442
5.474933
5.462524
5.450262
5.438197
5.426375
5.414844
5.403649
5.392835
5.382443
5.372515
5.363091
5.354206
5.345897
5.338197
5.331134
5.324739
5.319035
5.314044
5.309789
5.306283
5.303543
5.301577
5.300395
5.300000
5.300395
5.301577
5.303543
5.306283
5.309789
5.314044
5.319035
5.324739
5.331134
5.338197
5.345897
5.354206
5.363091
5.372515
5.382443
5.392835
5.403649
5.414844
5.426375
5.438197
5.450262
5.462524
5.474933
5.487442
5.500000
5.512558
5.525067
5.537476
5.549738
5.561803
5.573625
5.585156
5.596351
5.607165
5.617557
5.627485
5.636909
5.645794
5.654103
5.661803
5.668866
5.675261
5.680965
5.685956
5.690211
5.693717
5.696457
5.698423
5.699605
5.700000
5.699605
5.698423
5.696457
5.693717
5.690211
5.685956
5.680965
5.675261
5.668866
5.661803
5.654103
5.645794
5.636909
5.627485
5.617557
5.607165
5.596351
5.585156
5.573625
5.561803
5.549738
5.537476
5.525067
5.512558
5.500000
5.487442
5.474933
5.462524
5.450262
5.438197
5.426375
5.414844
5.403649
5.392835
5.382443
5.372515
5.363091
5.354206
5.345897
5.338197
5.331134
5.324739
5.319035
5.314044
5.309789
5.306283
5.303543
5.301577
5.300395
5.300000
5.300395
5.301577
5.303543
5.306283
5.309789
5.314044
5.319035
5.324739
5.331134
5.338197
5.345897
5.354206
5.363091
5.372515
5.382443
5.392835
5.403649
5.414844
5.426375
5.438197
5.450262
5.462524
5.474933
5.487442
5.500000
5.512558
5.525067
5.537476
5.549738
5.561803
5.573625
5.585156
5.596351
5.607165
5.617557
5.627485
5.636909
5.645794
5.654103
5.661803
5.668866
5.675261
5.680965
5.685956
5.690211
5.693717
5.696457
5.698423
5.699605
5.700000
5.699605
5.698423
5.696457
5.693717
5.690211
5.685956
5.680965
5.675261
5.668866
5.661803
5.654103
5.645794
5.636909
5.627485
5.617557
5.607165
5.596351
5.585156
5.573625
5.561803
5.549738
5.537476
5.525067
5.512558
5.500000
5.487442
5.474933
5.462524
5.450262
5.438197
5.426375
5.414844
5.403649
5.392835
5.382443
5.372515
5.363091
5.354206
5.345897
5.338197
5.331134
5.324739
5.319035
5.314044
5.309789
5.306283
5.303543
5.301577
5.300395
5.300000
5.300395
5.301577
5.303543
5.306283
5.309789
5.314044
5.319035
5.324739
5.331134
5.338197
5.345897
5.354206
5.363091
5.372515
5.382443
5.392835
5.403649
5.414844
5.426375
5.438197
5.450262
5.462524
5.474933
5.487442
5.500000
5.512558
5.525067
5.537476
5.549738
5.561803
5.573625
5.585156
5.596351
5.607165
5.617557
5.627485
5.636909
5.645794
5.654103
5.661803
5.668866
5.675261
5.680965
5.685956
5.690211
5.693717
5.696457
5.698423
5.699605
5.700000
5.699605
5.698423
5.696457
5.693717
5.690211
5.685956
5.680965
5.675261
5.668866
5.661803
5.654103
5.645794
5.636909
5.627485
5.617557
5.607165
5.596351
5.585156
5.573625
5.561803
5.549738
5.537476
5.525067
5.512558
5.500000
5.487442
5.474933
5.462524
5.450262
5.438197
5.426375
5.414844
5.403649
5.392835
5.382443
5.372515
5.363091
5.354206
5.345897
5.338197
5.331134
5.324739
5.319035
5.314044
5.309789
5.306283
5.303543
5.301577
5.300395
5.300000
5.300395
5.301577
5.303543
5.306283
5.309789
5.314044
5.319035
5.324739
5.331134
5.338197
5.345897
5.354206
5.363091
5.372515
5.382443
5.392835
5.403649
5.414844
5.426375
5.438197
5.450262
5.462524
5.474933
5.487442
5.500000
5.512558
5.525067
5.537476
5.549738
5.561803
5.573625
5.585156
5.596351
5.607165
5.617557
5.627485
5.636909
5.645794
5.654103
5.661803
5.668866
5.675261
5.680965
5.685956
5.690211
5.693717
5.696457
5.698423
5.699605
5.700000
5.699605
5.698423
5.696457
5.693717
5.690211
5.685956
5.680965
5.675261
5.668866
5.661803
5.654103
5.645794
5.636909
5.627485
5.617557
5.607165
5.596351
5.585156
5.573625
5.561803
5.549738
5.537476
5.525067
5.512558
5.500000
5.487442
5.474933
5.462524
5.450262
5.438197
5.426375
5.414844
5.403649
5.392835
5.382443
5.372515
5.363091
5.354206
5.345897
5.338197
5.331134
5.324739
5.319035
5.314044
5.309789
5.306283
5.303543
5.301577
5.300395
5.300000
5.300395
5.301577
5.303543
5.306283
5.309789
5.314044
5.319035
5.324739
5.331134
5.338197
5.345897
5.354206
5.363091
5.372515
5.382443
5.392835
5.403649
5.414844
5.426375
5.438197
5.450262
5.462524
5.474933
5.487442
5.500000
5.512558
5.525067
5.537476
5.549738
5.561803
5.573625
5.585156
5.596351
5.607165
5.617557
5.627485
5.636909
5.645794
5.654103
5.661803
5.668866
5.675261
5.680965
5.685956
5.690211
5.693717
5.696457
5.698423
5.699605
5.700000
5.699605
5.698423
5.696457
5.693717
5.690211
5.685956
5.680965
5.675261
5.668866
5.661803
5.654103
5.645794
5.636909
5.627485
5.617557
5.607165
5.596351
5.585156
5.573625
5.561803
5.549738
5.537476
5.525067
5.512558
5.500000
5.487442
5.474933
5.462524
5.450262
5.438197
5.426375
5.414844
5.403649
5.392835
5.382443
5.372515
5.363091
5.354206
5.345897
5.338197
5.331134
5.324739
5.319035
5.314044
5.309789
5.306283
5.303543
5.301577
5.300395
5.300000
5.300395
5.301577
5.303543
5.306283
5.309789
5.314044
5.319035
5.324739
5.331134
5.338197
5.345897
5.354206
5.363091
5.372515
5.382443
5.392835
5.403649
5.414844
5.426375
5.438197
5.450262
5.462524
5.474933
5.487442
5.500000
5.512558
5.525067
5.537476
5.549738
5.561803
5.573625
5.585156
5.596351
5.607165
5.617557
5.627485
5.636909
5.645794
5.654103
5.661803
5.668866
5.675261
5.680965
5.685956
5.690211
5.693717
5.696457
5.698423
5.699605
5.700000
5.699605
5.698423
5.696457
5.693717
5.690211
5.685956
5.680965
5.675261
5.668866
5.661803
5.654103
5.645794
5.636909
5.627485
5.617557
5.607165
5.596351
5.585156
5.573625
5.561803
5.549738
5.537476
5.525067
5.512558
5.500000
5.487442
5.474933
5.462524
5.450262
5.438197
5.426375
5.414844
5.403649
5.392835
5.382443
5.372515
5.363091
5.354206
5.345897
5.338197
5.331134
5.324739
5.319035
5.314044
5.309789
5.306283
5.303543
5.301577
5.300395
5.300000
5.300395
5.301577
5.303543
5.306283
5.309789
5.314044
5.319035
5.324739
5.331134
5.338197
5.345897
5.354206
5.363091
5.372515
5.382443
5.392835
5.403649
5.414844
5.426375
5.438197
5.450262
5.462524
5.474933
5.487442
5.500000
5.512558
5.525067
5.537476
5.549738
5.561803
5.573625
5.585156
5.596351
5.607165
5.617557
5.627485
5.636909
5.645794
5.654103
5.661803
5.668866
5.675261
5.680965
5.685956
5.690211
5.693717
5.696457
5.698423
5.699605
5.700000
5.699605
5.698423
5.696457
5.693717
5.690211
5.685956
5.680965
5.675261
5.668866
5.661803
5.654103
5.645794
5.636909
5.627485
5.617557
5.607165
5.596351
5.585156
5.573625
5.561803
5.549738
5.537476
5.525067
5.512558
5.500000
5.487442
5.474933
5.462524
5.450262
5.438197
5.426375
5.414844
5.403649
5.392835
5.382443
5.372515
5.363091
5.354206
5.345897
5.338197
5.331134
5.324739
5.319035
5.314044
5.309789
5.306283
5.303543
5.301577
5.300395
5.300000
5.300395
5.301577
5.303543
5.306283
5.309789
5.314044
5.319035
5.324739
5.331134
5.338197
5.345897
5.354206
5.363091
5.372515
5.382443
5.392835
5.403649
5.414844
5.426375
5.438197
5.450262
5.462524
5.474933
5.487442
5.500000
5.512558
5.525067
5.537476
5.549738
5.561803
5.573625
5.585156
5.596351
5.607165
5.617557
5.627485
5.636909
5.645794
5.654103
5.661803
5.668866
5.675261
5.680965
5.685956
5.690211
5.693717
5.696457
5.698423
5.699605
5.700000
5.699605
5.698423
5.696457
5.693717
5.690211
5.685956
5.680965
5.675261
5.668866
5.661803
5.654103
5.645794
5.636909
5.627485
5.617557
5.607165
5.596351
5.585156
5.573625
5.561803
5.549738
5.537476
5.525067
5.512558
5.500000
5.487442
5.474933
5.462524
5.450262
5.438197
5.426375
5.414844
5.403649
5.392835
5.382443
5.372515
5.363091
5.354206
5.345897
5.338197
5.331134
5.324739
5.319035
5.314044
5.309789
5.306283
5.303543
5.301577
5.300395
5.300000
5.300395
5.301577
5.303543
5.306283
5.309789
5.314044
5.319035
5.324739
5.331134
5.338197
5.345897
5.354206
5.363091
5.372515
5.382443
5.392835
5.403649
5.414844
5.426375
5.438197
5.450262
5.462524
5.474933
5.487442
5.500000
5.512558
5.525067
5.537476
5.549738
5.561803
5.573625
5.585156
5.596351
5.607165
5.617557
5.627485
5.636909
5.645794
5.654103
5.661803
5.668866
5.675261
5.680965
5.685956
5.690211
5.693717
5.696457
5.698423
5.699605
5.700000
5.699605
5.698423
5.696457
5.693717
5.690211
5.685956
5.680965
5.675261
5.668866
5.661803
5.654103
5.645794
5.636909
5.627485
5.617557
5.607165
5.596351
5.585156
5.573625
5.561803
5.549738
5.537476
5.525067
5.512558
5.500000
5.487442
5.474933
5.462524
5.450262
5.438197
5.426375
5.414844
5.403649
5.392835
5.382443
5.372515
5.363091
5.354206
5.345897
5.338197
5.331134
5.324739
5.319035
5.314044
5.309789
5.306283
5.303543
5.301577
5.300395
5.300000
5.300395
5.301577
5.303543
5.306283
5.309789
5.314044
5.319035
5.324739
5.331134
5.338197
5.345897
5.354206
5.363091
5.372515
5.382443
5.392835
5.403649
5.414844
5.426375
5.438197
5.450262
5.462524
5.474933
5.487442
5.500000
5.512558
5.525067
5.537476
5.549738
5.561803
5.573625
5.585156
5.596351
5.607165
5.617557
5.627485
5.636909
5.645794
5.654103
5.661803
5.668866
5.675261
5.680965
5.685956
5.690211
5.693717
5.696457
5.698423
5.699605
5.700000
5.699605
5.698423
5.696457
5.693717
5.690211
5.685956
5.680965
5.675261
5.668866
5.661803
5.654103
5.645794
5.636909
5.627485
5.617557
5.607165
5.596351
5.585156
5.573625
5.561803
5.549738
5.537476
5.525067
5.512558
5.500000
5.487442
5.474933
5.462524
5.450262
5.438197
5.426375
5.414844
5.403649
5.392835
5.382443
5.372515
5.363091
5.354206
5.345897
5.338197
5.331134
5.324739
5.319035
5.314044
5.309789
5.306283
5.303543
5.301577
5.300395
5.300000
5.300395
5.301577
5.303543
5.306283
5.309789
5.314044
5.319035
5.324739
5.331134
5.338197
5.345897
5.354206
5.363091
5.372515
5.382443
5.392835
5.403649
5.414844
5.426375
5.438197
5.450262
5.462524
5.474933
5.487442
5.500000
5.512558
5.525067
5.537476
5.549738
5.561803
5.573625
5.585156
5.596351
5.607165
5.617557
5.627485
5.636909
5.645794
5.654103
5.661803
5.668866
5.675261
5.680965
5.685956
5.690211
5.693717
5.696457
5.698423
5.699605
5.700000
5.699605
5.698423
5.696457
5.693717
5.690211
5.685956
5.680965
5.675261
5.668866
5.661803
5.654103
5.645794
5.636909
5.627485
5.617557
5.607165
5.596351
5.585156
5.573625
5.561803
5.549738
5.537476
5.525067
5.512558
5.500000
5.487442
5.474933
5.462524
5.450262
5.438197
5.426375
5.414844
5.403649
5.392835
5.382443
5.372515
5.363091
5.354206
5.345897
5.338197
5.331134
5.324739
5.319035
5.314044
5.309789
5.306283
5.303543
5.301577
5.300395
5.300000
5.300395
5.301577
5.303543
5.306283
5.309789
5.314044
5.319035
5.324739
5.331134
5.338197
5.345897
5.354206
5.363091
5.372515
5.382443
5.392835
5.403649
5.414844
5.426375
5.438197
5.450262
5.462524
5.474933
5.487442
5.500000
5.512558
5.525067
5.537476
5.549738
5.561803
5.573625
5.585156
5.596351
5.607165
5.617557
5.627485
5.636909
5.645794
5.654103
5.661803
5.668866
5.675261
5.680965
5.685956
5.690211
5.693717
5.696457
5.698423
5.699605
5.700000
5.699605
5.698423
5.696457
5.693717
5.690211
5.685956
5.680965
5.675261
5.668866
5.661803
5.654103
5.645794
5.636909
5.627485
5.617557
5.607165
5.596351
5.585156
5.573625
5.561803
5.549738
5.537476
5.525067
5.512558
5.500000
5.487442
5.474933
5.462524
5.450262
5.438197
5.426375
5.414844
5.403649
5.392835
5.382443
5.372515
5.363091
5.354206
5.345897
5.338197
5.331134
5.324739
5.319035
5.314044
5.309789
5.306283
5.303543
5.301577
5.300395
5.300000
5.300395
5.301577
5.303543
5.306283
5.309789
5.314044
5.319035
5.324739
5.331134
5.338197
5.345897
5.354206
5.363091
5.372515
5.382443
5.392835
5.403649
5.414844
5.426375
5.438197
5.450262
5.462524
5.474933
5.487442
5.500000
5.512558
5.525067
5.537476
5.549738
5.561803
5.573625
5.585156
5.596351
5.607165
5.617557
5.627485
5.636909
5.645794
5.654103
5.661803
5.668866
5.675261
5.680965
5.685956
5.690211
5.693717
5.696457
5.698423
5.699605
5.700000
5.699605
5.698423
5.696457
5.693717
5.690211
5.685956
5.680965
5.675261
5.668866
5.661803
5.654103
5.645794
5.636909
5.627485
5.617557
5.607165
5.596351
5.585156
5.573625
5.561803
5.549738
5.537476
5.525067
5.512558
5.500000
5.487442
5.474933
5.462524
5.450262
5.438197
5.426375
5.414844
5.403649
5.392835
5.382443
5.372515
5.363091
5.354206
5.345897
5.338197
5.331134
5.324739
5.319035
5.314044
5.309789
5.306283
5.303543
5.301577
5.300395
5.300000
5.300395
5.301577
5.303543
5.306283
5.309789
5.314044
5.319035
5.324739
5.331134
5.338197
5.345897
5.354206
5.363091
5.372515
5.382443
5.392835
5.403649
5.414844
5.426375
5.438197
5.450262
5.462524
5.474933
5.487442
5.500000
5.512558
5.525067
5.537476
5.549738
5.561803
5.573625
5.585156
5.596351
5.607165
5.617557
5.627485
5.636909
5.645794
5.654103
5.661803
5.668866
5.675261
5.680965
5.685956
5.690211
5.693717
5.696457
5.698423
5.699605
5.700000
5.699605
5.698423
5.696457
5.693717
5.690211
5.685956
5.680965
5.675261
5.668866
5.661803
5.654103
5.645794
5.636909
5.627485
5.617557
5.607165
5.596351
5.585156
5.573625
5.561803
5.549738
5.537476
5.525067
5.512558
5.500000
5.487442
5.474933
5.462524
5.450262
5.438197
5.426375
5.414844
5.403649
5.392835
5.382443
5.372515
5.363091
5.354206
5.345897
5.338197
5.331134
5.324739
5.319035
5.314044
5.309789
5.306283
5.303543
5.301577
5.300395
5.300000
5.300395
5.301577
5.303543
5.306283
5.309789
5.314044
5.319035
5.324739
5.331134
5.338197
5.345897
5.354206
5.363091
5.372515
5.382443
5.392835
5.403649
5.414844
5.426375
5.438197
5.450262
5.462524
5.474933
5.487442
5.500000
5.512558
5.525067
5.537476
5.549738
5.561803
5.573625
5.585156
5.596351
5.607165
5.617557
5.627485
5.636909
5.645794
5.654103
5.661803
5.668866
5.675261
5.680965
5.685956
5.690211
5.693717
5.696457
5.698423
5.699605
5.700000
5.699605
5.698423
5.696457
5.693717
5.690211
5.685956
5.680965
5.675261
5.668866
5.661803
5.654103
5.645794
5.636909
5.627485
5.617557
5.607165
5.596351
5.585156
5.573625
5.561803
5.549738
5.537476
5.525067
5.512558
5.500000
5.487442
5.474933
5.462524
5.450262
5.438197
5.426375
5.414844
5.403649
5.392835
5.382443
5.372515
5.363091
5.354206
5.345897
5.338197
5.331134
5.324739
5.319035
5.314044
5.309789
5.306283
5.303543
5.301577
5.300395
5.300000
5.300395
5.301577
5.303543
5.306283
5.309789
5.314044
5.319035
5.324739
5.331134
5.338197
5.345897
5.354206
5.363091
5.372515
5.382443
5.392835
5.403649
5.414844
5.426375
5.438197
5.450262
5.462524
5.474933
5.487442
5.500000
5.512558
5.525067
5.537476
5.549738
5.561803
5.573625
5.585156
5.596351
5.607165
5.617557
5.627485
5.636909
5.645794
5.654103
5.661803
5.668866
5.675261
5.680965
5.685956
5.690211
5.693717
5.696457
5.698423
5.699605
5.700000
5.699605
5.698423
5.696457
5.693717
5.690211
5.685956
5.680965
5.675261
5.668866
5.661803
5.654103
5.645794
5.636909
5.627485
5.617557
5.607165
5.596351
5.585156
5.573625
5.561803
5.549738
5.537476
5.525067
5.512558
5.500000
5.487442
5.474933
5.462524
5.450262
5.438197
5.426375
5.414844
5.403649
5.392835
5.382443
5.372515
5.363091
5.354206
5.345897
5.338197
5.331134
5.324739
5.319035
5.314044
5.309789
5.306283
5.303543
5.301577
5.300395
5.300000
5.300395
5.301577
5.303543
5.306283
5.309789
5.314044
5.319035
5.324739
5.331134
5.338197
5.345897
5.354206
5.363091
5.372515
5.382443
5.392835
5.403649
5.414844
5.426375
5.438197
5.450262
5.462524
5.474933
5.487442
5.500000
5.512558
5.525067
5.537476
5.549738
5.561803
5.573625
5.585156
5.596351
5.607165
5.617557
5.627485
5.636909
5.645794
5.654103
5.661803
5.668866
5.675261
5.680965
5.685956
5.690211
5.693717
5.696457
5.698423
5.699605
5.700000
5.699605
5.698423
5.696457
5.693717
5.690211
5.685956
5.680965
5.675261
5.668866
5.661803
5.654103
5.645794
5.636909
5.627485
5.617557
5.607165
5.596351
5.585156
5.573625
5.561803
5.549738
5.537476
5.525067
5.512558
5.500000
5.487442
5.474933
5.462524
5.450262
5.438197
5.426375
5.414844
5.403649
5.392835
5.382443
5.372515
5.363091
5.354206
5.345897
5.338197
5.331134
5.324739
5.319035
5.314044
5.309789
5.306283
5.303543
5.301577
5.300395
5.300000
5.300395
5.301577
5.303543
5.306283
5.309789
5.314044
5.319035
5.324739
5.331134
5.338197
5.345897
5.354206
5.363091
5.372515
5.382443
5.392835
5.403649
5.414844
5.426375
5.438197
5.450262
5.462524
5.474933
5.487442
5.500000
5.512558
5.525067
5.537476
5.549738
5.561803
5.573625
5.585156
5.596351
5.607165
5.617557
5.627485
5.636909
5.645794
5.654103
5.661803
5.668866
5.675261
5.680965
5.685956
5.690211
5.693717
5.696457
5.698423
5.699605
5.700000
5.699605
5.698423
5.696457
5.693717
5.690211
5.685956
5.680965
5.675261
5.668866
5.661803
5.654103
5.645794
5.636909
5.627485
5.617557
5.607165
5.596351
5.585156
5.573625
5.561803
5.549738
5.537476
5.525067
5.512558
5.500000
5.487442
5.474933
5.462524
5.450262
5.438197
5.426375
5.414844
5.403649
5.392835
5.382443
5.372515
5.363091
5.354206
5.345897
5.338197
5.331134
5.324739
5.319035
5.314044
5.309789
5.306283
5.303543
5.301577
5.300395
5.300000
5.300395
5.301577
5.303543
5.306283
5.309789
5.314044
5.319035
5.324739
5.331134
5.338197
5.345897
5.354206
5.363091
5.372515
5.382443
5.392835
5.403649
5.414844
5.426375
5.438197
5.450262
5.462524
5.474933
5.487442
5.500000
5.512558
5.525067
5.537476
5.549738
5.561803
5.573625
5.585156
5.596351
5.607165
5.617557
5.627485
5.636909
5.645794
5.654103
5.661803
5.668866
5.675261
5.680965
5.685956
5.690211
5.693717
5.696457
5.698423
5.699605
5.700000
5.699605
5.698423
5.696457
5.693717
5.690211
5.685956
5.680965
5.675261
5.668866
5.661803
5.654103
5.645794
5.636909
5.627485
5.617557
5.607165
5.596351
5.585156
5.573625
5.561803
5.549738
5.537476
5.525067
5.512558
5.500000
5.487442
5.474933
5.462524
5.450262
5.438197
5.426375
5.414844
5.403649
5.392835
5.382443
5.372515
5.363091
5.354206
5.345897
5.338197
5.331134
5.324739
5.319035
5.314044
5.309789
5.306283
5.303543
5.301577
5.300395
5.300000
5.300395
5.301577
5.303543
5.306283
5.309789
5.314044
5.319035
5.324739
5.331134
5.338197
5.345897
5.354206
5.363091
5.372515
5.382443
5.392835
5.403649
5.414844
5.426375
5.438197
5.450262
5.462524
5.474933
5.487442
5.500000
5.512558
5.525067
5.537476
5.549738
5.561803
5.573625
5.585156
5.596351
5.607165
5.617557
5.627485
5.636909
5.645794
5.654103
5.661803
5.668866
5.675261
5.680965
5.685956
5.690211
5.693717
5.696457
5.698423
5.699605
5.700000
5.699605
5.698423
5.696457
5.693717
5.690211
5.685956
5.680965
5.675261
5.668866
5.661803
5.654103
5.645794
5.636909
5.627485
5.617557
5.607165
5.596351
5.585156
5.573625
5.561803
5.549738
5.537476
5.525067
5.512558
5.500000
5.487442
5.474933
5.462524
5.450262
5.438197
5.426375
5.414844
5.403649
5.392835
5.382443
5.372515
5.363091
5.354206
5.345897
5.338197
5.331134
5.324739
5.319035
5.314044
5.309789
5.306283
5.303543
5.301577
5.300395
5.300000
5.300395
5.301577
5.303543
5.306283
5.309789
5.314044
5.319035
5.324739
5.331134
5.338197
5.345897
5.354206
5.363091
5.372515
5.382443
5.392835
5.403649
5.414844
5.426375
5.438197
5.450262
5.462524
5.474933
5.487442
5.500000
5.512558
5.525067
5.537476
5.549738
5.561803
5.573625
5.585156
5.596351
5.607165
5.617557
5.627485
5.636909
5.645794
5.654103
5.661803
5.668866
5.675261
5.680965
5.685956
5.690211
5.693717
5.696457
5.698423
5.699605
5.700000
5.699605
5.698423
5.696457
5.693717
5.690211
5.685956
5.680965
5.675261
5.668866
5.661803
5.654103
5.645794
5.636909
5.627485
5.617557
5.607165
5.596351
5.585156
5.573625
5.561803
5.549738
5.537476
5.525067
5.512558
5.500000
5.487442
5.474933
5.462524
5.450262
5.438197
5.426375
5.414844
5.403649
5.392835
5.382443
5.372515
5.363091
5.354206
5.345897
5.338197
5.331134
5.324739
5.319035
5.314044
5.309789
5.306283
5.303543
5.301577
5.300395
5.300000
5.300395
5.301577
5.303543
5.306283
5.309789
5.314045
5.319035
5.324739
5.331134
5.338197
5.345897
5.354207
5.363091
5.372515
5.382443
5.392835
5.403649
5.414844
5.426375
5.438197
5.450262
5.462524
5.474933
5.487442
5.500000
5.512558
5.525067
5.537476
5.549738
5.561803
5.573625
5.585155
5.596351
5.607165
5.617557
5.627484
5.636909
5.645793
5.654102
5.661803
5.668865
5.675261
5.680964
5.685954
5.690210
5.693715
5.696456
5.698421
5.699604
5.699998
5.699603
5.698421
5.696455
5.693714
5.690208
5.685952
5.680962
5.675258
5.668862
5.661799
5.654099
5.645789
5.636905
5.627480
5.617552
5.607161
5.596346
5.585151
5.573621
5.561800
5.549735
5.537473
5.525064
5.512557
5.500000
5.487443
5.474936
5.462529
5.450269
5.438207
5.426388
5.414861
5.403670
5.392859
5.382473
5.372551
5.363132
5.354255
5.345954
5.338262
5.331209
5.324824
5.319131
5.314153
5.309911
5.306419
5.303694
5.301744
5.300580
5.300203
5.300617
5.301819
5.303805
5.306567
5.310094
5.314372
5.319384
5.325109
5.331525
5.338607
5.346326
5.354651
5.363548
5.372982
5.382915
5.393306
5.404114
5.415294
5.426801
5.438589
5.450607
5.462809
5.475142
5.487556
5.500000
5.512421
5.524766
5.536984
5.549023
5.560831
5.572356
5.583550
5.594363
5.604746
5.614654
5.624042
5.632866
5.641087
5.648666
5.655567
5.661756
5.667205
5.671886
5.675777
5.678858
5.681113
5.682533
5.683110
5.682843
5.681735
5.679796
5.677040
5.673486
5.669162
5.664099
5.658335
5.651914
5.644886
5.637309
5.629241
5.620751
5.611909
5.602790
5.593472
5.584035
5.574560
5.565128
5.555820
5.546712
5.537879
5.529389
5.521305
5.513682
5.506567
5.500000
5.494009
5.488616
5.483829
5.479651
5.476076
5.473087
5.470664
5.468778
5.467394
5.466478
5.465987
5.465881
5.466115
5.466649
5.467438
5.468443
5.469625
5.470949
5.472379
5.473887
5.475445
5.477029
5.478617
5.480190
5.481735
5.483237
5.484687
5.486075
5.487397
5.488647
5.489822
5.490921
5.491944
5.492891
5.493763
5.494563
5.495293
5.495957
5.496557
5.497097
5.497581
5.498012
5.498394
5.498732
5.499027
5.499285
5.499508
5.499700
5.499863
5.500000
