-3.860577
-4.217625
-4.074609
-4.417848
-4.024964
-4.381025
-3.998333
-4.364587
-3.978278
-4.349792
-3.962826
-4.337956
-3.951319
-4.330066
-3.929291
-4.313298
-3.917126
-4.303764
-3.916798
-4.301134
-3.918113
-4.304092
-3.915483
-4.303435
-3.914167
-4.303764
-3.905948
-4.298174
-3.904633
-4.297188
-3.901345
-4.296202
-3.896742
-4.292914
-3.896414
-4.291599
-3.894770
-4.293243
-3.881290
-4.282393
-3.880961
-4.283380
-3.881290
-4.283709
-3.874057
-4.279106
-3.878331
-4.282065
-3.874057
-4.276147
-3.869454
-4.274832
-3.862221
-4.269571
-3.852029
-4.260695
-3.842166
-4.250174
-3.833289
-4.243927
-3.830002
-4.237351
-3.818166
-4.228804
-3.804357
-4.217296
-3.795809
-4.208419
-3.788905
-4.201187
-3.777398
-4.188693
-3.771480
-4.184419
-3.763589
-4.177515
-3.754055
-4.168309
-3.744520
-4.161734
-3.735644
-4.151213
-3.730383
-4.149898
-3.722493
-4.143651
-3.714273
-4.134774
-3.712630
-4.138720
-3.708355
-4.136418
-3.706712
-4.132802
-3.705068
-4.137733
-3.699479
-4.130829
-3.702438
-4.139048
-3.701451
-4.141678
-3.698492
-4.142993
-3.702766
-4.148583
-3.707698
-4.154830
-3.708027
-4.155816
-3.716246
-4.167323
-3.719862
-4.172583
-3.724465
-4.177186
-3.727424
-4.182117
-3.729726
-4.189022
-3.726767
-4.189022
-3.725123
-4.188365
-3.725780
-4.191323
-3.719205
-4.185077
-3.717232
-4.184748
-3.712630
-4.183433
-3.714931
-4.185405
-3.711972
-4.184748
-3.705068
-4.174885
-3.706054
-4.178172
-3.704739
-4.175871
-3.692903
-4.164364
-3.685999
-4.158775
-3.675149
-4.145295
-3.662985
-4.134774
-3.650820
-4.125897
-3.639971
-4.111432
-3.633724
-4.102883
-3.625176
-4.096308
-3.617943
-4.090061
-3.611039
-4.081184
-3.590326
-4.064088
-3.584737
-4.055540
-3.576846
-4.046663
-3.561065
-4.035813
-3.545284
-4.021676
-3.539366
-4.014772
-3.527201
-4.003922
-3.524242
-4.000964
-3.522599
-3.999977
-3.520955
-3.998333
-3.509448
-3.990443
-3.509777
-3.991429
-3.508133
-3.987155
-3.505174
-3.988470
-3.502543
-3.985183
-3.492680
-3.983539
-3.488406
-3.980580
-3.496297
-3.986169
-3.500571
-3.995046
-3.501557
-3.999649
-3.502872
-4.003594
-3.500242
-4.003265
-3.505174
-4.010169
-3.512407
-4.018717
-3.519969
-4.026937
-3.527530
-4.033841
-3.529832
-4.040088
-3.533777
-4.044362
-3.540681
-4.053896
-3.546599
-4.056526
-3.548243
-4.063430
-3.547914
-4.061129
-3.550544
-4.068033
-3.541010
-4.061458
-3.541667
-4.062773
-3.540352
-4.060143
-3.538051
-4.058499
-3.537722
-4.056855
-3.533448
-4.054554
-3.531804
-4.051923
-3.529832
-4.048307
-3.526544
-4.040416
-3.517996
-4.035485
-3.510434
-4.028252
-3.503530
-4.018060
-3.478214
-3.999649
-3.469666
-3.990114
-3.464735
-3.982224
-3.456844
-3.974333
-3.449282
-3.966114
-3.434487
-3.951976
-3.421994
-3.940798
-3.417391
-3.931592
-3.407857
-3.925346
-3.403254
-3.919757
-3.396350
-3.912524
-3.385171
-3.903647
-3.386815
-3.903975
-3.377281
-3.896085
-3.378267
-3.896742
-3.375966
-3.894770
-3.368404
-3.887537
-3.368404
-3.886879
-3.368075
-3.890825
-3.350979
-3.880304
-3.354267
-3.883592
-3.354924
-3.884907
-3.361829
-3.894112
-3.369062
-3.902003
-3.373664
-3.908250
-3.375966
-3.912524
-3.379911
-3.915483
-3.386487
-3.926661
-3.390432
-3.931921
-3.395692
-3.936524
-3.402596
-3.946059
-3.407199
-3.951976
-3.411473
-3.958223
-3.417391
-3.964798
-3.423309
-3.971374
-3.424953
-3.974662
-3.423967
-3.975648
-3.428898
-3.977621
-3.429885
-3.981566
-3.437446
-3.988470
-3.431857
-3.984854
-3.430542
-3.980908
-3.426926
-3.978278
-3.421994
-3.974333
-3.415090
-3.965785
-3.416405
-3.966771
-3.415419
-3.965456
-3.413117
-3.959209
-3.405884
-3.952634
-3.401281
-3.944743
-3.386815
-3.933236
-3.379582
-3.922387
-3.370377
-3.915811
-3.361171
-3.902660
-3.350322
-3.895427
-3.340787
-3.885235
-3.332896
-3.875372
-3.321718
-3.866824
-3.318431
-3.861564
-3.311198
-3.854660
-3.302321
-3.844468
-3.298047
-3.841180
-3.294101
-3.834275
-3.291471
-3.831645
-3.284567
-3.830002
-3.286211
-3.829673
-3.281279
-3.827043
-3.275690
-3.823426
-3.279964
-3.827700
-3.283909
-3.832303
-3.283909
-3.833947
-3.283581
-3.831974
-3.288183
-3.838878
-3.289827
-3.844139
-3.291800
-3.844468
-3.299690
-3.856961
-3.304951
-3.864194
-3.305609
-3.867810
-3.314485
-3.873399
-3.324677
-3.888194
-3.325006
-3.891482
-3.335527
-3.901345
-3.342760
-3.909893
-3.344404
-3.913510
-3.349664
-3.917784
-3.354267
-3.922715
-3.360842
-3.929949
-3.359527
-3.929949
-3.364459
-3.932908
-3.365774
-3.934880
-3.368075
-3.934880
-3.366103
-3.936195
-3.366431
-3.935538
-3.366103
-3.934551
-3.363472
-3.928633
-3.357883
-3.921401
-3.353609
-3.920743
-3.348020
-3.914496
-3.336184
-3.899373
-3.333225
-3.895756
-3.324677
-3.885893
-3.320732
-3.879975
-3.314814
-3.875043
-3.308239
-3.866824
-3.297060
-3.857290
-3.287855
-3.847426
-3.284567
-3.842824
-3.277334
-3.833289
-3.267800
-3.826056
-3.261553
-3.819152
-3.251032
-3.808960
-3.244785
-3.801398
-3.243141
-3.801398
-3.232949
-3.792521
-3.234593
-3.793179
-3.238210
-3.792521
-3.239196
-3.796795
-3.232949
-3.791535
-3.236237
-3.792521
-3.237224
-3.794494
-3.244785
-3.805672
-3.244785
-3.807974
-3.250375
-3.814878
-3.256621
-3.821782
-3.262210
-3.828029
-3.267471
-3.835262
-3.273389
-3.842495
-3.277663
-3.848084
-3.287855
-3.858276
-3.289170
-3.862550
-3.298704
-3.873071
-3.307910
-3.881948
-3.312841
-3.889509
-3.320403
-3.895427
-3.323691
-3.899044
-3.327965
-3.904962
-3.333883
-3.911208
-3.337171
-3.910880
-3.334869
-3.913510
-3.337499
-3.913181
-3.343089
-3.920085
-3.344075
-3.921729
-3.345719
-3.921401
-3.341116
-3.917126
-3.338157
-3.913510
-3.335855
-3.909565
-3.332568
-3.905948
-3.325335
-3.893784
-3.322047
-3.893126
-3.317116
-3.886222
-3.309225
-3.877345
-3.295088
-3.864194
-3.286211
-3.855975
-3.280951
-3.849070
-3.272074
-3.839865
-3.273060
-3.836577
-3.265169
-3.826056
-3.258594
-3.822440
-3.248731
-3.809289
-3.244128
-3.806330
-3.234265
-3.795151
-3.234922
-3.795151
-3.228018
-3.790549
-3.227689
-3.787919
-3.227689
-3.788905
-3.229991
-3.790220
-3.225388
-3.787590
-3.224730
-3.787590
-3.230648
-3.792850
-3.223415
-3.787590
-3.230977
-3.795809
-3.234265
-3.800412
-3.240511
-3.807974
-3.245114
-3.812905
-3.252018
-3.820796
-3.252347
-3.821782
-3.262210
-3.833947
-3.269114
-3.842495
-3.274046
-3.848742
-3.281279
-3.853673
-3.286211
-3.859591
-3.296074
-3.873728
-3.304293
-3.881619
-3.305937
-3.886550
-3.311855
-3.892797
-3.318759
-3.899044
-3.321389
-3.902332
-3.329938
-3.906277
-3.332239
-3.911537
-3.336184
-3.914825
-3.337828
-3.917126
-3.335855
-3.914167
-3.336842
-3.913510
-3.337499
-3.913510
-3.331910
-3.907921
-3.323691
-3.901016
-3.324348
-3.900359
-3.318759
-3.893455
-3.310211
-3.882605
-3.303965
-3.873728
-3.302978
-3.872413
-3.296731
-3.866495
-3.292458
-3.858276
-3.285882
-3.853016
-3.280293
-3.845125
-3.274046
-3.838878
-3.264512
-3.827371
-3.254320
-3.814878
-3.250375
-3.812248
-3.251361
-3.811261
-3.246429
-3.806330
-3.241827
-3.798439
-3.238539
-3.799097
-3.237552
-3.792521
-3.235580
-3.794494
-3.234922
-3.793836
-3.229333
-3.785946
-3.232292
-3.788576
-3.232949
-3.793179
-3.230648
-3.793836
-3.238210
-3.799426
-3.240183
-3.805015
-3.240840
-3.807974
-3.251361
-3.815536
-3.258594
-3.821453
-3.264183
-3.831974
-3.271087
-3.839207
-3.277005
-3.846769
-3.285553
-3.855317
-3.296074
-3.866167
-3.304622
-3.875043
-3.308567
-3.882605
-3.317116
-3.887866
-3.325664
-3.900030
-3.324677
-3.897400
-3.333554
-3.909565
-3.338814
-3.913839
-3.346047
-3.920414
-3.341774
-3.919099
-3.349664
-3.923702
-3.352294
-3.927318
-3.353938
-3.928305
-3.353938
-3.926332
-3.350979
-3.923373
-3.351965
-3.919757
-3.351308
-3.921401
-3.348678
-3.913839
-3.345719
-3.910222
-3.342102
-3.906934
-3.335527
-3.900688
-3.331253
-3.890825
-3.323362
-3.881290
-3.317116
-3.878002
-3.313828
-3.872742
-3.305609
-3.859591
-3.299690
-3.855975
-3.288512
-3.845454
-3.286868
-3.841509
-3.273389
-3.827371
-3.274375
-3.825070
-3.271745
-3.820467
-3.267800
-3.819481
-3.265827
-3.817508
-3.261224
-3.812905
-3.263197
-3.813563
-3.263525
-3.814220
-3.258594
-3.810275
-3.261224
-3.813234
-3.262210
-3.814878
-3.267800
-3.817179
-3.270430
-3.823426
-3.272402
-3.827700
-3.277005
-3.829673
-3.284567
-3.840194
-3.289499
-3.847426
-3.292458
-3.848413
-3.302321
-3.860249
-3.310869
-3.867482
-3.319746
-3.879646
-3.328623
-3.890496
-3.335855
-3.897071
-3.343089
-3.905948
-3.349006
-3.912852
-3.354596
-3.919757
-3.357226
-3.919757
-3.368075
-3.933565
-3.376623
-3.940469
-3.381226
-3.946059
-3.386815
-3.950004
-3.383856
-3.948689
-3.382541
-3.947374
-3.389446
-3.951319
-3.390761
-3.952305
-3.388788
-3.949346
-3.382870
-3.943757
-3.385500
-3.944415
-3.383528
-3.941127
-3.383856
-3.938825
-3.382870
-3.935538
-3.377939
-3.929949
-3.373664
-3.923373
-3.365116
-3.913839
-3.360513
-3.908578
-3.353938
-3.901016
-3.348349
-3.893126
-3.342102
-3.885564
-3.331910
-3.875701
-3.330266
-3.872413
-3.321718
-3.862879
-3.313499
-3.854331
-3.311198
-3.848413
-3.312513
-3.850385
-3.312184
-3.848084
-3.308239
-3.842495
-3.305280
-3.843810
-3.307910
-3.844139
-3.301334
-3.840851
-3.304293
-3.842166
-3.310869
-3.848742
-3.315800
-3.854002
-3.323033
-3.860906
-3.323691
-3.861892
-3.330924
-3.868139
-3.340130
-3.878331
-3.345061
-3.885564
-3.353609
-3.895756
-3.356568
-3.900359
-3.368733
-3.907921
-3.377939
-3.920085
-3.382213
-3.927647
-3.392405
-3.935866
-3.397665
-3.943099
-3.407528
-3.954607
-3.417720
-3.964141
-3.423309
-3.969401
-3.433830
-3.978936
-3.441720
-3.984854
-3.449940
-3.994059
-3.449940
-3.995374
-3.456515
-4.000306
-3.459803
-4.002279
-3.462104
-4.003594
-3.458159
-3.998662
-3.463091
-4.001950
-3.464735
-4.001292
-3.462433
-3.998991
-3.464077
-3.996690
-3.457173
-3.990772
-3.458159
-3.987813
-3.454543
-3.983539
-3.445995
-3.972360
-3.443364
-3.970059
-3.441063
-3.965456
-3.436460
-3.958223
-3.434816
-3.954278
-3.428241
-3.946716
-3.423638
-3.939483
-3.416734
-3.930277
-3.414761
-3.927647
-3.411144
-3.920085
-3.404569
-3.917455
-3.404240
-3.912524
-3.402925
-3.909893
-3.399966
-3.907263
-3.400295
-3.910880
-3.402268
-3.911208
-3.405884
-3.912852
-3.409172
-3.917784
-3.414104
-3.922058
-3.412460
-3.921729
-3.412460
-3.923702
-3.423967
-3.933236
-3.429885
-3.940140
-3.436131
-3.946716
-3.444679
-3.956250
-3.446981
-3.959867
-3.459146
-3.970716
-3.470653
-3.983539
-3.478214
-3.993402
-3.488077
-4.002607
-3.491694
-4.008196
-3.505174
-4.019375
-3.518325
-4.032526
-3.528845
-4.042718
-3.532791
-4.046992
-3.541667
-4.055540
-3.548243
-4.059814
-3.556462
-4.069348
-3.563038
-4.071321
-3.569613
-4.080855
-3.568956
-4.078554
-3.570600
-4.079212
-3.575531
-4.082828
-3.571257
-4.078554
-3.567969
-4.074609
-3.562051
-4.068691
-3.567312
-4.070992
-3.563038
-4.065732
-3.566325
-4.065403
-3.561394
-4.058828
-3.562051
-4.052910
-3.557449
-4.046663
-3.555476
-4.043375
-3.554818
-4.037457
-3.549558
-4.034498
-3.540681
-4.025293
-3.539366
-4.020032
-3.535750
-4.016416
-3.530818
-4.010498
-3.526873
-4.005567
-3.523256
-4.001292
-3.522599
-3.999320
-3.523256
-3.995703
-3.522928
-3.997676
-3.517009
-3.991758
-3.521284
-3.996032
-3.514379
-3.990772
-3.522599
-3.993402
-3.528845
-4.000306
-3.534435
-4.004580
-3.538708
-4.010169
-3.546599
-4.021348
-3.554490
-4.028581
-3.561723
-4.032855
-3.573230
-4.047978
-3.580134
-4.055211
-3.588024
-4.065403
-3.588024
-4.067047
-3.598217
-4.076581
-3.605449
-4.084801
-3.621888
-4.100253
-3.633066
-4.107486
-3.643587
-4.122281
-3.644573
-4.122281
-3.657724
-4.136418
-3.665286
-4.144309
-3.674492
-4.151870
-3.681396
-4.159103
-3.687643
-4.159432
-3.693232
-4.168309
-3.692903
-4.168309
-3.699479
-4.171268
-3.703424
-4.174227
-3.702766
-4.173570
-3.697835
-4.168309
-3.701123
-4.168967
-3.695533
-4.159103
-3.695204
-4.159761
-3.695533
-4.154500
-3.692245
-4.151870
-3.689615
-4.147268
-3.684026
-4.140692
-3.680081
-4.134117
-3.679095
-4.127870
-3.674163
-4.124582
-3.671533
-4.118336
-3.666930
-4.113733
-3.660355
-4.106171
-3.660026
-4.103869
-3.659697
-4.097952
-3.657067
-4.093678
-3.653779
-4.090390
-3.652135
-4.090719
-3.652793
-4.091376
-3.645889
-4.085458
-3.649176
-4.084143
-3.653121
-4.090719
-3.657396
-4.094993
-3.654108
-4.093349
-3.659697
-4.098280
-3.660355
-4.099924
-3.670547
-4.109459
-3.674821
-4.114390
-3.685670
-4.124582
-3.697177
-4.134774
-3.705068
-4.142665
-3.716575
-4.156145
-3.727753
-4.167980
-3.733671
-4.175871
-3.745836
-4.186392
-3.755041
-4.196584
-3.761288
-4.204145
-3.772795
-4.214337
-3.775096
-4.218283
-3.783973
-4.227160
-3.793836
-4.235379
-3.800083
-4.240968
-3.806987
-4.248530
-3.808302
-4.249187
-3.815536
-4.254448
-3.814878
-4.250831
-3.822440
-4.260037
-3.827043
-4.262996
-3.828029
-4.263325
-3.831974
-4.264968
-3.832303
-4.262338
-3.829344
-4.257735
-3.825727
-4.253461
-3.826385
-4.251818
-3.823426
-4.245571
-3.820138
-4.240311
-3.812577
-4.232420
-3.808302
-4.226831
-3.806987
-4.221570
-3.800412
-4.214337
-3.786603
-4.202173
-3.788247
-4.200529
-3.781672
-4.191981
-3.775754
-4.185077
-3.778384
-4.186392
-3.772795
-4.178830
-3.774439
-4.179159
-3.774768
-4.179159
-3.776083
-4.179816
-3.775425
-4.177844
-3.772795
-4.175213
-3.776083
-4.178830
-3.778384
-4.180802
-3.784960
-4.187049
-3.790220
-4.191981
-3.790220
-4.192309
-3.798110
-4.200858
-3.803371
-4.207433
-3.808960
-4.212036
-3.822111
-4.226502
-3.831974
-4.236694
-3.840522
-4.244256
-3.845783
-4.250831
-3.855975
-4.263325
-3.869783
-4.271215
-3.876687
-4.283709
-3.886879
-4.293243
-3.896085
-4.302120
-3.905619
-4.311654
-3.908250
-4.316257
-3.916798
-4.320860
-3.923373
-4.329737
-3.925017
-4.332038
-3.931921
-4.338614
-3.938497
-4.342888
-3.939483
-4.343874
-3.936853
-4.341573
-3.940469
-4.343874
-3.938497
-4.341573
-3.943099
-4.344861
-3.945730
-4.344861
-3.946059
-4.341901
-3.946059
-4.340586
-3.943099
-4.335326
-3.935538
-4.328093
-3.931592
-4.319216
-3.925674
-4.315271
-3.921072
-4.307709
-3.916140
-4.300805
-3.912195
-4.296202
-3.902989
-4.286996
-3.900030
-4.281078
-3.889509
-4.271215
-3.888852
-4.268256
-3.880633
-4.260365
-3.881290
-4.258722
-3.876359
-4.251160
-3.877016
-4.253461
-3.875372
-4.247543
-3.875372
-4.250831
-3.871427
-4.246886
-3.874386
-4.250174
-3.876030
-4.251818
-3.877016
-4.253790
-3.879975
-4.255763
-3.878989
-4.258393
-3.886879
-4.264968
-3.884249
-4.265955
-3.894112
-4.271215
-3.902989
-4.283051
-3.904633
-4.288640
-3.916140
-4.299819
-3.922387
-4.307709
-3.933894
-4.319545
-3.942771
-4.325463
-3.947374
-4.334340
-3.958223
-4.345518
-3.964798
-4.353080
-3.968744
-4.358011
-3.976963
-4.365902
-3.982881
-4.367875
-3.991429
-4.377080
-3.995703
-4.384971
-4.001621
-4.388916
-4.005238
-4.390560
-4.007539
-4.393190
-4.006882
-4.393519
-4.008854
-4.393847
-4.006224
-4.390560
-4.001950
-4.384313
-4.002279
-4.385300
-3.995703
-4.376094
-3.996361
-4.376422
-3.991429
-4.370176
-3.988141
-4.365244
-3.982224
-4.357354
-3.980580
-4.353408
-3.970716
-4.338943
-3.967757
-4.337956
-3.961511
-4.330723
-3.955593
-4.324148
-3.951319
-4.317572
-3.949017
-4.313298
-3.943099
-4.307380
-3.933236
-4.297517
-3.928633
-4.292585
-3.929949
-4.291270
-3.928633
-4.286996
-3.928305
-4.285024
-3.929291
-4.289298
-3.928305
-4.288311
-3.930606
-4.289955
-3.934880
-4.293572
-3.936853
-4.296859
-3.938497
-4.299489
-3.939812
-4.298503
-3.944086
-4.306065
-3.947045
-4.308695
-3.952305
-4.317572
-3.959209
-4.323161
-3.959538
-4.327435
-3.975648
-4.340915
-3.985840
-4.349134
-3.994059
-4.360970
-4.005895
-4.372149
-4.013457
-4.378724
-4.024306
-4.388916
-4.033512
-4.401410
-4.040088
-4.407985
-4.048307
-4.413903
-4.057841
-4.425081
-4.059814
-4.428698
-4.069348
-4.436588
-4.068033
-4.436588
-4.074937
-4.441520
-4.080855
-4.444150
-4.081184
-4.445136
-4.085458
-4.449081
-4.086444
-4.443821
-4.084472
-4.445136
-4.086773
-4.445136
-4.085458
-4.439219
-4.081513
-4.435931
-4.078554
-4.432643
-4.075924
-4.427054
-4.072965
-4.418177
-4.069020
-4.416862
-4.059485
-4.402067
-4.054554
-4.395492
-4.049622
-4.390231
-4.048965
-4.389902
-4.044362
-4.382998
-4.037786
-4.372806
-4.034498
-4.371820
-4.032855
-4.366230
-4.023320
-4.359655
-4.022334
-4.355381
-4.022005
-4.353737
-4.018389
-4.350450
-4.021676
-4.350778
-4.022663
-4.354066
-4.025293
-4.353737
-4.029567
-4.361628
-4.032526
-4.359655
-4.039101
-4.370176
-4.040745
-4.369190
-4.050280
-4.380697
-4.058499
-4.390889
-4.065732
-4.394834
-4.072965
-4.406341
-4.080527
-4.414560
-4.089404
-4.419163
-4.096965
-4.428698
-4.106171
-4.440534
-4.107815
-4.445794
-4.119979
-4.457301
-4.130500
-4.467493
-4.136747
-4.470780
-4.148254
-4.484260
-4.159103
-4.494452
-4.166665
-4.502343
-4.171268
-4.503658
-4.180802
-4.515822
-4.185077
-4.520097
-4.189022
-4.521740
-4.195597
-4.528316
-4.199872
-4.529302
-4.200858
-4.527987
-4.202173
-4.530617
-4.199214
-4.522727
-4.196584
-4.521083
-4.196255
-4.521083
-4.197241
-4.519110
-4.192309
-4.511877
-4.191981
-4.509904
-4.184419
-4.501685
-4.180474
-4.496096
-4.182775
-4.494781
-4.180474
-4.489850
-4.174885
-4.480973
-4.166337
-4.473411
-4.167980
-4.469137
-4.164692
-4.465191
-4.161734
-4.462561
-4.150227
-4.452041
-4.150556
-4.445794
-4.148254
-4.442506
-4.148254
-4.446123
-4.151213
-4.447438
-4.152857
-4.443821
-4.153843
-4.444479
-4.156145
-4.450068
-4.161076
-4.454013
-4.167980
-4.460588
-4.173898
-4.465191
-4.182117
-4.473082
-4.186392
-4.476698
-4.195597
-4.486890
-4.203816
-4.496096
-4.206776
-4.496754
-4.220584
-4.509247
-4.228475
-4.521083
-4.240639
-4.533905
-4.252804
-4.542124
-4.262667
-4.555275
-4.269900
-4.563166
-4.281078
-4.573358
-4.294230
-4.586180
-4.297846
-4.590783
-4.311983
-4.601961
-4.323819
-4.612811
-4.332696
-4.618071
-4.340586
-4.627605
-4.349463
-4.634839
-4.356368
-4.641085
-4.362943
-4.645688
-4.368203
-4.648976
-4.371162
-4.646346
-4.371820
-4.650291
-4.375108
-4.650291
-4.380039
-4.649304
-4.379053
-4.649962
-4.374450
-4.644044
-4.375436
-4.640428
-4.373135
-4.637797
-4.372149
-4.633194
-4.363929
-4.623332
-4.364915
-4.622345
-4.359984
-4.613140
-4.362614
-4.613468
-4.363600
-4.612811
-4.360970
-4.608537
-4.354723
-4.600317
-4.357354
-4.599988
-4.357025
-4.598016
-4.349134
-4.589797
-4.354395
-4.592427
-4.358340
-4.592755
-4.358011
-4.592755
-4.364915
-4.595057
-4.369847
-4.599331
-4.373464
-4.603934
-4.380039
-4.608865
-4.382998
-4.611495
-4.390560
-4.618729
-4.399765
-4.623003
-4.408642
-4.635825
-4.414889
-4.642729
-4.423109
-4.646346
-4.432314
-4.659168
-4.449081
-4.671332
-4.463548
-4.687113
-4.470780
-4.695662
-4.482945
-4.705853
-4.490507
-4.713415
-4.506617
-4.729525
-4.516480
-4.740375
-4.530946
-4.751553
-4.540481
-4.762732
-4.547714
-4.765361
-4.562180
-4.781800
-4.574016
-4.787061
-4.584208
-4.799554
-4.592755
-4.806458
-4.600646
-4.813034
-4.608865
-4.819609
-4.609523
-4.819938
-4.617085
-4.823555
-4.617414
-4.823555
-4.625633
-4.827500
-4.623660
-4.820595
-4.629907
-4.826842
-4.629249
-4.824212
-4.630893
-4.821582
-4.631551
-4.819938
-4.629578
-4.816321
-4.620044
-4.805472
-4.620372
-4.798568
-4.618729
-4.796266
-4.613468
-4.791992
-4.613468
-4.787718
-4.606235
-4.780485
-4.610509
-4.780156
-4.607222
-4.774239
-4.609852
-4.775554
-4.612811
-4.776211
-4.612482
-4.773581
-4.610509
-4.771279
-4.615441
-4.774239
-4.610838
-4.770622
-4.616756
-4.774567
-4.619715
-4.776540
-4.622345
-4.779170
-4.632208
-4.787061
-4.634181
-4.787061
-4.643386
-4.797581
-4.650949
-4.801527
-4.662784
-4.816650
-4.672976
-4.826185
-4.686127
-4.838678
-4.696648
-4.849856
-4.707826
-4.860377
-4.720977
-4.868268
-4.732813
-4.883720
-4.743005
-4.894241
-4.754512
-4.904761
-4.759772
-4.908707
-4.769964
-4.921200
-4.786074
-4.935338
-4.789033
-4.939611
-4.798896
-4.948817
-4.810075
-4.957365
-4.811061
-4.959995
-4.812376
-4.960982
-4.814678
-4.962297
-4.827828
-4.971831
-4.838349
-4.978735
-4.846897
-4.985311
-4.850185
-4.986297
-4.855774
-4.989914
-4.860377
-4.990900
-4.851171
-4.981366
-4.853473
-4.981037
-4.855774
-4.980380
-4.855774
-4.977420
-4.852487
-4.972489
-4.852487
-4.969530
-4.852158
-4.965585
-4.847555
-4.957036
-4.844596
-4.954735
-4.840980
-4.948488
-4.837363
-4.943885
-4.833746
-4.937639
-4.838020
-4.938296
-4.835390
-4.930406
-4.836048
-4.933036
-4.840322
-4.933693
-4.839993
-4.932050
-4.839993
-4.929420
-4.841966
-4.933365
-4.840651
-4.931063
-4.848870
-4.937310
-4.858404
-4.944214
-4.864980
-4.950132
-4.872541
-4.958023
-4.878788
-4.963283
-4.880104
-4.966571
-4.892268
-4.974790
-4.903118
-4.987284
-4.914625
-4.997804
-4.925803
-5.007668
-4.941255
-5.023448
-4.947831
-5.031011
-4.963941
-5.041203
-4.977420
-5.058299
-4.997147
-5.074738
-5.004051
-5.078025
-5.017859
-5.095779
-5.030682
-5.106299
-5.043175
-5.116820
-5.052710
-5.122738
-5.063559
-5.133916
-5.073751
-5.143451
-5.084600
-5.152328
-5.093149
-5.158246
-5.097094
-5.160218
-5.104656
-5.166794
-5.111889
-5.168766
-5.115834
-5.168438
-5.119779
-5.173698
-5.119451
-5.171726
-5.117807
-5.165808
-5.121752
-5.168109
-5.126355
-5.170082
-5.120437
-5.162191
-5.113204
-5.155616
-5.102026
-5.142465
-5.102026
-5.136876
-5.108601
-5.140163
-5.105971
-5.134574
-5.110902
-5.131615
-5.111231
-5.132930
-5.110574
-5.130958
-5.114519
-5.131287
-5.115505
-5.127999
-5.113862
-5.122409
-5.118135
-5.127012
-5.116163
-5.124382
-5.124711
-5.127670
-5.129642
-5.128656
-5.138848
-5.137862
-5.142136
-5.141479
-5.149698
-5.147396
-5.150355
-5.146410
-5.158575
-5.153643
-5.167780
-5.163835
-5.181589
-5.171397
-5.195068
-5.183561
-5.209535
-5.199014
-5.222685
-5.207233
-5.232220
-5.221370
-5.246357
-5.230905
-5.255892
-5.239782
-5.273316
-5.254248
-5.282851
-5.266741
-5.300933
-5.284166
-5.313098
-5.295016
-5.323948
-5.305536
-5.338743
-5.318030
-5.348935
-5.325921
-5.361099
-5.337099
-5.372277
-5.345975
-5.386415
-5.356496
-5.392662
-5.362414
-5.402196
-5.370634
-5.411401
-5.374907
-5.422251
-5.379182
-5.429155
-5.385099
-5.437375
-5.391346
-5.442306
-5.393319
-5.449211
-5.393977
-5.452498
-5.396935
-5.457101
-5.397264
-5.450526
-5.386415
-5.457101
-5.392333
-5.451512
-5.380826
-5.456772
-5.385099
-5.460718
-5.380826
-5.459403
-5.376552
-5.455128
-5.373592
-5.451841
-5.368661
-5.445923
-5.360770
-5.439019
-5.349263
-5.424881
-5.339071
-5.416004
-5.327893
-5.409429
-5.320989
-5.398908
-5.310139
-5.394963
-5.304221
-5.390360
-5.296988
-5.384771
-5.296331
-5.382798
-5.293372
-5.380826
-5.291070
-5.382141
-5.291399
-5.384442
-5.293372
-5.387072
-5.295344
-5.388059
-5.297646
-5.392662
-5.300605
-5.400552
-5.308824
-5.409429
-5.317372
-5.418634
-5.327235
-5.430141
-5.333811
-5.438361
-5.344660
-5.450526
-5.356167
-5.462690
-5.367675
-5.473868
-5.378524
-5.486362
-5.390360
-5.499184
-5.401209
-5.510362
-5.410744
-5.520226
-5.420936
-5.530746
-5.429155
-5.540281
-5.437375
-5.548172
-5.444279
-5.555733
-5.450197
-5.562966
-5.452498
-5.565597
-5.456772
-5.569870
-5.460389
-5.569213
-5.455128
-5.568555
-5.457430
-5.569541
-5.454142
-5.564281
-5.450526
-5.562637
-5.442964
-5.557048
-5.439347
-5.552445
-5.433101
-5.544884
-5.423895
-5.536007
-5.412716
-5.523842
-5.401867
-5.515952
-5.392333
-5.507075
-5.382798
-5.496225
-5.368332
-5.482417
-5.355839
-5.471238
-5.344003
-5.457758
-5.329865
-5.445265
-5.316057
-5.431128
-5.306523
-5.423237
-5.297646
-5.416004
-5.289426
-5.408772
-5.278248
-5.400223
-5.271673
-5.395292
-5.267727
-5.391017
-5.262796
-5.388716
-5.256220
-5.384113
-5.255892
-5.380826
-5.253590
-5.383127
-5.256878
-5.388387
-5.255234
-5.389374
-5.261809
-5.395292
-5.267727
-5.403511
-5.271673
-5.410087
-5.281207
-5.418963
-5.290741
-5.430470
-5.300933
-5.439676
-5.309811
-5.450854
-5.316715
-5.458087
-5.329208
-5.471896
-5.341372
-5.485047
-5.353209
-5.496882
-5.364387
-5.509048
-5.371291
-5.517595
-5.382798
-5.525815
-5.391017
-5.537651
-5.400552
-5.545212
-5.407785
-5.554089
-5.413703
-5.557377
-5.415676
-5.561980
-5.419621
-5.566583
-5.423895
-5.569870
-5.425210
-5.566911
-5.421594
-5.567240
-5.420607
-5.566583
-5.417319
-5.561322
-5.412388
-5.557706
-5.404826
-5.550802
-5.396607
-5.542253
-5.388716
-5.531404
-5.375565
-5.521870
-5.368661
-5.513321
-5.359455
-5.502800
-5.344989
-5.490965
-5.335126
-5.479458
-5.319016
-5.465978
-5.308824
-5.451841
-5.295344
-5.444279
-5.284166
-5.429813
-5.272001
-5.421922
-5.264111
-5.415018
-5.255892
-5.407127
-5.248001
-5.399894
-5.237152
-5.390689
-5.230247
-5.384113
-5.222357
-5.376552
-5.216439
-5.372606
-5.205589
-5.368003
-5.196055
-5.362743
-5.183233
-5.353866
-5.171726
-5.348606
-5.161862
-5.342688
-5.149369
-5.336441
-5.137204
-5.329865
-5.120108
-5.319345
-5.109259
-5.310468
-5.106628
-5.311126
-5.097752
-5.310797
-5.086245
-5.303893
-5.077696
-5.302248
-5.065532
-5.296002
-5.063231
-5.296659
-5.055340
-5.293701
-5.051394
-5.292386
-5.039230
-5.284166
-5.029366
-5.280879
-5.011613
-5.266741
-5.009640
-5.264769
-4.997476
-5.260166
-4.991558
-5.255892
-5.001421
-5.262796
-4.989585
-5.255563
-4.963941
-5.236165
-4.942899
-5.218740
-4.922515
-5.200000
-4.900487
-5.179616
-4.884706
-5.169424
-4.868597
-5.151341
-4.849527
-5.138191
-4.826185
-5.118135
-4.812376
-5.103670
-4.791006
-5.083943
-4.770293
-5.066189
-4.752539
-5.048436
-4.734457
-5.033969
-4.717360
-5.017859
-4.694675
-4.997147
-4.677579
-4.983009
-4.655880
-4.963283
-4.628921
-4.940927
-4.617414
-4.927118
-4.605906
-4.917255
-4.586509
-4.903446
-4.572701
-4.892268
-4.561522
-4.883062
-4.542782
-4.864980
-4.530946
-4.859062
-4.520097
-4.850842
-4.505960
-4.840322
-4.496754
-4.831774
-4.492808
-4.832760
-4.482287
-4.824212
-4.477027
-4.824870
-4.469465
-4.822568
-4.467493
-4.821253
-4.464205
-4.822897
-4.472425
-4.830130
-4.471109
-4.833089
-4.462890
-4.828486
-4.457301
-4.826185
-4.450068
-4.825527
-4.440205
-4.819280
-4.435602
-4.819609
-4.431985
-4.815664
-4.431328
-4.819938
-4.429026
-4.820267
-4.422780
-4.815664
-4.413574
-4.812047
-4.412917
-4.809746
-4.404368
-4.806787
-4.396478
-4.799225
-4.386615
-4.791663
-4.381025
-4.783115
-4.370176
-4.777197
-4.354723
-4.764046
-4.343545
-4.750566
-4.332696
-4.743991
-4.321517
-4.731169
-4.308038
-4.719991
-4.288969
-4.704210
-4.277133
-4.691716
-4.260037
-4.676593
-4.248858
-4.664099
-4.232420
-4.646346
-4.219926
-4.635825
-4.208091
-4.624318
-4.191981
-4.607222
-4.177844
-4.595386
-4.160748
-4.581906
-4.158117
-4.574344
-4.142007
-4.562180
-4.129843
-4.551659
-4.111432
-4.534892
-4.100253
-4.524371
-4.090061
-4.516480
-4.082170
-4.507275
-4.076252
-4.501685
-4.069677
-4.501685
-4.062115
-4.495767
-4.060143
-4.496096
-4.062115
-4.494781
-4.054554
-4.492480
-4.049622
-4.493137
-4.046992
-4.493137
-4.047649
-4.492480
-4.046006
-4.495767
-4.047649
-4.499384
-4.048635
-4.502014
-4.052252
-4.506288
-4.054554
-4.514179
-4.051923
-4.515165
-4.048965
-4.514836
-4.049293
-4.518124
-4.047649
-4.519110
-4.053896
-4.524371
-4.054554
-4.527658
-4.055869
-4.530617
-4.055211
-4.531275
-4.052252
-4.528316
-4.047978
-4.527329
-4.041403
-4.518453
-4.035813
-4.517467
-4.030882
-4.513850
-4.022005
-4.504644
-4.009840
-4.493466
-4.008196
-4.489850
-4.004251
-4.482945
-3.994059
-4.476698
-3.982224
-4.464534
-3.966114
-4.450726
-3.956579
-4.439876
-3.943757
-4.428040
-3.928962
-4.411930
-3.914167
-4.394834
-3.909236
-4.392204
-3.896742
-4.380368
-3.880304
-4.364915
-3.870441
-4.355052
-3.854988
-4.341244
-3.850057
-4.334011
-3.830659
-4.317901
-3.817837
-4.305737
-3.812248
-4.300805
-3.805015
-4.289627
-3.797453
-4.287654
-3.795809
-4.285681
-3.789234
-4.280750
-3.779371
-4.274832
-3.775754
-4.268914
-3.774110
-4.271215
-3.771151
-4.271215
-3.768850
-4.270886
-3.768850
-4.271873
-3.758986
-4.267599
-3.761617
-4.271215
-3.761288
-4.274503
-3.764576
-4.279106
-3.766220
-4.283380
-3.767534
-4.287325
-3.771151
-4.292257
-3.767534
-4.293243
-3.771151
-4.297517
-3.770822
-4.298503
-3.773124
-4.303764
-3.772137
-4.305079
-3.773453
-4.307709
-3.774439
-4.309681
-3.772137
-4.309353
-3.773124
-4.310668
-3.771151
-4.310010
-3.764576
-4.302449
-3.758658
-4.300147
-3.750110
-4.293572
-3.743205
-4.286667
-3.739589
-4.281407
-3.727096
-4.271873
-3.715260
-4.257735
-3.711314
-4.252804
-3.703753
-4.247543
-3.692903
-4.237023
-3.677779
-4.223543
-3.663971
-4.208748
-3.649505
-4.194282
-3.636354
-4.182775
-3.617614
-4.164364
-3.609066
-4.154830
-3.597559
-4.143651
-3.588353
-4.133788
-3.578161
-4.123267
-3.562380
-4.109787
-3.544298
-4.091376
-3.536078
-4.085787
-3.528845
-4.079540
-3.518653
-4.070992
-3.507804
-4.060143
-3.501557
-4.056855
-3.492680
-4.049951
-3.485447
-4.044033
-3.481173
-4.041403
-3.473940
-4.035485
-3.475584
-4.036800
-3.470981
-4.038773
-3.466050
-4.037786
-3.460789
-4.033184
-3.462433
-4.038444
-3.456844
-4.036142
-3.461776
-4.042718
-3.461118
-4.044691
-3.464077
-4.049293
-3.464406
-4.052252
-3.457173
-4.050608
-3.462762
-4.054225
-3.463748
-4.060143
-3.462762
-4.062115
-3.457502
-4.060143
-3.458159
-4.061787
-3.458817
-4.062115
-3.459803
-4.065403
-3.451912
-4.060800
-3.449282
-4.058499
-3.444022
-4.055211
-3.440077
-4.050608
-3.433501
-4.045348
-3.421994
-4.035485
-3.411144
-4.023978
-3.403254
-4.018060
-3.390761
-4.006224
-3.379582
-3.992744
-3.370705
-3.986498
-3.360185
-3.972689
-3.348349
-3.964798
-3.339472
-3.950990
-3.324348
-3.939812
-3.310211
-3.924359
-3.300019
-3.916798
-3.282923
-3.900359
-3.267471
-3.886879
-3.258923
-3.873071
-3.246100
-3.863865
-3.227032
-3.848742
-3.217169
-3.838878
-3.207305
-3.826714
-3.197113
-3.819809
-3.190209
-3.813234
-3.184949
-3.808631
-3.181003
-3.805015
-3.169168
-3.797124
-3.165880
-3.790878
-3.159304
-3.789891
-3.151414
-3.785288
-3.152729
-3.787261
-3.152400
-3.788905
-3.151743
-3.790220
-3.152400
-3.792193
-3.150099
-3.793179
-3.149112
-3.794165
-3.151085
-3.799097
-3.146482
-3.798110
-3.147140
-3.800412
-3.153715
-3.807645
-3.156345
-3.812248
-3.154373
-3.812905
-3.155359
-3.817837
-3.162592
-3.824084
-3.159304
-3.824412
-3.165222
-3.830659
-3.167852
-3.833618
-3.161935
-3.830330
-3.166209
-3.830330
-3.164894
-3.833947
-3.160619
-3.830330
-3.153058
-3.823097
-3.152071
-3.819152
-3.145496
-3.814549
-3.143852
-3.814220
-3.134975
-3.806330
-3.128400
-3.799426
-3.119852
-3.791206
-3.111304
-3.781672
-3.101112
-3.770494
-3.094207
-3.762274
-3.083358
-3.750767
-3.074810
-3.742219
-3.065275
-3.731369
-3.055741
-3.720849
-3.038316
-3.705396
-3.026480
-3.692245
-3.020233
-3.686985
-3.012343
-3.676793
-3.004781
-3.667916
-2.996891
-3.662327
-2.985055
-3.650491
-2.979137
-3.645889
-2.975192
-3.641943
-2.972233
-3.637998
-2.960397
-3.625833
-2.958753
-3.626162
-2.956451
-3.625505
-2.953492
-3.624518
-2.951520
-3.623861
-2.947903
-3.621559
-2.952835
-3.626491
-2.952835
-3.629779
-2.956451
-3.634710
-2.962369
-3.636683
-2.965986
-3.646546
-2.965986
-3.648848
-2.973548
-3.654108
-2.981767
-3.664300
-2.987027
-3.668903
-2.991959
-3.677451
-2.997548
-3.682382
-2.999850
-3.688958
-3.004452
-3.695204
-3.007411
-3.696520
-3.011685
-3.704410
-3.016617
-3.709671
-3.016946
-3.709671
-3.019247
-3.713616
-3.021549
-3.715260
-3.015631
-3.707369
-3.017274
-3.712301
-3.017932
-3.708027
-3.014644
-3.707369
-3.013329
-3.706054
-3.010041
-3.700465
-3.004781
-3.695862
-3.000178
-3.686985
-2.994918
-3.679752
-2.984397
-3.668574
-2.965986
-3.653121
-2.962041
-3.650491
-2.953821
-3.640957
-2.950862
-3.634710
-2.943629
-3.626820
-2.934752
-3.617285
-2.931465
-3.610381
-2.924561
-3.604792
-2.920286
-3.594929
-2.912725
-3.590655
-2.897601
-3.577504
-2.899245
-3.576189
-2.890697
-3.565997
-2.886752
-3.564682
-2.888724
-3.563366
-2.883464
-3.558106
-2.885765
-3.562709
-2.884779
-3.563366
-2.887080
-3.565668
-2.886423
-3.561723
-2.890368
-3.569942
-2.890697
-3.570928
-2.891026
-3.572901
-2.892341
-3.572243
-2.898916
-3.581449
-2.907793
-3.592299
-2.911738
-3.598545
-2.922259
-3.608408
-2.928177
-3.615641
-2.930478
-3.620902
-2.932780
-3.625833
-2.941657
-3.634710
-2.946259
-3.639313
-2.950534
-3.645231
-2.960068
-3.649176
-2.962698
-3.658053
-2.963685
-3.661012
-2.970260
-3.666272
-2.978150
-3.672848
-2.981767
-3.676465
-2.983411
-3.677122
-2.976507
-3.667916
-2.978479
-3.671533
-2.981438
-3.674163
-2.978808
-3.670547
-2.979137
-3.669231
-2.974534
-3.664629
-2.962369
-3.652464
-2.964671
-3.651806
-2.963685
-3.644573
-2.956123
-3.640299
-2.947575
-3.627148
-2.945931
-3.625505
-2.936396
-3.615641
-2.933766
-3.607093
-2.925876
-3.602162
-2.922259
-3.591641
-2.918314
-3.590326
-2.910423
-3.582435
-2.900889
-3.572243
-2.899903
-3.569942
-2.896615
-3.565668
-2.888067
-3.556462
-2.890039
-3.557449
-2.891354
-3.558106
-2.892012
-3.558435
-2.890039
-3.552188
-2.891026
-3.558435
-2.899574
-3.565010
-2.905163
-3.566983
-2.909766
-3.573230
-2.915026
-3.576517
-2.921602
-3.582435
-2.929492
-3.594600
-2.934752
-3.597559
-2.944616
-3.610710
-2.951520
-3.618600
-2.964671
-3.631751
-2.972233
-3.635368
-2.984068
-3.650491
-2.995575
-3.661670
-2.995247
-3.661012
-3.010370
-3.672519
-3.020233
-3.686328
-3.033056
-3.698164
-3.036672
-3.703095
-3.044234
-3.710657
-3.055083
-3.719534
-3.054097
-3.718876
-3.059029
-3.720191
-3.066919
-3.728411
-3.074481
-3.733342
-3.077111
-3.734657
-3.079741
-3.735972
-3.085659
-3.737945
-3.088947
-3.736959
-3.088947
-3.733342
-3.089933
-3.731041
-3.086646
-3.731369
-3.087303
-3.728082
-3.080070
-3.719862
-3.082043
-3.718547
-3.080728
-3.714273
-3.074810
-3.706383
-3.069878
-3.700136
-3.066919
-3.695204
-3.067577
-3.692245
-3.066262
-3.684684
-3.064289
-3.684026
-3.058700
-3.678108
-3.054754
-3.668903
-3.057385
-3.673506
-3.056727
-3.669889
-3.056398
-3.668903
-3.057056
-3.668903
-3.056070
-3.665286
-3.060015
-3.667916
-3.063303
-3.673834
-3.063960
-3.673177
-3.073495
-3.684026
-3.083687
-3.692245
-3.092563
-3.700465
-3.097824
-3.702766
-3.110317
-3.715589
-3.119194
-3.722821
-3.130044
-3.736301
-3.141551
-3.746164
-3.152400
-3.755041
-3.164894
-3.770494
-3.170811
-3.777727
-3.185606
-3.792193
-3.198100
-3.802385
-3.203360
-3.807974
-3.216511
-3.820796
-3.224401
-3.829015
-3.230648
-3.835591
-3.238210
-3.842824
-3.247744
-3.851701
-3.256950
-3.858605
-3.263525
-3.864194
-3.264512
-3.865838
-3.275033
-3.873071
-3.284567
-3.878989
-3.280622
-3.875043
-3.286540
-3.878002
-3.290814
-3.875372
-3.293115
-3.878989
-3.293444
-3.874715
-3.295745
-3.875701
-3.289170
-3.865180
-3.288512
-3.865509
-3.282265
-3.857290
-3.284567
-3.855646
-3.277005
-3.845783
-3.278320
-3.845125
-3.277334
-3.840851
-3.273060
-3.832303
-3.275361
-3.834604
-3.274046
-3.830659
-3.276348
-3.829344
-3.276676
-3.828686
-3.270430
-3.821782
-3.274375
-3.824084
-3.278978
-3.822111
-3.281937
-3.826714
-3.282923
-3.827371
-3.288183
-3.830988
-3.292458
-3.830659
-3.302978
-3.842824
-3.309882
-3.848084
-3.318102
-3.852029
-3.327307
-3.861892
-3.341116
-3.876359
-3.348349
-3.883263
-3.357226
-3.888852
-3.375637
-3.905948
-3.391747
-3.923373
-3.405555
-3.935209
-3.421336
-3.950990
-3.439419
-3.964798
-3.458488
-3.983867
-3.468351
-3.989785
-3.486105
-4.008854
-3.502872
-4.022991
-3.511091
-4.031211
-3.529832
-4.046663
-3.549887
-4.063102
-3.566654
-4.071979
-3.579476
-4.083486
-3.593285
-4.096965
-3.605121
-4.105514
-3.613340
-4.111760
-3.623532
-4.118336
-3.620244
-4.112089
-3.629450
-4.119322
-3.632738
-4.120966
-3.637012
-4.121952
-3.640628
-4.118664
-3.652793
-4.127870
-3.666930
-4.136089
-3.641286
-4.112418
-3.654765
-4.115705
-3.665615
-4.123925
-3.670547
-4.125897
-3.684026
-4.132802
-3.669560
-4.117021
-3.681067
-4.123596
-3.690273
-4.126884
-3.700136
-4.132473
-3.709999
-4.136418
-3.714931
-4.135432
-3.723479
-4.143322
-3.732685
-4.144309
-3.723808
-4.141350
-3.734657
-4.147925
-3.740575
-4.148911
-3.755370
-4.159761
-3.768192
-4.170939
-3.783644
-4.183762
-3.796138
-4.193624
-3.810275
-4.205132
-3.827043
-4.220255
-3.818166
-4.215981
-3.836906
-4.231105
-3.849070
-4.242612
-3.863208
-4.254119
-3.884249
-4.270557
-3.904304
-4.291270
-3.918770
-4.303435
-3.933565
-4.318559
-3.949675
-4.332696
-3.968415
-4.349134
-3.985183
-4.363929
-3.985511
-4.365902
-4.001950
-4.376094
-4.014114
-4.390560
-4.024635
-4.398122
-4.043375
-4.414889
-4.052581
-4.421464
-4.070992
-4.435602
-4.084143
-4.443163
-4.096965
-4.455657
-4.105185
-4.461575
-4.080855
-4.441848
-4.081513
-4.440205
-4.091047
-4.444808
-4.098938
-4.448424
-4.108801
-4.453356
-4.114719
-4.453684
-4.121294
-4.455657
-4.123596
-4.456315
-4.133788
-4.460588
-4.136747
-4.459273
-4.142007
-4.459602
-4.147268
-4.460260
-4.149898
-4.455986
-4.155816
-4.460917
-4.157788
-4.456315
-4.166337
-4.462233
-4.174556
-4.465191
-4.178830
-4.467493
-4.180145
-4.465520
-4.197570
-4.475712
-4.212036
-4.484918
-4.226173
-4.493137
-4.243598
-4.508589
-4.257078
-4.518124
-4.271544
-4.525686
-4.290284
-4.542453
-4.304421
-4.554618
-4.324476
-4.570728
-4.344861
-4.583221
-4.361299
-4.600975
-4.381354
-4.618071
-4.397135
-4.628921
-4.414560
-4.644701
-4.435931
-4.662784
-4.454999
-4.676593
-4.477685
-4.699607
-4.498726
-4.715059
-4.520097
-4.736758
-4.535549
-4.749252
-4.560864
-4.770951
-4.585194
-4.790349
-4.598673
-4.798239
-4.619715
-4.819938
-4.639441
-4.832102
-4.655551
-4.847555
-4.669688
-4.858076
-4.691059
-4.873857
-4.703552
-4.884049
-4.714402
-4.891282
-4.722950
-4.895885
-4.737416
-4.905419
-4.744649
-4.908707
-4.750896
-4.912652
-4.758457
-4.914296
-4.763718
-4.915940
-4.776869
-4.924488
-4.785746
-4.928104
-4.792978
-4.930077
-4.796266
-4.925474
-4.800869
-4.930077
-4.804485
-4.929420
-4.809746
-4.930735
-4.808431
-4.924159
-4.814020
-4.927447
-4.820924
-4.929090
-4.823555
-4.929748
-4.829144
-4.926789
-4.831445
-4.925803
-4.838349
-4.933365
-4.843281
-4.934680
-4.842295
-4.931721
-4.852815
-4.939611
-4.860377
-4.943885
-4.862679
-4.944543
-4.873528
-4.953420
-4.888323
-4.960653
-4.898844
-4.974133
-4.910022
-4.983009
-4.922515
-4.992873
-4.935995
-5.004709
-4.946845
-5.014243
-4.956379
-5.023777
-4.979722
-5.043504
-4.999448
-5.060929
-5.017202
-5.076381
-5.036271
-5.092162
-5.048764
-5.104327
-5.066847
-5.119451
-5.082299
-5.131944
-5.098409
-5.146739
-5.116492
-5.162520
-5.131615
-5.175013
-5.141150
-5.182904
-5.160547
-5.200000
-5.177972
-5.213480
-5.193425
-5.221370
-5.206247
-5.234850
-5.221370
-5.244056
-5.227288
-5.244713
-5.242741
-5.259508
-5.245699
-5.260494
-5.252275
-5.261809
-5.262467
-5.267727
-5.272659
-5.273974
-5.281865
-5.274961
-5.288440
-5.278577
-5.293701
-5.281865
-5.299290
-5.281207
-5.304550
-5.282522
-5.309482
-5.282194
-5.309153
-5.275289
-5.315071
-5.279892
-5.319016
-5.279892
-5.319674
-5.276604
-5.329208
-5.279234
-5.329865
-5.278577
-5.332496
-5.276276
-5.334140
-5.275947
-5.337756
-5.272001
-5.347291
-5.281207
-5.355839
-5.283180
-5.359455
-5.287454
-5.365702
-5.289426
-5.367346
-5.290741
-5.371291
-5.291070
-5.374250
-5.295016
-5.378853
-5.298632
-5.381155
-5.301262
-5.387401
-5.306194
-5.396278
-5.314085
-5.404826
-5.317043
-5.408114
-5.321646
-5.417977
-5.333811
-5.429813
-5.344332
-5.442306
-5.354524
-5.452169
-5.363729
-5.462690
-5.374250
-5.476170
-5.386744
-5.490636
-5.394634
-5.500828
-5.407127
-5.512992
-5.417648
-5.523842
-5.426854
-5.532719
-5.434087
-5.542911
-5.442306
-5.551459
-5.450197
-5.559679
-5.454800
-5.561980
-5.455786
-5.567240
-5.460389
-5.572172
-5.460389
-5.572829
-5.461704
-5.572829
-5.460060
-5.571843
-5.452169
-5.562309
-5.445923
-5.559679
-5.442964
-5.556719
-5.437375
-5.546856
-5.425868
-5.539294
-5.416991
-5.531733
-5.403511
-5.519897
-5.392004
-5.509705
-5.379839
-5.497540
-5.366360
-5.482417
-5.352880
-5.472225
-5.342359
-5.460718
-5.330194
-5.450526
-5.318358
-5.440662
-5.307838
-5.431786
-5.298961
-5.423237
-5.287454
-5.409429
-5.275618
-5.404497
-5.269372
-5.399237
-5.263124
-5.394305
-5.258522
-5.391017
-5.251289
-5.385428
-5.247672
-5.384113
-5.247672
-5.385099
-5.248987
-5.387730
-5.248987
-5.389702
-5.252604
-5.391346
-5.253262
-5.393977
-5.258522
-5.403511
-5.266084
-5.412716
-5.275289
-5.423566
-5.283509
-5.432772
-5.291728
-5.440333
-5.296659
-5.448882
-5.308496
-5.460718
-5.317043
-5.473540
-5.330523
-5.486362
-5.343674
-5.495568
-5.348277
-5.505102
-5.359784
-5.518253
-5.370305
-5.528774
-5.375237
-5.531404
-5.381483
-5.537651
-5.385428
-5.544555
-5.378853
-5.543240
-5.365702
-5.534692
-5.342359
-5.514965
-5.319345
-5.496225
-5.290413
-5.474197
-5.266741
-5.459074
-5.241097
-5.437375
-5.208548
-5.412059
-5.180274
-5.389045
-5.151999
-5.364716
-5.114848
-5.331510
-5.087560
-5.312112
-5.058299
-5.289098
-5.024764
-5.257535
-4.993202
-5.233206
-4.964598
-5.209863
-4.936653
-5.189808
-4.902131
-5.163835
-4.868268
-5.137533
-4.848541
-5.121423
-4.819280
-5.099724
-4.791335
-5.078682
-4.762074
-5.053367
-4.740046
-5.039230
-4.715059
-5.021805
-4.689744
-5.002407
-4.667058
-4.983667
-4.647003
-4.969530
-4.621359
-4.950790
-4.588481
-4.922186
-4.573358
-4.913967
-4.554289
-4.899501
-4.526014
-4.877144
-4.504644
-4.861692
-4.488205
-4.849199
-4.468151
-4.832431
-4.448424
-4.815335
-4.426067
-4.801856
-4.408314
-4.787061
-4.393847
-4.776869
-4.374779
-4.758129
-4.357025
-4.748594
-4.333025
-4.728868
-4.311326
-4.712758
-4.294558
-4.696648
-4.278777
-4.683825
-4.263982
-4.675935
-4.243927
-4.656538
-4.228804
-4.647332
-4.211379
-4.634839
-4.193296
-4.619715
-4.177186
-4.608208
-4.160090
-4.595057
-4.146610
-4.581248
-4.130500
-4.572043
-4.111103
-4.557248
-4.104527
-4.550673
-4.088746
-4.539165
-4.069677
-4.524042
-4.054225
-4.511549
-4.046334
-4.503658
-4.034498
-4.494123
-4.025950
-4.489521
-4.015429
-4.476041
-4.004909
-4.469465
-3.990772
-4.461575
-3.977621
-4.451054
-3.968086
-4.444150
-3.956579
-4.434944
-3.942771
-4.424095
-3.926661
-4.411602
-3.911537
-4.399437
-3.900688
-4.391546
-3.891153
-4.382340
-3.881290
-4.375108
-3.872413
-4.368532
-3.852687
-4.350778
-3.843810
-4.342230
-3.834604
-4.338285
-3.816851
-4.324805
-3.806987
-4.316915
-3.798439
-4.309681
-3.784960
-4.299489
-3.772137
-4.289955
-3.761617
-4.280421
-3.751425
-4.272202
-3.735972
-4.257407
-3.726109
-4.254448
-3.715917
-4.245571
-3.705068
-4.237351
-3.688300
-4.224858
-3.673177
-4.213022
-3.663971
-4.203159
-3.651806
-4.192638
-3.638655
-4.184748
-3.626820
-4.175871
-3.613011
-4.165350
-3.603477
-4.157460
-3.591312
-4.145953
-3.578819
-4.137733
-3.569942
-4.131486
-3.557449
-4.121952
-3.544298
-4.112089
-3.529832
-4.099267
-3.518653
-4.091705
-3.499256
-4.074937
-3.488735
-4.068362
-3.479529
-4.060143
-3.465392
-4.050280
-3.450926
-4.038444
-3.439090
-4.028581
-3.422323
-4.012799
-3.411473
-4.007868
-3.396350
-3.993073
-3.388130
-3.989456
-3.374979
-3.979593
-3.357226
-3.966114
-3.349335
-3.957894
-3.338814
-3.950332
-3.322376
-3.933894
-3.308567
-3.926003
-3.300348
-3.920085
-3.289827
-3.912852
-3.279964
-3.904962
-3.263854
-3.893455
-3.254977
-3.884249
-3.244785
-3.876687
-3.233278
-3.866495
-3.220127
-3.857290
-3.209935
-3.849399
-3.202045
-3.838221
-3.189880
-3.832960
-3.181332
-3.825727
-3.171140
-3.818166
-3.159962
-3.806659
-3.151414
-3.801398
-3.144838
-3.796467
-3.131687
-3.786275
-3.126756
-3.781672
-3.114591
-3.772466
-3.105386
-3.763918
-3.101769
-3.762932
-3.095851
-3.757671
-3.088947
-3.750767
-3.085330
-3.749123
-3.079741
-3.744849
-3.073495
-3.738274
-3.069549
-3.736630
-3.065604
-3.732685
-3.058700
-3.724137
-3.053440
-3.722821
-3.046864
-3.717890
-3.043905
-3.713616
-3.039302
-3.710657
-3.036343
-3.708684
-3.033056
-3.705396
-3.026809
-3.700136
-3.020233
-3.695204
-3.020233
-3.694876
-3.012672
-3.689287
-3.008398
-3.685341
-3.010699
-3.686328
-3.005110
-3.681396
-3.000836
-3.678108
-3.001165
-3.677122
-2.999521
-3.676465
-2.997548
-3.673177
-2.994260
-3.669560
-2.993274
-3.671204
-2.988343
-3.667259
-2.988014
-3.665944
-2.985712
-3.663971
-2.981767
-3.661012
-2.979794
-3.659368
-2.975520
-3.655094
-2.976178
-3.655094
-2.979794
-3.657724
-2.972561
-3.652464
-2.972561
-3.648190
-2.976835
-3.654437
-2.970589
-3.649505
-2.973548
-3.648190
-2.978808
-3.655094
-2.973548
-3.650820
-2.976178
-3.653450
-2.974863
-3.651478
-2.974205
-3.648519
-2.976835
-3.653121
-2.973548
-3.649176
-2.976507
-3.648519
-2.977822
-3.653121
-2.974205
-3.647204
-2.977164
-3.649505
-2.975192
-3.649834
-2.975849
-3.646546
-2.976178
-3.647204
-2.973876
-3.647532
-2.977164
-3.650820
-2.974534
-3.646217
-2.976507
-3.647532
-2.979465
-3.651806
-2.973548
-3.644902
-2.977493
-3.650491
-2.976178
-3.649834
-2.975520
-3.647861
-2.978808
-3.651149
-2.979137
-3.650491
-2.978479
-3.649834
-2.982096
-3.652793
-2.982753
-3.651149
-2.983082
-3.653779
-2.985055
-3.653779
-2.979137
-3.649505
-2.982753
-3.648519
-2.985055
-3.650491
-2.987027
-3.651806
-2.987685
-3.655094
-2.988671
-3.655752
-2.993603
-3.659368
-2.987356
-3.652135
-2.990315
-3.656080
-2.991959
-3.653121
-2.997877
-3.661012
-2.999850
-3.662656
-3.004781
-3.666272
-3.003466
-3.664957
-3.007740
-3.668245
-3.011357
-3.666930
-3.013329
-3.671533
-3.014644
-3.670875
-3.021877
-3.677779
-3.027795
-3.681396
-3.030754
-3.682711
-3.029768
-3.680410
-3.028781
-3.679752
-3.036672
-3.686985
-3.042919
-3.691259
-3.048837
-3.695862
-3.052453
-3.694218
-3.056070
-3.699807
-3.056070
-3.699807
-3.061988
-3.704739
-3.062974
-3.705068
-3.072180
-3.711643
-3.072180
-3.711643
-3.076125
-3.711972
-3.083358
-3.718547
-3.091906
-3.724137
-3.096180
-3.728082
-3.099139
-3.729068
-3.100783
-3.730712
-3.104399
-3.733013
-3.111961
-3.738931
-3.120509
-3.744849
-3.125441
-3.745507
-3.128729
-3.747808
-3.133003
-3.752411
-3.138263
-3.757343
-3.137934
-3.757014
-3.142866
-3.759644
-3.147140
-3.763261
-3.151414
-3.765562
-3.159962
-3.772466
-3.165222
-3.772137
-3.170154
-3.780357
-3.166209
-3.773781
-3.170811
-3.779042
-3.173113
-3.781672
-3.180346
-3.786932
-3.180675
-3.786275
-3.187908
-3.787590
-3.193497
-3.795809
-3.199086
-3.799426
-3.205661
-3.800741
-3.206319
-3.805344
-3.212237
-3.808302
-3.217169
-3.807974
-3.218812
-3.812905
-3.227360
-3.819481
-3.232292
-3.819152
-3.237224
-3.822440
-3.240511
-3.829015
-3.245443
-3.830659
-3.250703
-3.835262
-3.248073
-3.829673
-3.251690
-3.835919
-3.256292
-3.839207
-3.265169
-3.844796
-3.265169
-3.845125
-3.271745
-3.849728
-3.278978
-3.854331
-3.277663
-3.850714
-3.288183
-3.861235
-3.292458
-3.864194
-3.291800
-3.863208
-3.301334
-3.870441
-3.306923
-3.874057
-3.314814
-3.879318
-3.313499
-3.879318
-3.322047
-3.884907
-3.331582
-3.892140
-3.340458
-3.897071
-3.341445
-3.896414
-3.347363
-3.903647
-3.355582
-3.906606
-3.359527
-3.911537
-3.360842
-3.908907
-3.362486
-3.912195
-3.371363
-3.919757
-3.375966
-3.923373
-3.376623
-3.922715
-3.380569
-3.923373
-3.388459
-3.931264
-3.398651
-3.938497
-3.402268
-3.941127
-3.409829
-3.945072
-3.412131
-3.944415
-3.423638
-3.955922
-3.428241
-3.959209
-3.432186
-3.957237
-3.441720
-3.968744
-3.448296
-3.973675
-3.459803
-3.980908
-3.466050
-3.985511
-3.476570
-3.994059
-3.487420
-3.999977
-3.490050
-4.002607
-3.498598
-4.009183
-3.509448
-4.017074
-3.512078
-4.017074
-3.518982
-4.022663
-3.534435
-4.034498
-3.540024
-4.036800
-3.550215
-4.044691
-3.562709
-4.054883
-3.565997
-4.052252
-3.580463
-4.065732
-3.589997
-4.072965
-3.600847
-4.081184
-3.612025
-4.085787
-3.624847
-4.095650
-3.635697
-4.106500
-3.646875
-4.114061
-3.654108
-4.118993
-3.668245
-4.129843
-3.672190
-4.131158
-3.677779
-4.135432
-3.693889
-4.145953
-3.701123
-4.150227
-3.714602
-4.162063
-3.727424
-4.169624
-3.734986
-4.172912
-3.747479
-4.185734
-3.756356
-4.190666
-3.762932
-4.193296
-3.776740
-4.206118
-3.790878
-4.216968
-3.802713
-4.223543
-3.812905
-4.232420
-3.824084
-4.240639
-3.837234
-4.249516
-3.842495
-4.253133
-3.853344
-4.258722
-3.867482
-4.271544
-3.879975
-4.279106
-3.888523
-4.286339
-3.895427
-4.289955
-3.907592
-4.296202
-3.919428
-4.308038
-3.926990
-4.309353
-3.936853
-4.315928
-3.952305
-4.331381
-3.964470
-4.340258
-3.969401
-4.341901
-3.981895
-4.352422
-3.995703
-4.363929
-4.008854
-4.372478
-4.019046
-4.377409
-4.027266
-4.385300
-4.029238
-4.383656
-4.042718
-4.395820
-4.055211
-4.405026
-4.069020
-4.415546
-4.078225
-4.421136
-4.085458
-4.426067
-4.094664
-4.433629
-4.109130
-4.440862
-4.119979
-4.451712
-4.128199
-4.455986
-4.136089
-4.461904
-4.149569
-4.472425
-4.159432
-4.479986
-4.163706
-4.480315
-4.174556
-4.489850
-4.186063
-4.498726
-4.197241
-4.504973
-4.204474
-4.511220
-4.214995
-4.518782
-4.229790
-4.528974
-4.234393
-4.532590
-4.244256
-4.537193
-4.261681
-4.551659
-4.274503
-4.561193
-4.283051
-4.566453
-4.294230
-4.576317
-4.308695
-4.584865
-4.319216
-4.593084
-4.324476
-4.592427
-4.336312
-4.599988
-4.352422
-4.615769
-4.363929
-4.623989
-4.377080
-4.632537
-4.389574
-4.638784
-4.403711
-4.648647
-4.413903
-4.655880
-4.429026
-4.669688
-4.441191
-4.677908
-4.454999
-4.688428
-4.467164
-4.696319
-4.476698
-4.703881
-4.492480
-4.714730
-4.508589
-4.722950
-4.525357
-4.738073
-4.535549
-4.744320
-4.546727
-4.752211
-4.557248
-4.759115
-4.575002
-4.769964
-4.588810
-4.783115
-4.598016
-4.784431
-4.609523
-4.794293
-4.624647
-4.804157
-4.639112
-4.817308
-4.651277
-4.826185
-4.664428
-4.835719
-4.675278
-4.841637
-4.688757
-4.852815
-4.695990
-4.857090
-4.709799
-4.867281
-4.721963
-4.875501
-4.731498
-4.879775
-4.746950
-4.894241
-4.760101
-4.900158
-4.771608
-4.911994
-4.783444
-4.916268
-4.793965
-4.926789
-4.802513
-4.933365
-4.809088
-4.936653
-4.814020
-4.938954
-4.823883
-4.943228
-4.831445
-4.951447
-4.845253
-4.962955
-4.855117
-4.970845
-4.865309
-4.976763
-4.871227
-4.981366
-4.876487
-4.984653
-4.887008
-4.991229
-4.894569
-4.994188
-4.908707
-5.006352
-4.911994
-5.007668
-4.918241
-5.012270
-4.931392
-5.022791
-4.936981
-5.026408
-4.943885
-5.029696
-4.959009
-5.042189
-4.970516
-5.049751
-4.975448
-5.052710
-4.988927
-5.062901
-4.998462
-5.070463
-5.007997
-5.071778
-5.017202
-5.083285
-5.023777
-5.086902
-5.032983
-5.090190
-5.043504
-5.100710
-5.048764
-5.101368
-5.057970
-5.108272
-5.069806
-5.116163
-5.080655
-5.127341
-5.088875
-5.132930
-5.096107
-5.137862
-5.103012
-5.141150
-5.112875
-5.148711
-5.121094
-5.151341
-5.132930
-5.162191
-5.141150
-5.164821
-5.150026
-5.174685
-5.159561
-5.180931
-5.165479
-5.185205
-5.176000
-5.187835
-5.186192
-5.198356
-5.194082
-5.203617
-5.201972
-5.210521
-5.211507
-5.216767
-5.221042
-5.223014
-5.231891
-5.226631
-5.244713
-5.236165
-5.255563
-5.247672
-5.264769
-5.252933
-5.273316
-5.260166
-5.283837
-5.266741
-5.293043
-5.273316
-5.297975
-5.273974
-5.312441
-5.284495
-5.320331
-5.287125
-5.333153
-5.299618
-5.341372
-5.306851
-5.353866
-5.314742
-5.365702
-5.320660
-5.375894
-5.326907
-5.386744
-5.336441
-5.391017
-5.338743
-5.398908
-5.344989
-5.415347
-5.355839
-5.427840
-5.360770
-5.437375
-5.367346
-5.446251
-5.377209
-5.449868
-5.378524
-5.453813
-5.381483
-5.461046
-5.381155
-5.460060
-5.383127
-5.466636
-5.383784
-5.468608
-5.388059
-5.471896
-5.389702
-5.470910
-5.387072
-5.472553
-5.387401
-5.474526
-5.387730
-5.475841
-5.384771
-5.475513
-5.385757
-5.473540
-5.381155
-5.472225
-5.381483
-5.473540
-5.381812
-5.476170
-5.382470
-5.478143
-5.381812
-5.476828
-5.380826
-5.474197
-5.377867
-5.476170
-5.377538
-5.477485
-5.373921
-5.476170
-5.376223
-5.478800
-5.376552
-5.476499
-5.373264
-5.477814
-5.369976
-5.472553
-5.366688
-5.474526
-5.368332
-5.476170
-5.369318
-5.478471
-5.369647
-5.479458
-5.368989
-5.479786
-5.365702
-5.477485
-5.364058
-5.477156
-5.364387
-5.475183
-5.362414
-5.478471
-5.363729
-5.480444
-5.360770
-5.478471
-5.360113
-5.478800
-5.360770
-5.480115
-5.360113
-5.476170
-5.357154
-5.478471
-5.353538
-5.473540
-5.349921
-5.473868
-5.351565
-5.474855
-5.351893
-5.477156
-5.352222
-5.478471
-5.351565
-5.478800
-5.350578
-5.477485
-5.349921
-5.478471
-5.345647
-5.476828
-5.346304
-5.473868
-5.343345
-5.475183
-5.343674
-5.475513
-5.344003
-5.476499
-5.340058
-5.472553
-5.339729
-5.475183
-5.340386
-5.476828
-5.341372
-5.478143
-5.336770
-5.474855
-5.334140
-5.474855
-5.337099
-5.477156
-5.337099
-5.475841
-5.336112
-5.476828
-5.335783
-5.478143
-5.335455
-5.477814
-5.334140
-5.478143
-5.330194
-5.474526
-5.330523
-5.476170
-5.330852
-5.475841
-5.330523
-5.477814
-5.330194
-5.473211
-5.327564
-5.476170
-5.326578
-5.476170
-5.327564
-5.477156
-5.323948
-5.474526
-5.323619
-5.474855
-5.323619
-5.476170
-5.323290
-5.472225
-5.320660
-5.473540
-5.317043
-5.468937
-5.314742
-5.471567
-5.314085
-5.471896
-5.313098
-5.471567
-5.303235
-5.464334
-5.287125
-5.452169
-5.271344
-5.442964
-5.246028
-5.424224
-5.221699
-5.407127
-5.204932
-5.392004
-5.184548
-5.374907
-5.164164
-5.362085
-5.140821
-5.346304
-5.114519
-5.326578
-5.091505
-5.309153
-5.070463
-5.293043
-5.051065
-5.278248
-5.031997
-5.263782
-5.008654
-5.246686
-4.984324
-5.227946
-4.959667
-5.209206
-4.936981
-5.192438
-4.918570
-5.178301
-4.901803
-5.162848
-4.877473
-5.143780
-4.855774
-5.129642
-4.834733
-5.114190
-4.807773
-5.093477
-4.786732
-5.079340
-4.771608
-5.065532
-4.751553
-5.050737
-4.727881
-5.030353
-4.710127
-5.018188
-4.693689
-5.006352
-4.672318
-4.991229
-4.650949
-4.973804
-4.628592
-4.955721
-4.614126
-4.944872
-4.597030
-4.929748
-4.583879
-4.921529
-4.560864
-4.905090
-4.541796
-4.889638
-4.522727
-4.874843
-4.507603
-4.863665
-4.492480
-4.851500
-4.478671
-4.839664
-4.463548
-4.829473
-4.447438
-4.815993
-4.433300
-4.805143
-4.415875
-4.792321
-4.398450
-4.779828
-4.379710
-4.765033
-4.366230
-4.753526
-4.352093
-4.743662
-4.335655
-4.730840
-4.317244
-4.712758
-4.304421
-4.707169
-4.290942
-4.696648
-4.281078
-4.685798
-4.268585
-4.677908
-4.251818
-4.665414
-4.238009
-4.655222
-4.227160
-4.645688
-4.211050
-4.632208
-4.201187
-4.625304
-4.190008
-4.617414
-4.171926
-4.600646
-4.161734
-4.591112
-4.154500
-4.589468
-4.133459
-4.571385
-4.123267
-4.562508
-4.118993
-4.561851
-4.107486
-4.549686
-4.094993
-4.539494
-4.086444
-4.536535
-4.078225
-4.529302
-4.065074
-4.517467
-4.059156
-4.514836
-4.051923
-4.507932
-4.040416
-4.498397
-4.028909
-4.491165
-4.022334
-4.484260
-4.011813
-4.476370
-4.000635
-4.468479
-3.988799
-4.455328
-3.983210
-4.454342
-3.971374
-4.444150
-3.966771
-4.440862
-3.955922
-4.432971
-3.945730
-4.421793
-3.940140
-4.421464
-3.925346
-4.409957
-3.919099
-4.402724
-3.909565
-4.396478
-3.901345
-4.390889
-3.895756
-4.385628
-3.881290
-4.370833
-3.875701
-4.370505
-3.867810
-4.364587
-3.859591
-4.356368
-3.852358
-4.352093
-3.844796
-4.346504
-3.837234
-4.340586
-3.827043
-4.332696
-3.817508
-4.325463
-3.810275
-4.319545
-3.798439
-4.310668
-3.791535
-4.304750
-3.786275
-4.300147
-3.773781
-4.290942
-3.762932
-4.281736
-3.757014
-4.278120
-3.744520
-4.268256
-3.735315
-4.258393
-3.730383
-4.256092
-3.717890
-4.247872
-3.706054
-4.234064
-3.700465
-4.230447
-3.692574
-4.227160
-3.683369
-4.219598
-3.670218
-4.210063
-3.656738
-4.198885
-3.645231
-4.190337
-3.644573
-4.189680
-3.639971
-4.184748
-3.631094
-4.179159
-3.618272
-4.167980
-3.610710
-4.163049
-3.604792
-4.156145
-3.597230
-4.152528
-3.584408
-4.142007
-3.576189
-4.136089
-3.567312
-4.126555
-3.563366
-4.121294
-3.555805
-4.119979
-3.545284
-4.112089
-3.537393
-4.105842
-3.532791
-4.100911
-3.524571
-4.091705
-3.516681
-4.088089
-3.508133
-4.082828
-3.495968
-4.073622
-3.487749
-4.067705
-3.482160
-4.060143
-3.474598
-4.053896
-3.467365
-4.051595
-3.453228
-4.039430
-3.441063
-4.029896
-3.435802
-4.026608
-3.432844
-4.023978
-3.420350
-4.014772
-3.410158
-4.003922
-3.405555
-3.998662
-3.398980
-3.997676
-3.389774
-3.990443
-3.381555
-3.983867
-3.375637
-3.975977
-3.366760
-3.971045
-3.357883
-3.962168
-3.352623
-3.961839
-3.344075
-3.954607
-3.330924
-3.945072
-3.329609
-3.943099
-3.321389
-3.936853
-3.311526
-3.929291
-3.304622
-3.920085
-3.298704
-3.918770
-3.286540
-3.909893
-3.277334
-3.902332
-3.264841
-3.892797
-3.261882
-3.890825
-3.257936
-3.886879
-3.251690
-3.882277
-3.243141
-3.877016
-3.232292
-3.867153
-3.221771
-3.856632
-3.221114
-3.854660
-3.212894
-3.847755
-3.209607
-3.848413
-3.204346
-3.844468
-3.198100
-3.839536
-3.190209
-3.832960
-3.181332
-3.826056
-3.174099
-3.820796
-3.170154
-3.815207
-3.165551
-3.810933
-3.164236
-3.812577
-3.155030
-3.805672
-3.148784
-3.801069
-3.144510
-3.797124
-3.140236
-3.794494
-3.130701
-3.786603
-3.128071
-3.784302
-3.125112
-3.781672
-3.115249
-3.774439
-3.110975
-3.770822
-3.109988
-3.769507
-3.104399
-3.764247
-3.094207
-3.756027
-3.086646
-3.751096
-3.086646
-3.749452
-3.084015
-3.746493
-3.080728
-3.746164
-3.076782
-3.739589
-3.074481
-3.737288
-3.070536
-3.737288
-3.063960
-3.732027
-3.060673
-3.729726
-3.056070
-3.726109
-3.047850
-3.719534
-3.042919
-3.715589
-3.041932
-3.714602
-3.039631
-3.711972
-3.032727
-3.705396
-3.033384
-3.703424
-3.033384
-3.705068
-3.028781
-3.702766
-3.025823
-3.701123
-3.022206
-3.696848
-3.017932
-3.694218
-3.009384
-3.687972
-3.008069
-3.686656
-3.011028
-3.685013
-3.011685
-3.686656
-3.011357
-3.688958
-3.009055
-3.685999
-3.007411
-3.683697
-3.002480
-3.680738
-2.999850
-3.678766
-2.999192
-3.677451
-2.995904
-3.675807
-2.990644
-3.670547
-2.989000
-3.669231
-2.984068
-3.663971
-2.985055
-3.665615
-2.980781
-3.658053
-2.982753
-3.660355
-2.981767
-3.662327
-2.982424
-3.663642
-2.980123
-3.662327
-2.979794
-3.658053
-2.977493
-3.658711
-2.973219
-3.656080
-2.974205
-3.656738
-2.976835
-3.654437
-2.975520
-3.655752
-2.972890
-3.654765
-2.968287
-3.650491
-2.965986
-3.649176
-2.965657
-3.645560
-2.968616
-3.649176
-2.969602
-3.647861
-2.969602
-3.650820
-2.967958
-3.649176
-2.968616
-3.649505
-2.966315
-3.648848
-2.968287
-3.649834
-2.966972
-3.648519
-2.961054
-3.643916
-2.959410
-3.642601
-2.962041
-3.641286
-2.964342
-3.642930
-2.965986
-3.646875
-2.957109
-3.639971
-2.957767
-3.640957
-2.959082
-3.639971
-2.959410
-3.641943
-2.955794
-3.636683
-2.959410
-3.640957
-2.963027
-3.642601
-2.963356
-3.643587
-2.960068
-3.641286
-2.958753
-3.639313
-2.952178
-3.631423
-2.958424
-3.638984
-2.960397
-3.639971
-2.958753
-3.639313
-2.956780
-3.637012
-2.958095
-3.637998
-2.954479
-3.635368
-2.956780
-3.637669
-2.959739
-3.637012
-2.959410
-3.637341
-2.960397
-3.635039
-2.961383
-3.640299
-2.962041
-3.640299
-2.959410
-3.638327
-2.956451
-3.632409
-2.958753
-3.634382
-2.960397
-3.638984
-2.958095
-3.637341
-2.956451
-3.635697
-2.958424
-3.636025
-2.960068
-3.635368
-2.957767
-3.634710
-2.960068
-3.637669
-2.956451
-3.635368
-2.957767
-3.636354
-2.960397
-3.634382
-2.960397
-3.634053
-2.960726
-3.637341
-2.954479
-3.632738
-2.952178
-3.631751
-2.953492
-3.632080
-2.958753
-3.633724
-2.959082
-3.635697
-2.956780
-3.633724
-2.956451
-3.632409
-2.952506
-3.626820
-2.956780
-3.634053
-2.956780
-3.633724
-2.960397
-3.634710
-2.960726
-3.635697
-2.962369
-3.637012
-2.962369
-3.636683
-2.958753
-3.630765
-2.960726
-3.634710
-2.961383
-3.636683
-2.958424
-3.631423
-2.962698
-3.636683
-2.956451
-3.631751
-2.958753
-3.633395
-2.960068
-3.635039
-2.965657
-3.638655
-2.964342
-3.637341
-2.963685
-3.635039
-2.966972
-3.635697
-2.968945
-3.640628
-2.969602
-3.641286
-2.967301
-3.639313
-2.969602
-3.638655
-2.971904
-3.638655
-2.973219
-3.641286
-2.978808
-3.647532
-2.974863
-3.644902
-2.978150
-3.646875
-2.980452
-3.644573
-2.982753
-3.649505
-2.981109
-3.644245
-2.981438
-3.648190
-2.984397
-3.647204
-2.986699
-3.652135
-2.983740
-3.650491
-2.981767
-3.646875
-2.987356
-3.652793
-2.990644
-3.654437
-2.992945
-3.655752
-2.991301
-3.654765
-2.996891
-3.658382
-2.997219
-3.659039
-2.997548
-3.658053
-3.002480
-3.660026
-3.005439
-3.664629
-3.006096
-3.664629
-3.007082
-3.664300
-3.007740
-3.666272
-3.011028
-3.667916
-3.012672
-3.669231
-3.007740
-3.665286
-3.012014
-3.667916
-3.012343
-3.668903
-3.020562
-3.674821
-3.018918
-3.674492
-3.023521
-3.676793
-3.028781
-3.679752
-3.031412
-3.682711
-3.031412
-3.681396
-3.035357
-3.682711
-3.040946
-3.688629
-3.035028
-3.685013
-3.037658
-3.685341
-3.037658
-3.685341
-3.042919
-3.689287
-3.048837
-3.693561
-3.052782
-3.693889
-3.055412
-3.698821
-3.056398
-3.698821
-3.061659
-3.698492
-3.063303
-3.703753
-3.061659
-3.699150
-3.065933
-3.704410
-3.069878
-3.708355
-3.074481
-3.711643
-3.075796
-3.712958
-3.074810
-3.709013
-3.082043
-3.717232
-3.087632
-3.721506
-3.086646
-3.720520
-3.085988
-3.717232
-3.092235
-3.723479
-3.096180
-3.727096
-3.096509
-3.727424
-3.101112
-3.730383
-3.104399
-3.729726
-3.107358
-3.734986
-3.106043
-3.733013
-3.110317
-3.735315
-3.113605
-3.737945
-3.118536
-3.739589
-3.119523
-3.741890
-3.123468
-3.745836
-3.126098
-3.746164
-3.129057
-3.749123
-3.131030
-3.747479
-3.134318
-3.754055
-3.132674
-3.752411
-3.133660
-3.751425
-3.139578
-3.757014
-3.141551
-3.758000
-3.142208
-3.759315
-3.141551
-3.758658
-3.143194
-3.759315
-3.141551
-3.755370
-3.148455
-3.762603
-3.148784
-3.759644
-3.149441
-3.763261
-3.147140
-3.761288
-3.151085
-3.764247
-3.157003
-3.768521
-3.156017
-3.767863
-3.159633
-3.770494
-3.166209
-3.774768
-3.169168
-3.777398
-3.171469
-3.778384
-3.173113
-3.779699
-3.174428
-3.777398
-3.178702
-3.783644
-3.182318
-3.786603
-3.181332
-3.786275
-3.180675
-3.784302
-3.183305
-3.786932
-3.180675
-3.780685
-3.187908
-3.789234
-3.188236
-3.786275
-3.192182
-3.793179
-3.195469
-3.795151
-3.197113
-3.796795
-3.204675
-3.800741
-3.207634
-3.803700
-3.210593
-3.804357
-3.213881
-3.808960
-3.212566
-3.806001
-3.217169
-3.811590
-3.219470
-3.811590
-3.223744
-3.815207
-3.223415
-3.814220
-3.227689
-3.817837
-3.228018
-3.814549
-3.231963
-3.821125
-3.237881
-3.823097
-3.239854
-3.826714
-3.241827
-3.828686
-3.253662
-3.837563
-3.257607
-3.838878
-3.258923
-3.839865
-3.262539
-3.843810
-3.262539
-3.840522
-3.267142
-3.844796
-3.269772
-3.850057
-3.266813
-3.845783
-3.271745
-3.849728
-3.276348
-3.854002
-3.274704
-3.851701
-3.279964
-3.854660
-3.282265
-3.858276
-3.285553
-3.858605
-3.288841
-3.859591
-3.290156
-3.861892
-3.292129
-3.863208
-3.297389
-3.863865
-3.301334
-3.870112
-3.304951
-3.873399
-3.306595
-3.874057
-3.301006
-3.870441
-3.307581
-3.871756
-3.312184
-3.878002
-3.316129
-3.879646
-3.318431
-3.883263
-3.323362
-3.881619
-3.326650
-3.887208
-3.331253
-3.891482
-3.331910
-3.892140
-3.325664
-3.888194
-3.333554
-3.893784
-3.336842
-3.894770
-3.340787
-3.895756
-3.343089
-3.895756
-3.348349
-3.903975
-3.347034
-3.902332
-3.344404
-3.900688
-3.351308
-3.905291
-3.356897
-3.909236
-3.363144
-3.912852
-3.366431
-3.915483
-3.365445
-3.911866
-3.371034
-3.917455
-3.375637
-3.923373
-3.378267
-3.924688
-3.372349
-3.920085
-3.379911
-3.923702
-3.386158
-3.929620
-3.387144
-3.930277
-3.393391
-3.935209
-3.397007
-3.933565
-3.398980
-3.935538
-3.404240
-3.941456
-3.407199
-3.943757
-3.411802
-3.946716
-3.416405
-3.950004
-3.420679
-3.954278
-3.419693
-3.953291
-3.425282
-3.957237
-3.428898
-3.959867
-3.434487
-3.961839
-3.437775
-3.965456
-3.441392
-3.969401
-3.447638
-3.969401
-3.450926
-3.971703
-3.455200
-3.979264
-3.462104
-3.980251
-3.466378
-3.983210
-3.468680
-3.987813
-3.473283
-3.992087
-3.478214
-3.994717
-3.482160
-3.998005
-3.484790
-3.999649
-3.488735
-4.002279
-3.489721
-4.003594
-3.496297
-4.007868
-3.506160
-4.014114
-3.505174
-4.013786
-3.511420
-4.018389
-3.520626
-4.022005
-3.525886
-4.025293
-3.529174
-4.031211
-3.535092
-4.035156
-3.537722
-4.037128
-3.540352
-4.037128
-3.547914
-4.045019
-3.549887
-4.045677
-3.553174
-4.047320
-3.565010
-4.053238
-3.572572
-4.060800
-3.578819
-4.066718
-3.584737
-4.070992
-3.587367
-4.072965
-3.591970
-4.075266
-3.596573
-4.078554
-3.597230
-4.078883
-3.606436
-4.082500
-3.614326
-4.090719
-3.621559
-4.096637
-3.624518
-4.098938
-3.626820
-4.100253
-3.637998
-4.108144
-3.642601
-4.111432
-3.646546
-4.114390
-3.656080
-4.120966
-3.659697
-4.124254
-3.666601
-4.128856
-3.673506
-4.133459
-3.677451
-4.136089
-3.687314
-4.144309
-3.690602
-4.145953
-3.695862
-4.149898
-3.705068
-4.156473
-3.711972
-4.160748
-3.719205
-4.166337
-3.726438
-4.171926
-3.731369
-4.172255
-3.737945
-4.179487
-3.746493
-4.186063
-3.748466
-4.185734
-3.757014
-4.192638
-3.762274
-4.196912
-3.768850
-4.200858
-3.775096
-4.206118
-3.781343
-4.210392
-3.788905
-4.214995
-3.798768
-4.222886
-3.797124
-4.221570
-3.806330
-4.224201
-3.816851
-4.235708
-3.822440
-4.237351
-3.830002
-4.241626
-3.836906
-4.246886
-3.846111
-4.254776
-3.852687
-4.261023
-3.858605
-4.263982
-3.865180
-4.269900
-3.868468
-4.272859
-3.878660
-4.279763
-3.886879
-4.284037
-3.892140
-4.287654
-3.901016
-4.295873
-3.910222
-4.301791
-3.916469
-4.306723
-3.918442
-4.308367
-3.926332
-4.313298
-3.928633
-4.316257
-3.936195
-4.320531
-3.946387
-4.329079
-3.948031
-4.328751
-3.954607
-4.331709
-3.961839
-4.338285
-3.971703
-4.342230
-3.978607
-4.350778
-3.982881
-4.352751
-3.993402
-4.361628
-3.997676
-4.364258
-4.000635
-4.363600
-4.009183
-4.372806
-4.016745
-4.379053
-4.022991
-4.379710
-4.031539
-4.389245
-4.035813
-4.392532
-4.042718
-4.393190
-4.046334
-4.399437
-4.049622
-4.401738
-4.053896
-4.401738
-4.064088
-4.410944
-4.067705
-4.412917
-4.075595
-4.416533
-4.078883
-4.421793
-4.088746
-4.425739
-4.096637
-4.433958
-4.099596
-4.437574
-4.109459
-4.443492
-4.116692
-4.449739
-4.122281
-4.453356
-4.127541
-4.457630
-4.134446
-4.462890
-4.142993
-4.468479
-4.148583
-4.471438
-4.156473
-4.474397
-4.162720
-4.482616
-4.161734
-4.480644
-4.169295
-4.487877
-4.175542
-4.490836
-4.183433
-4.497082
-4.186720
-4.498397
-4.195597
-4.506617
-4.202830
-4.510233
-4.211050
-4.517138
-4.217625
-4.521740
-4.223872
-4.525686
-4.228146
-4.524371
-4.236694
-4.535220
-4.244256
-4.540481
-4.255434
-4.544097
-4.262667
-4.553960
-4.267270
-4.556591
-4.273845
-4.560207
-4.283380
-4.565138
-4.291928
-4.573029
-4.297517
-4.578618
-4.301462
-4.579276
-4.311326
-4.588153
-4.322504
-4.595057
-4.327764
-4.599660
-4.334997
-4.601633
-4.344532
-4.609523
-4.351765
-4.612153
-4.362614
-4.623660
-4.369190
-4.625962
-4.380697
-4.635496
-4.386286
-4.639770
-4.392861
-4.642400
-4.404039
-4.653579
-4.412588
-4.659168
-4.419163
-4.661140
-4.428698
-4.670346
-4.436917
-4.676264
-4.445136
-4.678566
-4.455657
-4.689415
-4.460917
-4.693031
-4.471767
-4.698949
-4.483603
-4.708155
-4.488863
-4.712429
-4.501685
-4.722292
-4.507603
-4.726237
-4.517467
-4.731827
-4.528645
-4.740375
-4.535549
-4.745635
-4.547714
-4.753526
-4.551001
-4.756485
-4.563495
-4.764704
-4.573687
-4.770622
-4.583879
-4.777855
-4.595057
-4.787389
-4.605577
-4.794293
-4.614126
-4.796266
-4.621030
-4.805800
-4.628263
-4.810732
-4.630236
-4.811390
-4.645688
-4.822897
-4.655880
-4.826842
-4.665086
-4.835719
-4.667716
-4.838349
-4.676593
-4.843610
-4.691059
-4.853144
-4.702566
-4.862021
-4.711442
-4.869254
-4.720320
-4.874514
-4.730183
-4.879117
-4.738073
-4.887665
-4.740704
-4.889309
-4.753854
-4.894569
-4.760759
-4.903118
-4.766019
-4.907063
-4.767992
-4.908049
-4.780814
-4.917912
-4.785746
-4.920214
-4.794951
-4.927775
-4.800869
-4.930735
-4.810732
-4.937968
-4.819609
-4.943557
-4.826513
-4.946845
-4.835390
-4.956050
-4.841637
-4.959009
-4.849199
-4.965256
-4.858404
-4.972489
-4.864651
-4.973146
-4.869583
-4.979064
-4.875501
-4.983009
-4.884377
-4.986955
-4.889638
-4.993859
-4.895227
-4.993859
-4.904761
-5.003065
-4.910679
-5.008654
-4.917583
-5.013914
-4.921858
-5.015229
-4.922515
-5.016544
-4.938625
-5.028380
-4.943885
-5.031668
-4.948817
-5.034298
-4.962297
-5.044490
-4.966900
-5.047778
-4.974462
-5.052052
-4.985311
-5.057970
-4.993530
-5.066847
-4.996818
-5.067504
-5.007997
-5.075724
-5.015229
-5.081642
-5.017531
-5.079669
-5.027394
-5.089203
-5.034627
-5.094792
-5.043175
-5.099395
-5.050737
-5.106299
-5.054025
-5.104327
-5.063559
-5.110245
-5.070135
-5.119122
-5.076381
-5.123724
-5.084929
-5.128327
-5.095121
-5.136876
-5.103341
-5.143122
-5.111231
-5.146739
-5.117149
-5.151999
-5.128327
-5.159561
-5.132601
-5.163177
-5.142465
-5.165808
-5.150355
-5.174356
-5.152986
-5.173041
-5.164821
-5.184219
-5.166794
-5.186192
-5.174356
-5.190465
-5.186521
-5.199014
-5.190465
-5.200986
-5.203288
-5.210521
-5.209863
-5.215124
-5.221370
-5.222357
-5.230905
-5.226960
-5.243727
-5.237809
-5.250302
-5.243727
-5.251289
-5.243727
-5.260494
-5.248987
-5.267399
-5.254577
-5.281865
-5.262138
-5.295673
-5.274303
-5.302906
-5.278577
-5.305536
-5.280221
-5.318030
-5.289426
-5.321318
-5.291070
-5.336441
-5.301920
-5.347948
-5.306851
-5.358140
-5.316715
-5.361428
-5.317701
-5.376880
-5.329865
-5.385757
-5.331838
-5.397922
-5.344332
-5.408114
-5.351236
-5.418634
-5.358140
-5.429155
-5.363072
-5.434744
-5.368989
-5.441648
-5.373264
-5.445265
-5.374250
-5.455457
-5.381155
-5.462361
-5.383456
-5.464992
-5.387730
-5.468608
-5.385757
-5.469923
-5.388387
-5.472882
-5.390689
-5.472882
-5.388716
-5.475183
-5.389374
-5.476170
-5.388387
-5.472225
-5.385099
-5.475183
-5.386086
-5.476499
-5.383456
-5.472882
-5.381483
-5.475183
-5.381812
-5.476828
-5.379182
-5.471238
-5.376880
-5.474855
-5.376223
-5.475183
-5.373264
-5.470581
-5.373592
-5.475183
-5.375894
-5.477156
-5.374907
-5.474197
-5.372606
-5.476828
-5.372935
-5.478143
-5.373264
-5.475841
-5.369647
-5.476828
-5.371291
-5.474855
-5.368661
-5.473540
-5.364716
-5.474855
-5.366360
-5.477485
-5.367017
-5.478471
-5.363400
-5.477156
-5.365045
-5.478800
-5.364716
-5.477156
-5.363400
-5.479786
-5.363400
-5.476828
-5.361757
-5.478471
-5.360442
-5.480115
-5.359455
-5.476828
-5.357811
-5.478800
-5.357482
-5.478800
-5.353866
-5.477156
-5.354524
-5.477814
-5.353866
-5.477485
-5.349592
-5.475841
-5.350907
-5.473868
-5.348606
-5.475513
-5.345318
-5.471896
-5.344660
-5.474855
-5.345647
-5.477814
-5.345318
-5.473868
-5.341702
-5.476170
-5.341372
-5.476499
-5.340715
-5.473211
-5.339400
-5.476170
-5.337099
-5.475183
-5.335455
-5.470910
-5.335455
-5.474855
-5.333482
-5.473540
-5.331510
-5.472882
-5.333811
-5.475841
-5.330852
-5.474526
-5.330194
-5.473211
-5.332167
-5.475841
-5.331838
-5.476828
-5.332167
-5.473868
-5.328879
-5.475841
-5.330194
-5.473540
-5.328550
-5.475513
-5.324934
-5.472225
-5.324276
-5.474855
-5.324605
-5.475183
-5.322961
-5.474526
-5.319345
-5.473540
-5.321318
-5.474526
-5.321646
-5.476170
-5.319674
-5.473868
-5.319345
-5.472553
-5.316057
-5.473540
-5.308167
-5.468608
-5.284824
-5.452827
-5.261809
-5.436059
-5.244384
-5.422909
-5.217096
-5.404169
-5.196383
-5.387401
-5.174027
-5.370634
-5.141807
-5.347948
-5.119122
-5.330194
-5.095779
-5.312112
-5.063231
-5.288440
-5.039887
-5.270358
-5.012599
-5.249974
-4.980051
-5.224658
-4.959009
-5.208548
-4.930735
-5.187835
-4.900158
-5.161533
-4.876487
-5.142136
-4.852487
-5.127999
-4.824870
-5.106957
-4.800211
-5.086902
-4.773581
-5.068162
-4.746622
-5.046463
-4.720320
-5.027394
-4.692703
-5.007339
-4.669688
-4.988270
-4.640757
-4.966900
-4.613468
-4.945529
-4.593413
-4.928762
-4.566782
-4.910679
-4.546399
-4.894241
-4.518124
-4.871555
-4.497740
-4.856761
-4.475055
-4.839664
-4.455986
-4.820924
-4.436588
-4.809417
-4.413574
-4.792321
-4.388587
-4.769636
-4.374121
-4.761087
-4.349792
-4.743334
-4.328093
-4.725580
-4.314284
-4.715059
-4.294887
-4.700264
-4.274174
-4.684155
-4.261352
-4.673634
-4.239653
-4.656209
-4.219926
-4.641743
-4.205461
-4.629578
-4.178172
-4.609852
-4.164364
-4.597358
-4.152857
-4.588481
-4.129843
-4.571714
-4.115705
-4.559549
-4.106171
-4.551001
-4.086116
-4.537521
-4.076581
-4.529302
-4.069677
-4.519110
-4.053567
-4.510891
-4.039101
-4.499055
-4.028909
-4.487219
-4.016087
-4.480973
-4.001950
-4.469794
-3.987484
-4.457958
-3.975648
-4.449410
-3.955593
-4.434616
-3.945072
-4.425081
-3.935209
-4.416862
-3.919099
-4.406012
-3.903647
