-5.447567
-5.445923
-5.448882
-5.446251
-5.445265
-5.453813
-5.450854
-5.451512
-5.452498
-5.452498
-5.452498
-5.438032
-5.453156
-5.453813
-5.439347
-5.452827
-5.453156
-5.443621
-5.455128
-5.453813
-5.452498
-5.447567
-5.442306
-5.439019
-5.456115
-5.458416
-5.456115
-5.457758
-5.442964
-5.457758
-5.450197
-5.457101
-5.456443
-5.457430
-5.457758
-5.452169
-5.446580
-5.454471
-5.452827
-5.449211
-5.440662
-5.439019
-5.440991
-5.435731
-5.422580
-5.432772
-5.430141
-5.427840
-5.421265
-5.423237
-5.420279
-5.401538
-5.415676
-5.414032
-5.413045
-5.404826
-5.398251
-5.415347
-5.415018
-5.417319
-5.415676
-5.412059
-5.433101
-5.432443
-5.443293
-5.446909
-5.453813
-5.464663
-5.473540
-5.479129
-5.487020
-5.496225
-5.496225
-5.493924
-5.511349
-5.513979
-5.523185
-5.528116
-5.527787
-5.534034
-5.534692
-5.539294
-5.537651
-5.536664
-5.532719
-5.526144
-5.523513
-5.506088
-5.514965
-5.502143
-5.482745
-5.483074
-5.480444
-5.467622
-5.462361
-5.450854
-5.427183
-5.431128
-5.421265
-5.413703
-5.392662
-5.380826
-5.376552
-5.365045
-5.375237
-5.371620
-5.360442
-5.356167
-5.347291
-5.358140
-5.358469
-5.343345
-5.345318
-5.366031
-5.352880
-5.371291
-5.376880
-5.385757
-5.392990
-5.391346
-5.410415
-5.420279
-5.414361
-5.440005
-5.434087
-5.462361
-5.470910
-5.479129
-5.488992
-5.499842
-5.492280
-5.515623
-5.518910
-5.517595
-5.532390
-5.537322
-5.534692
-5.543897
-5.541596
-5.543240
-5.544555
-5.542911
-5.542582
-5.535020
-5.536664
-5.530417
-5.522856
-5.514965
-5.505431
-5.484718
-5.488006
-5.480444
-5.468937
-5.457430
-5.442635
-5.430141
-5.414689
-5.420607
-5.409758
-5.395292
-5.394305
-5.371949
-5.380497
-5.375237
-5.368003
-5.347291
-5.362085
-5.356496
-5.359784
-5.343674
-5.355510
-5.360770
-5.362085
-5.353866
-5.358798
-5.379839
-5.382798
-5.380168
-5.398579
-5.394634
-5.421265
-5.431457
-5.441320
-5.450854
-5.451841
-5.466964
-5.481102
-5.491293
-5.485375
-5.492938
-5.515294
-5.522856
-5.512992
-5.535349
-5.537651
-5.542582
-5.543569
-5.534034
-5.539623
-5.533048
-5.542582
-5.541596
-5.531404
-5.521541
-5.521870
-5.521541
-5.513979
-5.499842
-5.491951
-5.484389
-5.477156
-5.468937
-5.457101
-5.448882
-5.428498
-5.424224
-5.416991
-5.408772
-5.393319
-5.388716
-5.371620
-5.376223
-5.368661
-5.352222
-5.364058
-5.362743
-5.342359
-5.352551
-5.344989
-5.359455
-5.355510
-5.365045
-5.363729
-5.361099
-5.375237
-5.372606
-5.380168
-5.390689
-5.406470
-5.424224
-5.416991
-5.441320
-5.451512
-5.464334
-5.475513
-5.470581
-5.491951
-5.500170
-5.509376
-5.510362
-5.508061
-5.521212
-5.535349
-5.532390
-5.541924
-5.544226
-5.544884
-5.545870
-5.547843
-5.538966
-5.536993
-5.536007
-5.518582
-5.527787
-5.519568
-5.504773
-5.496882
-5.495239
-5.485375
-5.477156
-5.466307
-5.440333
-5.445923
-5.434744
-5.421922
-5.415347
-5.407785
-5.394634
-5.384113
-5.382141
-5.372277
-5.373264
-5.362743
-5.364058
-5.361428
-5.357811
-5.353866
-5.359784
-5.343674
-5.356496
-5.365045
-5.368661
-5.375565
-5.377867
-5.390689
-5.398908
-5.404826
-5.414689
-5.416991
-5.434416
-5.430470
-5.457430
-5.467950
-5.461046
-5.480773
-5.488006
-5.498198
-5.512006
-5.514307
-5.512992
-5.530089
-5.536007
-5.533048
-5.544226
-5.546856
-5.538637
-5.535020
-5.546199
-5.536993
-5.542911
-5.537651
-5.529102
-5.525815
-5.512006
-5.512006
-5.492609
-5.478471
-5.470581
-5.473211
-5.465321
-5.439347
-5.445265
-5.418306
-5.417319
-5.398251
-5.398908
-5.382798
-5.389045
-5.380168
-5.377209
-5.358140
-5.351893
-5.350578
-5.358140
-5.359455
-5.358140
-5.358469
-5.347620
-5.355510
-5.352551
-5.372606
-5.377209
-5.383127
-5.390360
-5.398908
-5.405155
-5.410744
-5.425210
-5.436717
-5.437375
-5.446251
-5.466964
-5.467950
-5.488992
-5.497540
-5.504116
-5.497211
-5.504445
-5.523842
-5.527787
-5.536664
-5.530417
-5.540609
-5.544226
-5.543897
-5.547185
-5.546199
-5.542253
-5.540609
-5.535020
-5.516938
-5.524828
-5.518582
-5.509705
-5.500499
-5.476499
-5.482417
-5.469923
-5.463676
-5.452498
-5.433758
-5.431128
-5.410415
-5.410744
-5.396607
-5.397264
-5.387730
-5.381155
-5.367675
-5.369976
-5.367346
-5.357154
-5.361099
-5.351893
-5.355839
-5.359455
-5.345647
-5.348606
-5.368003
-5.372277
-5.360770
-5.380168
-5.392333
-5.401209
-5.404169
-5.412059
-5.428169
-5.435073
-5.442635
-5.445594
-5.464005
-5.479458
-5.485704
-5.497869
-5.499842
-5.512006
-5.521541
-5.528774
-5.527787
-5.536664
-5.537651
-5.542582
-5.547514
-5.546856
-5.539952
-5.545870
-5.542582
-5.539623
-5.535678
-5.530746
-5.523842
-5.515623
-5.506088
-5.499513
-5.488335
-5.474197
-5.456115
-5.445594
-5.433429
-5.430141
-5.431128
-5.416004
-5.413374
-5.402196
-5.387401
-5.387401
-5.380168
-5.368332
-5.356167
-5.365045
-5.358140
-5.358469
-5.343017
-5.358140
-5.358798
-5.354195
-5.346962
-5.352880
-5.371620
-5.379182
-5.384771
-5.386744
-5.386744
-5.403182
-5.420607
-5.424552
-5.442635
-5.444936
-5.455786
-5.470581
-5.481431
-5.489650
-5.501485
-5.508390
-5.500828
-5.506417
-5.527130
-5.533705
-5.538637
-5.526472
-5.543569
-5.538308
-5.530089
-5.545212
-5.542911
-5.540609
-5.523842
-5.531733
-5.520883
-5.523185
-5.500828
-5.508390
-5.498527
-5.488663
-5.476499
-5.453485
-5.451183
-5.442964
-5.432772
-5.429155
-5.418306
-5.408772
-5.401538
-5.391346
-5.380168
-5.378524
-5.366031
-5.368661
-5.364387
-5.360770
-5.361099
-5.359455
-5.358798
-5.352222
-5.362085
-5.365702
-5.364387
-5.374579
-5.373264
-5.383456
-5.394634
-5.403840
-5.411401
-5.409758
-5.418634
-5.442306
-5.452169
-5.464005
-5.457758
-5.484718
-5.478143
-5.486691
-5.508718
-5.516280
-5.522527
-5.523185
-5.536664
-5.535349
-5.540938
-5.541596
-5.546527
-5.548829
-5.547843
-5.544226
-5.542911
-5.538637
-5.524828
-5.522856
-5.521212
-5.513321
-5.506088
-5.484060
-5.485704
-5.474855
-5.467950
-5.457430
-5.435402
-5.435402
-5.422251
-5.417319
-5.408772
-5.385757
-5.390360
-5.383784
-5.378195
-5.362743
-5.366031
-5.363072
-5.346633
-5.345975
-5.358140
-5.359127
-5.359784
-5.362414
-5.361757
-5.368661
-5.364058
-5.365702
-5.372606
-5.384771
-5.406141
-5.399566
-5.425210
-5.433101
-5.444279
-5.455457
-5.466964
-5.475841
-5.485704
-5.493595
-5.488663
-5.511020
-5.517267
-5.525157
-5.512335
-5.517267
-5.538966
-5.541596
-5.545870
-5.543897
-5.547514
-5.536993
-5.536993
-5.542582
-5.540281
-5.534034
-5.527787
-5.505102
-5.511349
-5.504773
-5.488335
-5.469265
-5.461704
-5.459731
-5.452169
-5.443293
-5.419292
-5.421922
-5.415676
-5.398579
-5.383784
-5.389702
-5.383784
-5.378195
-5.371620
-5.366688
-5.348606
-5.359455
-5.355839
-5.357811
-5.353209
-5.361099
-5.362414
-5.364058
-5.369318
-5.375565
-5.383784
-5.389374
-5.396935
-5.406470
-5.409429
-5.425539
-5.437046
-5.440991
-5.448553
-5.465649
-5.460718
-5.475513
-5.497211
-5.504445
-5.503787
-5.502143
-5.523842
-5.523513
-5.529431
-5.541267
-5.529760
-5.540938
-5.538966
-5.547185
-5.547514
-5.538637
-5.542253
-5.537322
-5.532062
-5.510034
-5.518910
-5.512006
-5.501814
-5.492938
-5.479786
-5.470910
-5.462033
-5.447567
-5.442964
-5.418963
-5.421922
-5.407456
-5.401867
-5.397593
-5.389374
-5.375894
-5.374250
-5.366360
-5.365373
-5.348606
-5.359784
-5.356167
-5.357154
-5.358140
-5.346304
-5.356496
-5.353866
-5.358469
-5.370305
-5.382141
-5.389702
-5.398908
-5.409429
-5.420279
-5.429155
-5.430470
-5.431786
-5.446251
-5.469594
-5.480773
-5.489321
-5.493595
-5.505431
-5.511677
-5.519897
-5.526801
-5.531733
-5.537651
-5.538966
-5.543240
-5.532062
-5.547843
-5.547843
-5.546199
-5.543240
-5.539623
-5.536335
-5.532062
-5.525486
-5.517267
-5.506088
-5.496882
-5.490965
-5.481431
-5.472882
-5.460389
-5.434416
-5.425868
-5.430470
-5.416333
-5.404826
-5.402853
-5.393977
-5.383784
-5.378853
-5.368661
-5.369647
-5.351565
-5.360770
-5.358469
-5.352880
-5.357154
-5.360113
-5.361757
-5.360770
-5.364716
-5.371291
-5.376880
-5.370305
-5.393977
-5.401538
-5.410415
-5.416333
-5.429484
-5.440991
-5.434087
-5.449211
-5.456443
-5.480773
-5.489650
-5.484389
-5.503458
-5.516609
-5.521541
-5.526801
-5.533705
-5.527787
-5.541267
-5.538637
-5.546199
-5.530746
-5.547185
-5.528116
-5.545212
-5.540609
-5.532719
-5.524499
-5.522527
-5.504445
-5.508061
-5.499184
-5.489650
-5.479786
-5.469265
-5.460060
-5.448553
-5.435731
-5.430141
-5.419292
-5.409429
-5.400552
-5.384771
-5.386086
-5.366688
-5.373592
-5.368661
-5.363400
-5.349921
-5.352551
-5.358798
-5.353538
-5.359784
-5.353209
-5.357482
-5.353209
-5.373592
-5.372935
-5.379510
-5.393648
-5.401867
-5.412388
-5.412716
-5.417319
-5.441320
-5.444608
-5.460718
-5.469923
-5.484060
-5.491622
-5.500828
-5.507732
-5.514307
-5.522856
-5.521870
-5.531733
-5.536664
-5.538637
-5.544226
-5.540938
-5.544884
-5.548172
-5.541924
-5.543240
-5.537980
-5.533377
-5.523185
-5.515294
-5.507732
-5.506746
-5.496554
-5.487020
-5.477485
-5.468937
-5.458745
-5.431128
-5.437704
-5.420279
-5.417319
-5.410087
-5.401209
-5.392990
-5.386086
-5.377867
-5.370305
-5.368989
-5.364716
-5.362743
-5.344003
-5.356167
-5.358798
-5.359127
-5.345975
-5.366031
-5.358140
-5.366360
-5.377209
-5.386744
-5.393648
-5.403182
-5.413703
-5.422580
-5.425539
-5.433101
-5.451183
-5.463676
-5.468279
-5.478143
-5.477156
-5.499842
-5.495239
-5.517595
-5.524828
-5.530089
-5.533377
-5.534363
-5.541267
-5.530089
-5.548172
-5.540281
-5.539623
-5.545212
-5.541924
-5.539294
-5.535349
-5.527459
-5.521541
-5.497869
-5.503787
-5.496882
-5.480444
-5.463019
-5.466307
-5.452498
-5.446251
-5.435073
-5.424881
-5.418306
-5.407785
-5.381812
-5.390689
-5.383127
-5.377867
-5.372935
-5.368003
-5.357154
-5.360770
-5.357154
-5.356167
-5.360113
-5.355181
-5.349592
-5.348277
-5.370634
-5.366688
-5.382141
-5.383456
-5.386744
-5.399237
-5.413045
-5.418306
-5.422251
-5.445594
-5.445923
-5.449539
-5.475183
-5.485704
-5.494910
-5.505431
-5.510034
-5.518910
-5.524499
-5.529431
-5.535678
-5.535678
-5.542911
-5.544555
-5.529431
-5.536664
-5.547514
-5.538966
-5.544226
-5.536993
-5.528116
-5.526801
-5.505102
-5.507732
-5.503129
-5.491293
-5.478800
-5.473868
-5.464663
-5.455128
-5.444608
-5.435402
-5.425539
-5.412716
-5.404497
-5.397922
-5.387730
-5.383784
-5.363729
-5.363400
-5.364387
-5.347948
-5.359784
-5.360442
-5.358140
-5.355181
-5.357811
-5.359784
-5.350250
-5.372277
-5.376223
-5.380168
-5.384442
-5.397593
-5.407127
-5.416004
-5.426196
-5.437704
-5.440005
-5.449868
-5.466636
-5.478800
-5.482088
-5.496554
-5.492609
-5.511677
-5.518910
-5.525157
-5.525157
-5.533705
-5.533048
-5.531075
-5.546199
-5.545870
-5.545870
-5.547185
-5.545541
-5.539623
-5.536335
-5.532062
-5.517267
-5.519568
-5.512006
-5.485047
-5.485375
-5.483403
-5.473211
-5.459074
-5.451512
-5.436717
-5.432772
-5.415018
-5.406470
-5.405812
-5.389045
-5.384442
-5.380497
-5.367346
-5.371291
-5.362743
-5.362743
-5.355510
-5.358798
-5.351236
-5.344660
-5.360770
-5.357811
-5.367346
-5.367675
-5.359455
-5.377209
-5.375894
-5.399237
-5.408442
-5.417648
-5.427511
-5.434744
-5.434416
-5.460718
-5.469594
-5.477814
-5.488335
-5.497869
-5.490636
-5.513979
-5.508061
-5.523842
-5.531404
-5.534363
-5.537980
-5.544555
-5.546856
-5.538637
-5.539294
-5.545870
-5.540609
-5.538308
-5.522856
-5.517595
-5.510362
-5.510691
-5.508718
-5.485375
-5.478471
-5.478143
-5.455457
-5.453813
-5.434416
-5.438032
-5.427183
-5.415018
-5.396935
-5.402196
-5.391346
-5.386744
-5.380168
-5.376223
-5.369318
-5.363400
-5.361428
-5.356167
-5.358140
-5.355181
-5.360770
-5.359784
-5.352222
-5.367346
-5.360113
-5.362085
-5.386086
-5.393319
-5.401867
-5.396935
-5.419621
-5.416991
-5.442635
-5.437375
-5.443621
-5.470910
-5.466307
-5.490636
-5.498855
-5.507403
-5.512006
-5.506417
-5.527459
-5.531733
-5.537651
-5.542253
-5.542253
-5.546199
-5.544884
-5.530746
-5.546856
-5.540281
-5.539294
-5.534363
-5.528774
-5.517595
-5.515623
-5.505760
-5.498198
-5.488006
-5.478800
-5.454142
-5.447567
-5.450197
-5.423566
-5.422251
-5.418634
-5.409758
-5.401867
-5.389045
-5.386415
-5.379510
-5.369976
-5.362414
-5.358798
-5.362743
-5.360442
-5.359455
-5.358469
-5.359784
-5.356825
-5.351565
-5.365702
-5.373592
-5.372606
-5.379182
-5.386744
-5.401867
-5.412388
-5.418963
-5.430141
-5.426854
-5.448224
-5.456115
-5.473211
-5.484389
-5.488335
-5.499513
-5.494581
-5.514637
-5.520883
-5.514637
-5.535020
-5.537322
-5.541924
-5.542582
-5.546856
-5.540609
-5.540609
-5.543569
-5.535678
-5.537980
-5.533377
-5.529102
-5.521870
-5.514307
-5.490636
-5.493924
-5.487677
-5.467293
-5.469594
-5.457758
-5.443293
-5.422251
-5.426196
-5.405484
-5.410744
-5.398579
-5.392004
-5.379510
-5.372935
-5.373921
-5.369318
-5.350250
-5.355181
-5.344660
-5.358469
-5.357154
-5.359455
-5.363729
-5.361428
-5.356496
-5.373264
-5.381155
-5.388387
-5.395949
-5.389374
-5.403182
-5.417319
-5.427840
-5.444936
-5.450854
-5.450197
-5.467622
-5.482417
-5.492280
-5.487020
-5.511677
-5.517267
-5.524499
-5.522856
-5.527459
-5.539294
-5.537651
-5.531404
-5.546527
-5.543240
-5.547185
-5.544555
-5.536664
-5.538966
-5.534034
-5.526801
-5.511020
-5.505431
-5.503787
-5.496225
-5.485704
-5.470910
-5.464663
-5.455786
-5.444936
-5.422251
-5.413374
-5.408114
-5.389702
-5.383456
-5.390360
-5.385099
-5.365045
-5.368661
-5.364058
-5.349592
-5.361757
-5.356496
-5.358469
-5.347620
-5.358140
-5.359784
-5.356825
-5.371291
-5.374579
-5.382798
-5.385757
-5.395292
-5.406141
-5.416333
-5.424224
-5.420279
-5.442964
-5.446909
-5.461375
-5.475513
-5.485047
-5.489978
-5.497540
-5.511020
-5.518582
-5.509048
-5.531733
-5.535349
-5.540281
-5.536007
-5.544555
-5.546527
-5.547843
-5.544884
-5.539623
-5.526801
-5.532390
-5.530417
-5.526144
-5.520883
-5.497211
-5.493266
-5.491293
-5.483403
-5.462361
-5.460389
-5.452498
-5.443621
-5.429484
-5.422251
-5.413045
-5.404169
-5.395949
-5.389702
-5.382141
-5.369647
-5.369976
-5.353866
-5.364387
-5.361099
-5.346962
-5.350250
-5.357482
-5.346633
-5.363400
-5.360770
-5.364716
-5.375237
-5.382798
-5.375565
-5.392662
-5.394963
-5.417648
-5.410087
-5.435731
-5.448224
-5.459074
-5.455786
-5.472553
-5.488335
-5.493266
-5.504116
-5.495568
-5.516938
-5.525157
-5.525157
-5.529760
-5.537980
-5.543240
-5.531075
-5.547843
-5.547185
-5.541924
-5.544226
-5.541924
-5.521541
-5.528445
-5.524828
-5.508718
-5.508718
-5.499184
-5.485375
-5.477814
-5.467950
-5.447896
-5.448882
-5.438032
-5.430141
-5.423566
-5.413703
-5.397264
-5.395949
-5.384113
-5.380497
-5.369976
-5.369976
-5.350907
-5.362743
-5.359784
-5.358798
-5.356167
-5.360770
-5.361099
-5.361757
-5.367017
-5.367675
-5.378853
-5.385099
-5.392662
-5.400552
-5.409758
-5.401538
-5.429484
-5.432443
-5.450854
-5.458416
-5.469594
-5.471896
-5.484389
-5.497869
-5.507403
-5.499842
-5.518910
-5.524171
-5.527459
-5.537322
-5.526801
-5.544884
-5.531733
-5.530746
-5.543569
-5.530417
-5.544884
-5.540281
-5.534692
-5.529760
-5.517267
-5.516609
-5.494910
-5.499842
-5.488663
-5.480773
-5.455128
-5.453813
-5.450526
-5.426525
-5.427183
-5.419950
-5.410744
-5.401867
-5.393319
-5.388059
-5.376223
-5.373921
-5.358798
-5.349263
-5.362743
-5.361428
-5.355181
-5.357482
-5.356825
-5.345975
-5.347291
-5.365702
-5.358798
-5.371949
-5.371291
-5.385757
-5.401538
-5.397922
-5.406470
-5.432114
-5.441648
-5.450854
-5.461375
-5.457101
-5.481431
-5.485704
-5.499513
-5.495239
-5.502800
-5.506417
-5.527787
-5.519568
-5.521870
-5.541267
-5.543569
-5.545870
-5.547185
-5.546856
-5.545870
-5.527130
-5.532062
-5.531075
-5.529102
-5.523842
-5.516280
-5.505760
-5.480444
-5.488663
-5.477156
-5.468937
-5.458745
-5.432443
-5.437375
-5.410744
-5.417319
-5.410415
-5.395292
-5.392333
-5.385428
-5.378853
-5.369976
-5.369976
-5.360113
-5.362414
-5.343345
-5.357482
-5.355839
-5.359784
-5.348935
-5.366031
-5.357811
-5.373592
-5.380497
-5.373921
-5.389702
-5.402524
-5.413374
-5.418963
-5.431457
-5.427511
-5.446909
-5.463676
-5.473540
-5.479786
-5.484718
-5.500828
-5.494253
-5.517924
-5.521212
-5.529102
-5.532719
-5.535020
-5.542911
-5.545212
-5.530746
-5.548500
-5.539294
-5.544884
-5.542582
-5.539952
-5.535020
-5.526801
-5.520226
-5.512006
-5.503787
-5.497869
-5.472225
-5.476499
-5.467622
-5.454471
-5.446909
-5.436059
-5.427183
-5.418306
-5.408442
-5.392004
-5.392662
-5.368003
-5.379182
-5.359784
-5.366688
-5.364058
-5.346304
-5.344003
-5.359127
-5.353209
-5.361428
-5.362414
-5.365373
-5.367017
-5.375565
-5.381812
-5.389374
-5.392004
-5.405484
-5.414689
-5.417977
-5.434416
-5.446251
-5.448553
-5.458416
-5.475513
-5.484060
-5.494910
-5.501814
-5.512006
-5.514965
-5.524828
-5.527459
-5.531075
-5.537651
-5.542582
-5.545212
-5.546199
-5.546856
-5.533377
-5.546199
-5.540938
-5.538308
-5.532062
-5.512664
-5.519897
-5.513650
-5.505102
-5.494910
-5.482417
-5.469923
-5.464992
-5.456115
-5.431128
-5.428498
-5.423895
-5.415347
-5.406470
-5.397593
-5.391017
-5.378853
-5.376552
-5.353209
-5.359784
-5.360113
-5.347620
-5.359127
-5.355510
-5.356825
-5.342359
-5.364058
-5.366031
-5.372606
-5.377209
-5.381812
-5.390031
-5.383127
-5.395620
-5.402524
-5.416662
-5.436717
-5.439347
-5.449539
-5.466964
-5.476499
-5.483732
-5.495239
-5.501485
-5.510362
-5.517595
-5.526801
-5.531075
-5.536335
-5.528774
-5.540281
-5.541924
-5.532390
-5.548500
-5.532062
-5.542911
-5.540938
-5.537322
-5.531404
-5.512006
-5.515952
-5.497869
-5.501485
-5.492280
-5.480773
-5.469923
-5.451183
-5.450197
-5.442306
-5.429484
-5.422251
-5.415347
-5.404497
-5.396935
-5.374579
-5.364716
-5.372606
-5.364716
-5.359455
-5.359127
-5.352880
-5.345318
-5.358469
-5.356167
-5.361428
-5.363729
-5.364058
-5.371291
-5.362085
-5.377538
-5.385099
-5.382798
-5.398908
-5.402524
-5.426196
-5.422909
-5.448882
-5.458416
-5.464992
-5.479129
-5.487677
-5.497211
-5.490636
-5.513321
-5.517267
-5.520555
-5.531075
-5.535678
-5.535020
-5.529431
-5.535349
-5.546856
-5.546199
-5.539294
-5.529102
-5.541596
-5.535020
-5.530089
-5.523842
-5.512992
-5.506088
-5.500828
-5.491951
-5.478800
-5.464992
-5.459074
-5.448553
-5.425210
-5.431457
-5.421922
-5.411401
-5.396278
-5.388716
-5.385757
-5.366031
-5.375565
-5.368989
-5.360442
-5.359455
-5.344660
-5.359784
-5.358798
-5.347948
-5.357811
-5.362743
-5.367346
-5.373264
-5.379839
-5.384113
-5.386086
-5.395949
-5.410087
-5.412388
-5.430799
-5.440662
-5.439676
-5.443293
-5.469594
-5.464992
-5.490965
-5.498527
-5.505760
-5.501485
-5.515294
-5.527459
-5.534363
-5.536664
-5.542911
-5.543569
-5.537980
-5.538966
-5.545870
-5.546856
-5.528116
-5.539952
-5.535678
-5.526472
-5.523842
-5.517595
-5.508718
-5.500499
-5.481102
-5.476170
-5.470910
-5.459731
-5.435731
-5.440005
-5.426525
-5.412716
-5.410415
-5.399566
-5.395292
-5.387072
-5.378853
-5.359127
-5.365045
-5.360113
-5.362085
-5.345318
-5.353866
-5.353209
-5.352551
-5.361757
-5.366360
-5.365373
-5.358798
-5.364716
-5.381812
-5.393648
-5.401867
-5.410415
-5.416662
-5.431128
-5.426854
-5.435073
-5.459403
-5.467293
-5.481759
-5.476170
-5.484389
-5.508390
-5.509048
-5.508390
-5.513979
-5.533048
-5.538308
-5.540281
-5.544226
-5.532719
-5.548500
-5.547185
-5.528774
-5.541267
-5.539623
-5.521870
-5.530417
-5.523185
-5.513979
-5.490307
-5.497211
-5.488006
-5.480444
-5.468608
-5.457758
-5.445923
-5.421594
-5.427840
-5.418963
-5.405155
-5.400552
-5.382141
-5.383784
-5.372935
-5.373921
-5.369318
-5.354195
-5.354195
-5.348606
-5.357482
-5.359784
-5.350578
-5.359127
-5.349921
-5.369976
-5.363072
-5.374250
-5.373921
-5.395620
-5.404169
-5.412059
-5.422251
-5.427511
-5.443950
-5.453156
-5.463676
-5.473211
-5.482745
-5.490307
-5.502800
-5.510362
-5.515294
-5.523513
-5.523185
-5.528445
-5.538308
-5.540609
-5.546199
-5.530746
-5.532719
-5.545870
-5.530417
-5.543569
-5.528116
-5.533705
-5.510034
-5.515952
-5.513650
-5.502472
-5.497211
-5.486033
-5.476499
-5.465649
-5.454800
-5.445594
-5.436388
-5.425210
-5.416004
-5.406141
-5.397922
-5.378524
-5.381483
-5.373592
-5.371620
-5.367017
-5.364058
-5.362085
-5.359784
-5.355839
-5.356167
-5.359455
-5.362743
-5.365702
-5.363729
-5.370634
-5.368661
-5.387730
-5.394305
-5.398908
-5.415347
-5.421922
-5.434087
-5.442635
-5.456115
-5.462690
-5.474855
-5.486691
-5.489650
-5.487348
-5.508390
-5.511677
-5.522527
-5.531404
-5.529102
-5.532390
-5.539952
-5.538308
-5.544884
-5.545870
-5.547843
-5.541267
-5.541267
-5.537322
-5.532719
-5.525157
-5.521212
-5.512664
-5.502472
-5.492280
-5.479458
-5.473540
-5.464663
-5.454142
-5.444608
-5.432114
-5.417319
-5.414361
-5.402196
-5.398579
-5.390360
-5.380826
-5.369318
-5.371291
-5.367675
-5.357482
-5.361757
-5.357811
-5.358140
-5.358798
-5.354195
-5.347948
-5.368003
-5.370305
-5.358798
-5.369318
-5.372935
-5.397593
-5.408442
-5.416991
-5.418306
-5.435402
-5.438690
-5.443950
-5.468608
-5.463019
-5.485704
-5.495568
-5.503458
-5.512992
-5.517267
-5.526801
-5.514307
-5.518582
-5.539623
-5.543240
-5.546856
-5.534034
-5.535020
-5.541596
-5.529102
-5.537980
-5.538966
-5.532719
-5.526144
-5.518253
-5.497211
-5.501485
-5.492938
-5.483403
-5.473540
-5.463019
-5.453156
-5.443621
-5.426196
-5.416662
-5.398579
-5.402524
-5.380497
-5.386415
-5.379839
-5.373921
-5.369976
-5.366031
-5.348277
-5.354853
-5.355510
-5.345318
-5.360442
-5.361757
-5.363729
-5.366360
-5.362743
-5.374907
-5.368003
-5.384442
-5.387401
-5.393648
-5.415018
-5.429484
-5.424552
-5.448882
-5.458416
-5.468279
-5.472225
-5.486362
-5.499184
-5.507403
-5.499513
-5.519239
-5.518253
-5.519239
-5.522527
-5.534692
-5.542911
-5.537980
-5.530089
-5.546856
-5.540938
-5.543240
-5.523842
-5.535349
-5.520883
-5.524171
-5.517267
-5.496225
-5.494910
-5.487348
-5.477814
-5.471238
-5.458416
-5.452169
-5.434416
-5.428498
-5.419950
-5.409100
-5.403182
-5.395620
-5.386415
-5.365045
-5.373921
-5.353866
-5.348935
-5.363072
-5.361757
-5.357154
-5.356167
-5.359784
-5.359127
-5.364716
-5.364716
-5.374250
-5.377867
-5.385099
-5.392990
-5.387401
-5.406141
-5.418634
-5.429813
-5.432772
-5.443293
-5.459403
-5.471567
-5.472882
-5.491293
-5.498527
-5.501814
-5.499842
-5.515294
-5.528116
-5.531733
-5.537980
-5.539294
-5.543569
-5.542253
-5.532390
-5.533705
-5.545541
-5.536664
-5.538966
-5.534692
-5.531733
-5.509376
-5.509705
-5.500828
-5.495896
-5.482417
-5.480444
-5.470252
-5.455128
-5.433101
-5.439347
-5.427511
-5.415018
-5.408772
-5.401538
-5.379510
-5.385757
-5.378524
-5.372935
-5.370305
-5.364716
-5.362414
-5.356825
-5.351893
-5.356825
-5.356496
-5.361757
-5.358140
-5.357482
-5.371949
-5.379182
-5.383784
-5.392990
-5.403840
-5.413045
-5.405812
-5.431786
-5.442635
-5.452827
-5.457758
-5.472553
-5.466307
-5.479786
-5.499184
-5.497211
-5.515623
-5.522527
-5.526801
-5.521870
-5.537322
-5.541267
-5.544884
-5.546199
-5.546856
-5.534363
-5.530417
-5.537980
-5.540609
-5.532719
-5.527130
-5.519897
-5.512006
-5.504773
-5.497540
-5.488335
-5.462033
-5.452827
-5.456115
-5.446580
-5.431457
-5.427511
-5.416004
-5.407456
-5.398251
-5.374907
-5.385099
-5.375894
-5.374579
-5.368661
-5.364058
-5.360442
-5.359455
-5.343345
-5.357482
-5.360770
-5.358469
-5.362085
-5.360113
-5.376223
-5.381812
-5.387072
-5.395949
-5.397922
-5.413703
-5.417319
-5.435402
-5.430799
-5.451841
-5.459731
-5.472553
-5.485375
-5.493924
-5.504116
-5.498855
-5.510034
-5.522527
-5.528445
-5.534363
-5.538966
-5.537980
-5.544226
-5.545541
-5.543240
-5.546527
-5.540281
-5.542253
-5.536993
-5.529431
-5.525486
-5.507403
-5.511677
-5.503129
-5.494910
-5.468608
-5.475513
-5.465978
-5.456772
-5.431786
-5.434744
-5.426854
-5.403182
-5.398251
-5.402524
-5.395620
-5.388387
-5.367017
-5.377538
-5.375565
-5.367675
-5.363729
-5.368661
-5.367675
-5.354853
-5.368661
-5.374907
-5.378853
-5.382798
-5.374579
-5.391017
-5.400552
-5.392990
-5.408772
-5.423566
-5.419621
-5.427183
-5.442306
-5.434416
-5.458745
-5.464005
-5.467293
-5.472553
-5.478143
-5.466636
-5.485375
-5.471567
-5.490307
-5.490965
-5.484389
-5.490636
-5.490636
-5.486691
-5.474855
-5.486033
-5.479786
-5.479458
-5.477156
-5.468608
-5.474197
-5.470910
-5.465649
-5.463676
-5.458087
-5.451512
-5.458087
-5.456772
-5.440991
-5.453156
-5.434744
-5.451183
-5.450526
-5.450197
-5.449211
-5.447896
-5.446251
-5.432443
-5.433758
-5.449868
-5.446251
-5.446251
-5.447896
-5.448553
-5.450854
-5.449868
-5.448553
-5.449211
-5.450197
-5.434744
-5.451183
-5.448882
-5.447567
-5.450854
-5.452169
-5.445265
-5.453485
-5.454142
-5.454471
-5.451183
-5.447238
-5.453813
-5.446251
-5.454471
-5.454800
-5.453485
-5.442964
-5.452827
-5.438690
-5.453813
-5.453156
-5.454800
-5.453485
-5.448882
-5.454471
-5.448882
-5.450854
-5.451841
-5.452498
-5.450526
-5.451512
-5.454142
-5.450526
-5.450526
-5.439347
-5.449539
-5.454142
-5.443950
-5.454142
-5.452498
-5.450854
-5.453156
-5.439019
-5.452169
-5.455457
-5.454471
-5.454471
-5.453485
-5.445923
-5.453813
-5.443621
-5.439019
-5.439676
-5.438361
-5.452169
-5.452169
-5.446909
-5.452827
-5.453813
-5.452827
-5.452498
-5.449539
-5.452827
-5.440005
-5.440005
-5.436388
-5.450197
-5.453485
-5.443293
-5.454142
-5.454142
-5.454142
-5.453485
-5.446251
-5.453813
-5.437375
-5.447238
-5.449211
-5.452169
-5.453156
-5.446909
-5.454142
-5.452827
-5.453156
-5.451183
-5.444936
-5.454142
-5.438032
-5.454142
-5.453813
-5.452498
-5.453813
-5.436717
-5.453156
-5.451512
-5.439676
-5.439347
-5.447238
-5.452827
-5.438361
-5.453813
-5.454142
-5.454800
-5.452498
-5.444936
-5.453813
-5.442964
-5.453485
-5.454142
-5.454142
-5.451841
-5.451183
-5.453813
-5.446909
-5.450526
-5.449211
-5.451512
-5.451512
-5.449868
-5.455128
-5.453156
-5.452169
-5.441320
-5.450526
-5.453156
-5.446909
-5.454142
-5.452498
-5.454142
-5.451841
-5.449539
-5.454471
-5.437704
-5.441978
-5.447567
-5.451841
-5.451512
-5.449868
-5.454142
-5.455128
-5.455128
-5.449868
-5.450526
-5.453156
-5.448882
-5.453813
-5.453156
-5.453813
-5.450854
-5.452827
-5.451841
-5.438361
-5.440991
-5.446909
-5.452827
-5.450197
-5.453156
-5.455128
-5.452827
-5.452827
-5.438690
-5.452498
-5.452827
-5.443293
-5.447238
-5.446580
-5.447896
-5.452827
-5.438690
-5.452498
-5.454471
-5.454471
-5.453485
-5.449211
-5.450197
-5.453485
-5.447238
-5.447238
-5.443950
-5.445594
-5.453485
-5.438690
-5.450197
-5.452498
-5.451841
-5.452827
-5.449868
-5.452498
-5.454142
-5.451183
-5.448224
-5.438361
-5.452169
-5.450197
-5.450854
-5.454800
-5.454142
-5.454471
-5.449868
-5.449539
-5.454800
-5.437375
-5.438690
-5.437046
-5.447896
-5.453485
-5.444279
-5.452827
-5.454471
-5.454800
-5.452827
-5.438032
-5.451841
-5.452498
-5.442306
-5.441978
-5.438361
-5.450854
-5.453156
-5.441648
-5.454471
-5.453156
-5.453485
-5.453813
-5.437375
-5.453156
-5.453156
-5.451512
-5.450854
-5.436717
-5.451512
-5.450526
-5.449211
-5.453156
-5.454800
-5.451841
-5.451512
-5.449868
-5.453485
-5.440333
-5.439676
-5.438361
-5.451183
-5.450526
-5.450854
-5.454471
-5.455128
-5.454142
-5.438032
-5.451512
-5.448553
-5.450854
-5.453485
-5.452827
-5.453156
-5.437704
-5.452498
-5.439019
-5.447567
-5.450197
-5.452827
-5.450526
-5.452827
-5.452169
-5.441320
-5.447896
-5.450526
-5.451841
-5.437704
-5.453813
-5.450854
-5.440005
-5.438361
-5.452169
-5.451183
-5.452498
-5.453485
-5.441978
-5.439019
-5.447567
-5.453485
-5.445923
-5.453813
-5.452827
-5.450526
-5.438361
-5.452169
-5.437704
-5.454142
-5.453156
-5.442635
-5.438361
-5.451512
-5.449211
-5.452827
-5.452498
-5.440005
-5.437046
-5.450854
-5.450854
-5.453156
-5.452498
-5.439347
-5.440333
-5.448882
-5.453485
-5.447238
-5.453485
-5.448224
-5.439676
-5.443950
-5.452827
-5.436717
-5.453485
-5.440991
-5.437046
-5.446909
-5.453485
-5.438032
-5.452498
-5.448882
-5.437704
-5.445594
-5.451841
-5.453156
-5.449539
-5.454471
-5.444279
-5.439347
-5.447238
-5.452827
-5.436059
-5.453485
-5.452169
-5.448224
-5.439019
-5.450526
-5.451841
-5.451841
-5.454142
-5.453485
-5.448882
-5.445594
-5.453813
-5.444608
-5.453813
-5.455457
-5.454142
-5.446580
-5.452169
-5.450526
-5.450526
-5.454471
-5.454142
-5.453156
-5.445594
-5.453156
-5.448224
-5.454142
-5.454800
-5.454800
-5.437704
-5.452498
-5.439676
-5.453813
-5.453485
-5.454142
-5.453156
-5.441648
-5.453485
-5.438690
-5.447238
-5.447567
-5.451183
-5.453813
-5.445923
-5.453156
-5.453485
-5.451841
-5.446251
-5.448882
-5.453813
-5.446251
-5.454142
-5.453813
-5.453485
-5.452498
-5.447238
-5.453813
-5.439347
-5.446580
-5.449539
-5.452169
-5.449868
-5.453156
-5.452498
-5.439347
-5.439676
-5.444279
-5.452169
-5.437704
-5.453485
-5.452169
-5.444608
-5.437704
-5.452169
-5.450854
-5.452827
-5.453485
-5.450197
-5.438032
-5.449539
-5.453485
-5.449539
-5.454142
-5.447238
-5.438690
-5.447238
-5.453156
-5.446909
-5.453813
-5.441978
-5.437046
-5.447567
-5.452827
-5.445265
-5.454142
-5.439347
-5.436717
-5.447567
-5.452827
-5.437375
-5.453485
-5.443293
-5.438361
-5.444936
-5.451183
-5.452498
-5.450197
-5.453813
-5.439676
-5.438032
-5.447238
-5.452827
-5.446909
-5.453813
-5.439676
-5.437046
-5.446580
-5.452827
-5.437704
-5.453485
-5.440333
-5.438361
-5.446580
-5.453156
-5.438032
-5.452498
-5.439347
-5.447238
-5.450526
-5.453156
-5.437375
-5.453156
-5.437375
-5.452169
-5.452827
-5.454471
-5.439019
-5.452169
-5.439676
-5.453485
-5.454471
-5.454471
-5.441978
-5.452827
-5.438361
-5.452498
-5.454800
-5.454142
-5.442306
-5.451512
-5.448553
-5.452169
-5.454471
-5.453485
-5.453813
-5.440333
-5.452827
-5.440333
-5.453813
-5.452498
-5.453485
-5.451183
-5.450526
-5.452498
-5.444279
-5.446909
-5.448224
-5.452498
-5.440005
-5.452827
-5.451841
-5.442964
-5.439347
-5.445923
-5.453156
-5.437046
-5.453156
-5.454800
-5.455457
-5.450526
-5.449539
-5.453813
-5.446251
-5.453813
-5.454471
-5.453156
-5.450854
-5.451183
-5.452827
-5.438690
-5.446580
-5.446909
-5.451841
-5.453156
-5.446580
-5.454142
-5.454142
-5.454471
-5.453813
-5.436717
-5.452498
-5.451512
-5.439019
-5.440662
-5.438361
-5.448224
-5.453813
-5.438361
-5.447567
-5.448224
-5.443950
-5.451512
-5.453485
-5.440005
-5.453485
-5.453156
-5.452827
-5.453813
-5.450197
-5.449539
-5.454800
-5.454800
-5.454142
-5.454142
-5.435402
-5.451512
-5.454142
-5.447238
-5.449868
-5.449868
-5.444279
-5.453156
-5.450197
-5.446251
-5.439676
-5.438032
-5.445594
-5.453156
-5.449211
-5.446251
-5.448224
-5.447238
-5.445594
-5.452827
-5.450526
-5.446251
-5.448553
-5.446251
-5.446580
-5.452498
-5.453485
-5.437046
-5.449211
-5.446909
-5.437704
-5.445923
-5.452498
-5.450526
-5.439019
-5.437375
-5.439347
-5.439019
-5.451183
-5.453156
-5.440333
-5.447238
-5.438690
-5.442306
-5.451512
-5.453813
-5.438361
-5.446909
-5.440662
-5.437046
-5.449539
-5.453813
-5.438032
-5.447896
-5.447896
-5.441320
-5.449868
-5.453485
-5.438032
-5.450197
-5.451183
-5.446580
-5.449211
-5.453813
-5.438361
-5.452498
-5.453485
-5.452498
-5.453156
-5.453813
-5.437704
-5.450197
-5.453485
-5.453813
-5.452498
-5.453156
-5.444608
-5.449868
-5.454142
-5.453485
-5.454471
-5.453485
-5.437046
-5.452169
-5.454471
-5.453485
-5.454800
-5.451183
-5.444936
-5.453485
-5.450526
-5.441320
-5.451512
-5.449211
-5.440991
-5.452827
-5.452827
-5.444279
-5.451183
-5.451512
-5.436717
-5.451512
-5.452169
-5.439676
-5.440005
-5.441978
-5.437046
-5.452169
-5.453485
-5.439347
-5.439347
-5.444936
-5.439347
-5.446580
-5.452498
-5.443293
-5.437704
-5.440333
-5.444608
-5.445923
-5.453156
-5.451512
-5.437375
-5.439019
-5.439676
-5.444608
-5.452827
-5.453485
-5.438361
-5.440005
-5.448882
-5.441320
-5.448553
-5.453485
-5.442964
-5.440005
-5.446909
-5.448882
-5.445265
-5.452498
-5.452169
-5.440333
-5.447896
-5.451512
-5.438361
-5.452169
-5.453813
-5.451512
-5.453156
-5.454142
-5.453156
-5.441648
-5.452169
-5.455128
-5.454800
-5.454142
-5.454471
-5.438361
-5.451512
-5.453485
-5.454142
-5.454142
-5.453813
-5.452169
-5.446251
-5.452827
-5.454142
-5.454142
-5.453156
-5.452498
-5.439019
-5.450526
-5.453156
-5.455128
-5.453156
-5.452498
-5.450854
-5.446251
-5.452827
-5.455457
-5.453156
-5.452169
-5.454471
-5.438690
-5.449539
-5.453156
-5.450854
-5.446251
-5.453156
-5.453156
-5.438361
-5.447896
-5.441978
-5.438690
-5.440991
-5.451512
-5.453485
-5.441978
-5.450526
-5.454142
-5.454142
-5.439676
-5.447896
-5.454471
-5.453813
-5.452169
-5.448224
-5.452169
-5.453813
-5.446251
-5.438690
-5.454142
-5.454142
-5.452827
-5.439676
-5.446909
-5.452827
-5.448224
-5.438690
-5.436059
-5.449868
-5.453156
-5.454142
-5.454471
-5.452827
-5.449868
-5.452498
-5.453156
-5.451183
-5.453813
-5.454142
-5.452169
-5.452498
-5.452827
-5.444279
-5.440005
-5.452169
-5.454471
-5.453485
-5.448882
-5.444279
-5.450526
-5.445923
-5.445923
-5.450197
-5.436059
-5.450526
-5.453156
-5.453813
-5.446580
-5.438690
-5.436717
-5.450526
-5.452169
-5.452498
-5.447896
-5.441648
-5.446251
-5.437375
-5.448882
-5.450526
-5.438032
-5.453485
-5.453156
-5.450854
-5.438361
-5.441648
-5.450526
-5.454142
-5.452498
-5.452827
-5.453485
-5.451841
-5.455457
-5.452827
-5.449539
-5.450197
-5.451841
-5.454471
-5.455457
-5.452827
-5.446909
-5.446251
-5.452169
-5.453813
-5.454800
-5.454142
-5.449539
-5.445923
-5.450197
-5.454471
-5.454471
-5.454142
-5.452498
-5.443293
-5.446909
-5.451841
-5.452827
-5.453485
-5.447896
-5.438361
-5.435402
-5.449868
-5.452498
-5.454471
-5.450854
-5.438032
-5.441320
-5.441320
-5.449211
-5.454471
-5.447567
-5.449868
-5.453485
-5.448882
-5.436388
-5.447238
-5.439676
-5.454471
-5.453813
-5.452498
-5.451512
-5.443621
-5.449868
-5.455128
-5.452827
-5.451841
-5.452169
-5.454142
-5.454142
-5.453813
-5.447567
-5.436717
-5.446909
-5.452498
-5.453485
-5.450526
-5.443293
-5.452498
-5.451183
-5.438690
-5.436059
-5.444608
-5.454800
-5.452827
-5.452498
-5.452827
-5.453485
-5.454471
-5.450854
-5.441978
-5.451512
-5.444279
-5.436717
-5.439676
-5.454142
-5.453156
-5.450197
-5.451183
-5.451841
-5.453813
-5.449868
-5.448553
-5.454800
-5.453156
-5.452827
-5.451512
-5.454471
-5.453156
-5.447238
-5.442964
-5.448553
-5.452827
-5.453156
-5.441648
-5.453813
-5.452498
-5.454142
-5.451183
-5.450854
-5.455128
-5.452827
-5.445923
-5.446909
-5.452498
-5.453156
-5.451512
-5.442635
-5.454142
-5.453485
-5.451183
-5.438690
-5.446251
-5.454471
-5.454142
-5.450854
-5.451512
-5.453813
-5.454471
-5.453156
-5.446251
-5.437704
-5.445265
-5.449868
-5.452498
-5.450526
-5.440005
-5.450526
-5.438361
-5.446580
-5.452498
-5.451183
-5.438361
-5.451183
-5.445265
-5.442964
-5.450197
-5.453485
-5.445923
-5.448224
-5.443621
-5.446251
-5.452498
-5.453813
-5.453485
-5.447238
-5.441320
-5.448553
-5.453156
-5.454471
-5.454471
-5.452827
-5.450854
-5.451512
-5.454471
-5.441978
-5.439347
-5.454142
-5.453485
-5.453485
-5.439347
-5.446251
-5.451183
-5.437704
-5.451183
-5.450526
-5.438361
-5.450197
-5.453485
-5.453485
-5.442306
-5.439347
-5.445923
-5.452169
-5.454142
-5.454142
-5.450197
-5.444279
-5.446909
-5.452169
-5.454142
-5.454471
-5.454471
-5.453813
-5.451841
-5.453156
-5.452827
-5.450197
-5.455457
-5.453813
-5.452498
-5.453485
-5.450526
-5.438690
-5.451841
-5.454471
-5.452498
-5.454142
-5.452827
-5.442964
-5.452498
-5.454142
-5.453156
-5.452169
-5.452498
-5.453813
-5.454800
-5.453485
-5.448553
-5.446251
-5.450197
-5.452827
-5.454800
-5.451841
-5.438690
-5.450854
-5.438361
-5.446580
-5.450854
-5.446909
-5.450854
-5.454142
-5.452498
-5.441648
-5.439347
-5.438690
-5.453485
-5.454142
-5.453156
-5.452498
-5.441648
-5.439347
-5.454142
-5.453156
-5.452827
-5.453485
-5.439347
-5.439676
-5.446251
-5.454142
-5.452827
-5.453813
-5.449868
-5.438361
-5.440005
-5.454142
-5.454142
-5.453813
-5.448882
-5.438032
-5.446580
-5.442635
-5.454471
-5.453485
-5.441320
-5.446909
-5.450854
-5.443621
-5.449211
-5.450197
-5.436059
-5.449539
-5.453156
-5.450526
-5.439676
-5.450854
-5.442635
-5.446580
-5.451841
-5.450197
-5.438690
-5.449868
-5.441320
-5.446909
-5.453156
-5.453485
-5.447896
-5.442306
-5.444279
-5.444279
-5.450854
-5.452827
-5.451183
-5.439347
-5.441320
-5.445594
-5.452169
-5.454142
-5.453813
-5.447238
-5.439019
-5.441648
-5.450197
-5.454142
-5.454800
-5.450854
-5.437704
-5.442306
-5.451183
-5.454142
-5.454471
-5.453156
-5.437704
-5.439676
-5.442306
-5.450197
-5.453156
-5.448553
-5.439676
-5.451183
-5.438361
-5.446909
-5.451841
-5.450197
-5.440333
-5.452827
-5.450526
-5.438361
-5.439676
-5.437375
-5.453156
-5.453813
-5.452827
-5.453813
-5.451841
-5.451183
-5.455128
-5.452827
-5.446580
-5.450854
-5.452498
-5.453813
-5.453156
-5.447567
-5.438690
-5.438032
-5.445594
-5.450526
-5.446909
-5.444279
-5.454800
-5.452827
-5.451841
-5.449868
-5.449539
-5.454800
-5.453813
-5.448224
-5.452169
-5.453485
-5.453485
-5.453485
-5.443621
-5.441978
-5.436059
-5.448553
-5.452498
-5.450854
-5.440333
-5.453485
-5.452827
-5.441978
-5.437375
-5.439676
-5.454471
-5.453485
-5.452827
-5.453485
-5.453485
-5.455128
-5.454142
-5.447238
-5.438690
-5.446251
-5.451841
-5.453485
-5.447896
-5.448882
-5.454471
-5.450197
-5.437375
-5.447567
-5.438032
-5.455128
-5.454142
-5.452169
-5.453813
-5.447567
-5.447238
-5.454471
-5.453485
-5.451512
-5.453485
-5.453156
-5.450526
-5.455128
-5.454800
-5.451183
-5.452827
-5.453813
-5.451183
-5.455457
-5.454142
-5.452498
-5.452827
-5.453485
-5.446580
-5.452169
-5.454800
-5.452498
-5.451841
-5.453156
-5.453156
-5.452827
-5.454800
-5.452498
-5.449868
-5.451841
-5.453156
-5.454142
-5.454800
-5.451841
-5.446580
-5.449211
-5.451512
-5.453156
-5.452827
-5.439347
-5.452827
-5.450197
-5.437704
-5.444608
-5.437375
-5.453813
-5.454471
-5.452169
-5.453156
-5.452498
-5.451512
-5.454800
-5.451183
-5.445265
-5.449211
-5.452169
-5.453485
-5.452827
-5.439676
-5.452827
-5.450197
-5.437704
-5.446580
-5.437704
-5.455457
-5.453485
-5.452827
-5.453485
-5.452827
-5.455457
-5.454142
-5.447238
-5.445923
-5.451512
-5.452498
-5.454142
-5.452827
-5.436717
-5.447896
-5.438032
-5.445923
-5.450854
-5.447238
-5.449868
-5.454800
-5.452169
-5.437704
-5.440333
-5.438032
-5.453813
-5.454142
-5.452498
-5.452827
-5.453813
-5.454142
-5.453813
-5.452498
-5.446909
-5.452169
-5.453813
-5.454142
-5.453156
-5.442964
-5.441978
-5.438032
-5.446580
-5.449211
-5.445594
-5.452169
-5.453813
-5.452827
-5.451183
-5.438032
-5.437046
-5.454471
-5.453156
-5.452498
-5.453813
-5.452498
-5.450854
-5.455457
-5.452169
-5.450526
-5.452169
-5.453156
-5.454142
-5.454800
-5.450526
-5.446580
-5.449211
-5.451512
-5.454142
-5.454471
-5.453485
-5.447238
-5.446580
-5.451512
-5.453813
-5.454142
-5.453813
-5.447896
-5.444936
-5.449539
-5.453485
-5.454142
-5.454142
-5.451183
-5.445265
-5.447896
-5.453156
-5.453156
-5.453485
-5.454800
-5.448224
-5.451512
-5.453156
-5.452827
-5.454800
-5.454800
-5.452827
-5.452827
-5.453156
-5.453485
-5.451841
-5.455128
-5.453156
-5.451841
-5.452827
-5.451512
-5.439347
-5.447896
-5.454800
-5.453813
-5.452827
-5.437046
-5.450197
-5.450526
-5.437046
-5.447896
-5.437375
-5.448224
-5.453156
-5.453485
-5.453485
-5.446251
-5.445594
-5.451841
-5.454142
-5.451183
-5.454800
-5.454800
-5.452498
-5.452827
-5.436717
-5.450197
-5.448553
-5.438690
-5.440662
-5.440662
-5.453485
-5.452498
-5.455128
-5.454142
-5.451841
-5.451512
-5.453813
-5.450526
-5.439676
-5.453813
-5.453485
-5.453485
-5.452498
-5.436059
-5.449539
-5.442964
-5.448224
-5.451183
-5.436059
-5.449539
-5.454142
-5.454142
-5.450197
-5.446909
-5.448553
-5.452498
-5.454142
-5.454471
-5.454142
-5.453813
-5.452827
-5.450854
-5.446580
-5.454142
-5.450526
-5.447238
-5.445923
-5.451512
-5.454142
-5.440333
-5.440333
-5.452827
-5.451841
-5.437375
-5.453485
-5.453485
-5.454471
-5.454800
-5.452827
-5.452169
-5.454142
-5.437046
-5.447567
-5.439347
-5.450854
-5.448224
-5.446251
-5.451512
-5.454471
-5.454142
-5.450197
-5.449211
-5.452169
-5.453156
-5.448882
-5.451841
-5.454471
-5.454142
-5.453485
-5.437375
-5.447238
-5.449868
-5.437375
-5.442635
-5.436059
-5.450526
-5.453485
-5.454471
-5.453813
-5.453485
-5.452498
-5.452498
-5.449868
-5.439676
-5.439347
-5.454142
-5.453156
-5.437704
-5.450197
-5.453485
-5.454142
-5.453813
-5.446580
-5.452169
-5.453813
-5.449539
-5.438690
-5.451512
-5.454471
-5.450854
-5.440991
-5.451841
-5.454471
-5.455128
-5.452827
-5.451841
-5.454142
-5.438690
-5.446251
-5.447896
-5.439019
-5.446251
-5.440333
-5.452498
-5.453485
-5.455457
-5.454142
-5.451183
-5.451841
-5.453485
-5.441648
-5.437704
-5.443293
-5.452498
-5.451512
-5.441648
-5.452169
-5.454471
-5.454471
-5.452827
-5.453813
-5.452827
-5.450526
-5.447238
-5.447567
-5.439347
-5.444936
-5.440333
-5.452169
-5.453813
-5.455128
-5.454142
-5.454142
-5.451183
-5.453156
-5.439019
-5.446909
-5.437375
-5.450854
-5.444608
-5.445594
-5.453156
-5.454471
-5.453813
-5.453813
-5.449539
-5.451841
-5.453813
-5.438361
-5.437046
-5.452169
-5.453485
-5.450854
-5.439676
-5.451841
-5.452498
-5.451183
-5.439347
-5.443293
-5.451512
-5.453156
-5.454471
-5.455128
-5.452498
-5.452498
-5.453156
-5.449868
-5.438690
-5.439347
-5.451841
-5.454142
-5.449211
-5.445265
-5.452498
-5.453485
-5.448224
-5.439019
-5.446251
-5.452498
-5.453156
-5.451841
-5.454800
-5.453813
-5.453813
-5.452169
-5.438690
-5.447567
-5.437704
-5.450526
-5.451841
-5.437375
-5.449868
-5.453485
-5.452827
-5.449868
-5.446580
-5.448553
-5.452827
-5.453156
-5.451512
-5.454800
-5.454142
-5.452169
-5.450526
-5.439019
-5.450526
-5.447567
-5.439019
-5.437375
-5.449539
-5.453485
-5.453485
-5.455128
-5.454471
-5.452498
-5.453813
-5.438032
-5.448553
-5.450197
-5.437704
-5.442964
-5.436717
-5.452827
-5.453156
-5.454800
-5.454142
-5.452827
-5.453156
-5.452498
-5.437046
-5.450526
-5.448224
-5.438361
-5.439019
-5.447567
-5.452827
-5.454142
-5.454800
-5.453813
-5.453813
-5.453156
-5.436717
-5.450526
-5.453485
-5.449868
-5.446909
-5.448882
-5.452498
-5.451841
-5.439019
-5.451183
-5.454471
-5.452498
-5.437704
-5.452498
-5.454142
-5.454800
-5.453813
-5.452169
-5.453485
-5.435731
-5.450197
-5.453813
-5.447567
-5.445265
-5.451512
-5.453813
-5.443293
-5.437375
-5.440005
-5.446580
-5.436059
-5.452169
-5.453156
-5.451183
-5.453485
-5.454142
-5.453813
-5.438032
-5.449539
-5.454471
-5.454471
-5.451183
-5.450854
-5.452169
-5.451512
-5.439019
-5.447567
-5.439347
-5.447896
-5.436717
-5.450854
-5.454142
-5.455457
-5.454800
-5.454142
-5.452827
-5.450854
-5.445923
-5.452827
-5.450526
-5.447567
-5.445594
-5.452169
-5.451841
-5.444608
-5.446909
-5.439676
-5.438690
-5.449211
-5.453813
-5.440991
-5.440333
-5.440005
-5.446909
-5.438361
-5.452498
-5.452827
-5.439347
-5.439347
-5.442306
-5.435402
-5.451841
-5.452827
-5.436717
-5.443950
-5.437375
-5.436717
-5.452498
-5.453485
-5.436059
-5.447567
-5.440333
-5.436717
-5.449539
-5.453156
-5.437704
-5.449539
-5.447238
-5.444936
-5.451512
-5.452827
-5.436717
-5.454142
-5.453485
-5.449868
-5.451512
-5.453156
-5.439019
-5.450854
-5.453156
-5.449539
-5.450197
-5.452498
-5.449868
-5.448224
-5.453156
-5.450854
-5.449539
-5.450854
-5.452498
-5.446251
-5.453156
-5.452498
-5.448882
-5.450526
-5.453485
-5.441648
-5.446909
-5.447238
-5.440005
-5.437704
-5.449539
-5.453485
-5.450197
-5.446909
-5.454800
-5.453813
-5.448553
-5.446909
-5.452498
-5.454142
-5.454142
-5.450197
-5.451512
-5.454142
-5.440333
-5.447238
-5.438032
-5.443950
-5.437704
-5.450197
-5.453156
-5.450197
-5.453156
-5.454142
-5.453485
-5.450197
-5.445923
-5.452498
-5.454142
-5.453156
-5.451841
-5.453485
-5.438361
-5.449539
-5.453156
-5.452169
-5.447238
-5.451512
-5.453156
-5.437375
-5.450526
-5.450197
-5.446909
-5.449868
-5.452827
-5.438032
-5.450197
-5.454142
-5.450526
-5.450526
-5.453156
-5.447567
-5.449539
-5.453156
-5.453156
-5.453485
-5.453156
-5.448224
-5.449868
-5.454471
-5.453156
-5.453485
-5.453156
-5.450854
-5.446580
-5.454142
-5.453485
-5.453813
-5.453156
-5.449539
-5.450197
-5.454142
-5.454142
-5.455128
-5.453485
-5.437046
-5.451841
-5.453485
-5.439347
-5.445923
-5.450197
-5.435402
-5.452827
-5.451512
-5.445594
-5.445594
-5.437375
-5.445594
-5.452498
-5.448882
-5.449211
-5.452169
-5.448882
-5.446251
-5.451841
-5.452827
-5.438032
-5.447567
-5.443293
-5.436059
-5.448882
-5.453485
-5.444608
-5.441648
-5.439019
-5.438032
-5.440662
-5.452169
-5.451841
-5.437704
-5.439347
-5.447567
-5.438361
-5.449211
-5.452827
-5.440333
-5.439676
-5.449211
-5.450854
-5.436717
-5.451512
-5.454471
-5.451841
-5.454471
-5.455128
-5.450526
-5.445265
-5.453813
-5.454471
-5.454471
-5.453813
-5.453156
-5.447896
-5.449539
-5.453813
-5.453813
-5.453485
-5.452169
-5.452498
-5.436059
-5.453156
-5.452827
-5.454142
-5.451512
-5.452498
-5.448882
-5.447896
-5.453156
-5.454142
-5.449539
-5.451841
-5.453485
-5.437046
-5.451841
-5.450854
-5.446580
-5.445265
-5.452827
-5.452498
-5.437046
-5.438032
-5.441320
-5.440991
-5.448224
-5.452498
-5.449868
-5.440005
-5.450197
-5.452498
-5.438361
-5.451512
-5.453485
-5.451512
-5.453813
-5.454142
-5.452169
-5.445265
-5.452498
-5.454800
-5.454142
-5.453813
-5.454142
-5.446251
-5.448882
-5.453813
-5.454142
-5.453156
-5.452827
-5.452169
-5.451183
-5.437704
-5.446909
-5.436717
-5.439347
-5.445265
-5.452498
-5.452498
-5.439019
-5.448882
-5.454142
-5.449868
-5.445923
-5.453156
-5.452498
-5.452169
-5.455128
-5.454142
-5.437704
-5.453156
-5.453485
-5.454142
-5.455457
-5.453813
-5.448224
-5.449868
-5.453485
-5.451183
-5.450854
-5.450526
-5.435402
-5.452498
-5.453485
-5.439019
-5.440333
-5.448882
-5.444608
-5.446580
-5.452498
-5.453156
-5.454142
-5.454142
-5.453485
-5.451183
-5.445594
-5.453156
-5.454800
-5.453156
-5.453156
-5.453485
-5.451512
-5.441320
-5.451183
-5.446909
-5.439019
-5.444936
-5.451183
-5.453156
-5.450197
-5.452169
-5.453813
-5.453813
-5.439676
-5.449868
-5.454471
-5.454471
-5.453813
-5.453813
-5.452827
-5.438032
-5.450854
-5.452827
-5.453156
-5.450197
-5.451512
-5.452827
-5.437704
-5.450854
-5.451183
-5.447567
-5.448882
-5.452169
-5.439347
-5.450526
-5.452827
-5.447567
-5.445923
-5.451512
-5.452827
-5.439347
-5.447567
-5.437704
-5.438690
-5.446580
-5.453485
-5.452498
-5.439019
-5.442635
-5.450854
-5.438032
-5.450854
-5.453485
-5.451183
-5.452498
-5.454142
-5.453813
-5.437046
-5.452169
-5.454800
-5.454800
-5.454142
-5.453813
-5.450854
-5.445923
-5.453813
-5.454471
-5.453813
-5.453485
-5.452827
-5.437375
-5.451512
-5.453813
-5.452827
-5.452827
-5.451841
-5.452498
-5.445923
-5.452498
-5.453813
-5.451183
-5.449868
-5.453156
-5.445923
-5.446909
-5.451512
-5.447567
-5.445923
-5.452827
-5.453485
-5.437375
-5.448882
-5.448224
-5.440333
-5.449211
-5.452827
-5.444608
-5.448224
-5.447567
-5.436059
-5.445265
-5.451512
-5.452169
-5.438361
-5.438032
-5.439347
-5.439019
-5.446251
-5.453485
-5.451841
-5.446580
-5.452827
-5.454471
-5.447896
-5.447896
-5.453485
-5.454471
-5.454471
-5.454142
-5.452498
-5.449211
-5.446909
-5.452498
-5.453485
-5.451183
-5.450197
-5.451841
-5.449868
-5.446580
-5.446909
-5.437704
-5.438361
-5.447238
-5.453156
-5.450854
-5.439019
-5.452169
-5.453485
-5.450526
-5.443293
-5.452169
-5.454471
-5.454800
-5.449868
-5.449868
-5.453813
-5.448882
-5.446251
-5.438361
-5.447238
-5.448882
-5.440005
-5.452169
-5.454142
-5.455128
-5.453156
-5.451841
-5.452827
-5.452169
-5.436388
-5.447896
-5.437375
-5.446909
-5.438032
-5.448553
-5.453813
-5.454142
-5.454142
-5.453156
-5.452827
-5.452169
-5.450854
-5.437375
-5.439019
-5.454471
-5.453813
-5.451512
-5.439347
-5.450197
-5.450526
-5.444936
-5.439347
-5.435731
-5.451512
-5.452498
-5.454800
-5.454471
-5.449868
-5.448882
-5.453485
-5.453156
-5.451183
-5.455457
-5.452827
-5.452169
-5.453813
-5.453485
-5.440662
-5.450854
-5.454142
-5.452827
-5.452827
-5.452827
-5.438361
-5.439676
-5.454800
-5.453485
-5.453485
-5.451841
-5.437704
-5.440333
-5.450854
-5.453813
-5.453485
-5.449868
-5.436059
-5.449539
-5.447896
-5.441648
-5.452169
-5.438032
-5.445265
-5.452498
-5.452169
-5.439019
-5.440991
-5.438032
-5.447567
-5.452169
-5.453813
-5.448553
-5.438690
-5.438032
-5.444936
-5.452827
-5.454142
-5.453156
-5.443621
-5.436388
-5.445265
-5.453156
-5.453485
-5.453485
-5.446580
-5.439347
-5.435402
-5.449868
-5.452169
-5.452827
-5.447567
-5.441320
-5.439676
-5.446251
-5.451512
-5.453485
-5.447567
-5.450526
-5.452498
-5.443950
-5.441320
-5.448553
-5.438361
-5.454800
-5.452498
-5.453485
-5.451841
-5.443621
-5.452498
-5.454800
-5.452827
-5.451841
-5.452498
-5.453156
-5.455128
-5.454142
-5.449539
-5.446251
-5.451841
-5.452498
-5.454471
-5.453485
-5.441648
-5.438361
-5.442964
-5.449868
-5.452827
-5.450526
-5.439676
-5.454142
-5.451183
-5.438361
-5.447238
-5.437375
-5.454800
-5.454142
-5.452498
-5.453156
-5.451841
-5.451183
-5.454800
-5.453156
-5.452169
-5.453485
-5.453813
-5.453156
-5.455786
-5.453813
-5.445265
-5.449868
-5.453156
-5.453156
-5.455128
-5.447238
-5.438361
-5.436059
-5.446251
-5.452498
-5.452827
-5.437375
-5.452827
-5.453156
-5.441648
-5.442306
-5.447896
-5.440662
-5.454800
-5.454471
-5.451841
-5.438032
-5.439347
-5.444608
-5.454142
-5.453813
-5.452498
-5.449868
-5.438361
-5.441978
-5.454800
-5.453813
-5.453156
-5.451512
-5.438361
-5.436388
-5.452827
-5.454142
-5.452827
-5.452498
-5.438361
-5.440005
-5.442306
-5.454142
-5.452169
-5.453813
-5.442635
-5.443950
-5.437704
-5.452498
-5.453813
-5.451183
-5.435402
-5.447567
-5.449211
-5.439347
-5.453156
-5.451183
-5.436388
-5.447896
-5.450854
-5.437375
-5.453156
-5.453813
-5.446251
-5.444608
-5.449868
-5.441648
-5.450854
-5.452827
-5.448553
-5.437046
-5.446580
-5.445265
-5.448224
-5.453813
-5.450854
-5.437046
-5.448553
-5.451183
-5.440991
-5.449539
-5.442964
-5.446251
-5.452827
-5.453485
-5.447567
-5.440662
-5.448553
-5.440662
-5.452827
-5.454142
-5.453156
-5.446909
-5.436388
-5.445594
-5.452169
-5.453485
-5.453813
-5.454142
-5.446909
-5.448553
-5.452827
-5.453485
-5.453156
-5.454800
-5.452498
-5.451512
-5.453485
-5.448882
-5.437375
-5.451841
-5.453813
-5.452827
-5.453813
-5.444279
-5.443621
-5.439347
-5.453156
-5.454471
-5.453156
-5.438032
-5.447238
-5.447567
-5.439676
-5.453156
-5.449868
-5.440333
-5.453485
-5.453813
-5.454142
-5.447567
-5.440991
-5.449868
-5.451841
-5.454142
-5.454800
-5.451841
-5.446251
-5.453156
-5.452498
-5.453813
-5.454800
-5.453485
-5.452827
-5.451841
-5.452498
-5.452498
-5.453485
-5.454142
-5.453485
-5.452498
-5.452498
-5.454142
-5.453485
-5.454471
-5.452169
-5.446251
-5.452498
-5.453485
-5.454142
-5.453485
-5.447567
-5.438361
-5.436059
-5.448224
-5.451512
-5.451183
-5.439676
-5.452827
-5.450854
-5.439019
-5.445594
-5.447567
-5.439676
-5.453156
-5.453485
-5.443950
-5.443293
-5.448553
-5.438361
-5.452827
-5.453485
-5.451183
-5.436059
-5.449211
-5.446909
-5.445265
-5.453156
-5.449539
-5.438361
-5.450526
-5.449868
-5.439347
-5.452498
-5.450197
-5.438032
-5.446909
-5.450854
-5.439676
-5.454800
-5.453156
-5.452169
-5.438690
-5.436717
-5.451512
-5.455457
-5.451841
-5.452827
-5.452827
-5.440005
-5.447896
-5.454800
-5.453156
-5.452169
-5.454142
-5.449211
-5.450526
-5.455457
-5.452498
-5.450854
-5.453156
-5.452498
-5.446251
-5.454800
-5.453485
-5.452498
-5.453156
-5.450197
-5.439019
-5.446580
-5.454142
-5.452827
-5.454142
-5.447896
-5.442306
-5.445594
-5.443621
-5.452827
-5.450854
-5.435731
-5.451183
-5.454142
-5.446909
-5.440662
-5.448553
-5.438690
-5.450526
-5.453156
-5.450197
-5.437375
-5.446251
-5.435073
-5.448553
-5.452827
-5.450854
-5.438361
-5.452498
-5.448882
-5.436388
-5.448553
-5.447567
-5.440005
-5.454800
-5.452498
-5.444936
-5.446580
-5.447238
-5.439676
-5.454142
-5.453156
-5.450197
-5.436388
-5.445923
-5.438361
-5.453485
-5.452827
-5.451512
-5.436388
-5.446580
-5.447896
-5.449868
-5.453813
-5.453485
-5.450197
-5.436717
-5.438361
-5.452169
-5.454142
-5.453813
-5.448882
-5.440005
-5.448224
-5.437046
-5.453485
-5.454142
-5.449211
-5.436388
-5.449539
-5.446909
-5.439019
-5.451841
-5.438032
-5.447238
-5.452498
-5.452498
-5.439347
-5.450526
-5.446251
-5.445594
-5.452498
-5.452498
-5.450854
-5.438690
-5.438032
-5.445923
-5.452498
-5.453485
-5.453813
-5.447238
-5.436388
-5.446580
-5.452169
-5.452827
-5.455128
-5.450526
-5.440333
-5.446580
-5.451841
-5.452827
-5.455128
-5.453813
-5.445594
-5.443950
-5.448882
-5.453156
-5.454800
-5.452498
-5.446580
-5.438032
-5.446251
-5.451841
-5.454142
-5.453156
-5.443621
-5.440005
-5.436388
-5.447238
-5.453485
-5.449868
-5.439347
-5.454471
-5.452498
-5.444936
-5.436388
-5.437046
-5.453156
-5.454142
-5.452169
-5.453156
-5.452827
-5.451183
-5.454471
-5.453485
-5.445594
-5.449868
-5.453156
-5.453156
-5.453813
-5.447567
-5.446909
-5.443621
-5.437046
-5.445923
-5.441978
-5.453156
-5.453156
-5.452827
-5.453813
-5.451841
-5.453485
-5.454800
-5.446251
-5.438032
-5.437704
-5.446580
-5.450526
-5.439347
-5.454142
-5.452827
-5.453156
-5.453485
-5.453156
-5.455128
-5.450197
-5.438361
-5.438690
-5.443621
-5.447896
-5.448224
-5.452169
-5.454142
-5.452498
-5.452827
-5.453156
-5.455457
-5.453485
-5.437046
-5.441320
-5.437046
-5.445923
-5.450197
-5.438690
-5.454471
-5.453485
-5.452169
-5.452498
-5.454471
-5.455128
-5.450526
-5.439019
-5.437704
-5.435731
-5.446251
-5.446909
-5.451512
-5.453813
-5.451183
-5.452169
-5.453813
-5.454471
-5.452827
-5.444608
-5.441320
-5.438032
-5.439019
-5.439347
-5.450854
-5.454800
-5.451183
-5.449211
-5.452827
-5.452498
-5.453156
-5.439019
-5.453485
-5.452827
-5.452827
-5.450854
-5.451841
-5.454471
-5.448224
-5.436388
-5.441320
-5.445923
-5.449868
-5.439347
-5.454142
-5.452827
-5.453156
-5.453813
-5.453485
-5.455128
-5.450854
-5.440991
-5.448553
-5.438032
-5.436059
-5.439676
-5.455128
-5.452498
-5.450197
-5.452169
-5.452498
-5.454471
-5.451183
-5.438361
-5.453156
-5.452169
-5.448224
-5.442306
-5.455128
-5.452827
-5.446580
-5.445923
-5.449211
-5.452827
-5.450526
-5.447567
-5.454471
-5.453485
-5.452498
-5.453813
-5.454800
-5.452827
-5.438361
-5.439019
-5.436717
-5.446251
-5.447567
-5.449868
-5.454142
-5.453156
-5.451841
-5.453485
-5.453485
-5.452827
-5.440005
-5.453813
-5.452498
-5.452827
-5.450854
-5.454142
-5.453485
-5.438361
-5.437704
-5.445265
-5.446909
-5.447238
-5.450197
-5.453813
-5.452169
-5.452827
-5.453485
-5.453485
-5.453813
-5.439347
-5.452498
-5.451512
-5.450197
-5.445923
-5.454471
-5.453156
-5.438690
-5.436059
-5.446580
-5.447238
-5.447567
-5.452498
-5.453485
-5.451512
-5.452827
-5.452169
-5.453813
-5.447896
-5.451183
-5.453813
-5.453813
-5.452827
-5.454142
-5.454471
-5.446909
-5.450197
-5.450854
-5.447238
-5.446580
-5.454800
-5.453156
-5.436717
-5.441978
-5.437046
-5.441320
-5.439676
-5.453485
-5.453156
-5.450197
-5.451512
-5.452498
-5.452827
-5.446251
-5.454471
-5.453156
-5.451841
-5.453813
-5.454142
-5.453485
-5.444279
-5.452169
-5.451841
-5.450854
-5.448553
-5.453813
-5.453485
-5.438690
-5.442635
-5.438032
-5.436388
-5.438361
-5.455457
-5.453156
-5.443950
-5.443950
-5.446909
-5.447238
-5.440005
-5.454471
-5.452169
-5.452498
-5.452169
-5.452498
-5.451841
-5.443950
-5.453485
-5.452827
-5.453485
-5.453156
-5.454471
-5.448882
-5.450526
-5.453813
-5.454142
-5.452169
-5.453156
-5.454800
-5.446251
-5.449539
-5.449211
-5.438361
-5.439019
-5.454800
-5.453156
-5.438032
-5.437375
-5.437704
-5.442964
-5.440005
-5.454142
-5.451841
-5.447896
-5.449539
-5.452827
-5.452169
-5.439347
-5.454142
-5.452827
-5.450854
-5.453156
-5.453813
-5.446909
-5.452169
-5.453485
-5.452498
-5.453156
-5.453156
-5.454471
-5.451183
-5.438690
-5.437375
-5.440333
-5.446251
-5.445923
-5.453485
