5.500000
5.500117
5.500254
5.500414
5.500596
5.500801
5.501030
5.501282
5.501556
5.501851
5.502164
5.502492
5.502831
5.503175
5.503518
5.503853
5.504170
5.504459
5.504710
5.504908
5.505040
5.505090
5.505044
5.504882
5.504589
5.504146
5.503537
5.502746
5.501757
5.500557
5.499138
5.497492
5.495618
5.493519
5.491204
5.488688
5.485996
5.483158
5.480213
5.477208
5.474198
5.471246
5.468421
5.465796
5.463449
5.461462
5.459912
5.458879
5.458432
5.458637
5.459549
5.461210
5.463647
5.466875
5.470886
5.475659
5.481154
5.487313
5.494061
5.501311
5.508959
5.516892
5.524988
5.533118
5.541152
5.548956
5.556403
5.563365
5.569726
5.575375
5.580214
5.584157
5.587132
5.589081
5.589962
5.589749
5.588431
5.586014
5.582519
5.577981
5.572452
5.565995
5.558686
5.550612
5.541871
5.532568
5.522816
5.512732
5.502439
5.492061
5.481725
5.471553
5.461670
5.452194
5.443238
5.434910
5.427309
5.420527
5.414644
5.409730
5.405846
5.403035
5.401334
5.400763
5.401329
5.403027
5.405838
5.409731
5.414660
5.420571
5.427396
5.435055
5.443463
5.452521
5.462128
5.472172
5.482538
5.493109
5.503762
5.514376
5.524829
5.535002
5.544778
5.554046
5.562699
5.570639
5.577774
5.584023
5.589315
5.593589
5.596796
5.598900
5.599875
5.599713
5.598413
5.595991
5.592474
5.587902
5.582328
5.575815
5.568437
5.560279
5.551433
5.542000
5.532089
5.521811
5.511284
5.500628
5.489965
5.479416
5.469101
5.459139
5.449642
5.440719
5.432471
5.424994
5.418371
5.412678
5.407981
5.404333
5.401775
5.400337
5.400035
5.400872
5.402840
5.405914
5.410061
5.415234
5.421373
5.428408
5.436259
5.444836
5.454042
5.463773
5.473916
5.484357
5.494976
5.505652
5.516263
5.526690
5.536812
5.546515
5.555687
5.564225
5.572031
5.579015
5.585099
5.590213
5.594299
5.597310
5.599211
5.599982
5.599613
5.598109
5.595486
5.591775
5.587018
5.581269
5.574594
5.567069
5.558778
5.549819
5.540291
5.530303
5.519971
5.509411
5.498744
5.488091
5.477573
5.467311
5.457422
5.448018
5.439207
5.431088
5.423756
5.417292
5.411771
5.407256
5.403797
5.401435
5.400198
5.400097
5.401135
5.403300
5.406567
5.410899
5.416247
5.422550
5.429735
5.437721
5.446417
5.455724
5.465536
5.475740
5.486221
5.496859
5.507533
5.518121
5.528502
5.538558
5.548175
5.557243
5.565659
5.573326
5.580157
5.586074
5.591011
5.594910
5.597727
5.599430
5.600000
5.599430
5.597727
5.594910
5.591011
5.586074
5.580157
5.573326
5.565659
5.557243
5.548175
5.538558
5.528502
5.518121
5.507533
5.496859
5.486221
5.475740
5.465536
5.455724
5.446417
5.437721
5.429735
5.422550
5.416247
5.410899
5.406567
5.403300
5.401135
5.400097
5.400198
5.401435
5.403797
5.407256
5.411771
5.417292
5.423756
5.431088
5.439207
5.448018
5.457422
5.467311
5.477573
5.488091
5.498744
5.509411
5.519971
5.530303
5.540291
5.549819
5.558778
5.567069
5.574594
5.581269
5.587018
5.591775
5.595487
5.598109
5.599613
5.599982
5.599212
5.597310
5.594299
5.590213
5.585099
5.579016
5.572031
5.564225
5.555687
5.546515
5.536812
5.526690
5.516263
5.505652
5.494976
5.484356
5.473916
5.463772
5.454042
5.444835
5.436258
5.428406
5.421371
5.415232
5.410059
5.405912
5.402837
5.400869
5.400032
5.400333
5.401771
5.404329
5.407977
5.412674
5.418366
5.424989
5.432467
5.440714
5.449638
5.459135
5.469098
5.479414
5.489964
5.500628
5.511286
5.521814
5.532094
5.542008
5.551444
5.560293
5.568455
5.575836
5.582353
5.587932
5.592508
5.596029
5.598456
5.599761
5.599929
5.598958
5.596859
5.593655
5.589384
5.584095
5.577846
5.570711
5.562769
5.554112
5.544838
5.535053
5.524869
5.514401
5.503769
5.493094
5.482498
5.472101
5.462022
5.452376
5.443273
5.434817
5.427103
5.420220
5.414248
5.409252
5.405290
5.402408
5.400639
5.400002
5.400505
5.402142
5.404894
5.408731
5.413608
5.419469
5.426249
5.433869
5.442243
5.451275
5.460863
5.470896
5.481262
5.491841
5.502513
5.513156
5.523650
5.533874
5.543712
5.553051
5.561786
5.569817
5.577051
5.583408
5.588814
5.593207
5.596538
5.598769
5.599874
5.599840
5.598669
5.596373
5.592978
5.588523
5.583060
5.576649
5.569366
5.561291
5.552517
5.543146
5.533282
5.523039
5.512533
5.501885
5.491215
5.480645
5.470296
5.460285
5.450727
5.441731
5.433399
5.425826
5.419098
5.413293
5.408476
5.404702
5.402015
5.400444
5.400008
5.400712
5.402547
5.405494
5.409517
5.414572
5.420601
5.427535
5.435295
5.443792
5.452929
5.462604
5.472705
5.483117
5.493721
5.504397
5.515023
5.525477
5.535641
5.545399
5.554639
5.563257
5.571154
5.578239
5.584433
5.589664
5.593874
5.597013
5.599046
5.599951
5.599716
5.598344
5.595852
5.592267
5.587631
5.581995
5.575425
5.567996
5.559791
5.550904
5.541438
5.531498
5.521201
5.510661
5.500000
5.489339
5.478799
5.468502
5.458562
5.449096
5.440209
5.432004
5.424575
5.418005
5.412369
5.407733
5.404148
5.401656
5.400284
5.400049
5.400954
5.402987
5.406126
5.410336
5.415567
5.421761
5.428846
5.436743
5.445361
5.454601
5.464359
5.474523
5.484977
5.495603
5.506279
5.516883
5.527295
5.537396
5.547071
5.556208
5.564705
5.572465
5.579399
5.585428
5.590483
5.594506
5.597453
5.599288
5.599992
5.599556
5.597985
5.595298
5.591524
5.586707
5.580902
5.574174
5.566601
5.558269
5.549273
5.539715
5.529704
5.519355
5.508785
5.498115
5.487467
5.476961
5.466718
5.456854
5.447483
5.438709
5.430634
5.423351
5.416940
5.411477
5.407022
5.403627
5.401331
5.400160
5.400126
5.401231
5.403462
5.406793
5.411186
5.416592
5.422949
5.430183
5.438214
5.446949
5.456288
5.466126
5.476350
5.486844
5.497487
5.508159
5.518738
5.529104
5.539137
5.548725
5.557757
5.566131
5.573751
5.580531
5.586392
5.591269
5.595106
5.597858
5.599495
5.599998
5.599361
5.597592
5.594710
5.590748
5.585752
5.579780
5.572897
5.565183
5.556727
5.547624
5.537978
5.527899
5.517502
5.506906
5.496231
5.485599
5.475131
5.464947
5.455162
5.445888
5.437231
5.429289
5.422154
5.415905
5.410616
5.406345
5.403141
5.401042
5.400071
5.400239
5.401544
5.403971
5.407492
5.412068
5.417647
5.424164
5.431545
5.439707
5.448556
5.457992
5.467906
5.478186
5.488714
5.499372
5.510036
5.520586
5.530902
5.540865
5.550362
5.559286
5.567533
5.575011
5.581634
5.587326
5.592023
5.595671
5.598229
5.599667
5.599968
5.599131
5.597163
5.594088
5.589941
5.584768
5.578629
5.571594
5.563743
5.555165
5.545958
5.536228
5.526084
5.515644
5.505024
5.494348
5.483737
5.473310
5.463188
5.453485
5.444313
5.435775
5.427969
5.420984
5.414901
5.409787
5.405701
5.402690
5.400788
5.400018
5.400387
5.401891
5.404513
5.408225
5.412982
5.418731
5.425406
5.432931
5.441221
5.450181
5.459709
5.469697
5.480029
5.490589
5.501256
5.511909
5.522427
5.532689
5.542578
5.551982
5.560793
5.568912
5.576244
5.582708
5.588229
5.592744
5.596203
5.598565
5.599802
5.599903
5.598865
5.596700
5.593433
5.589101
5.583753
5.577450
5.570265
5.562279
5.553583
5.544276
5.534464
5.524260
5.513779
5.503141
5.492467
5.481879
5.471498
5.461442
5.451825
5.442757
5.434341
5.426674
5.419843
5.413926
5.408989
5.405090
5.402273
5.400570
5.400000
5.400570
5.402273
5.405090
5.408989
5.413926
5.419843
5.426674
5.434341
5.442757
5.451825
5.461442
5.471498
5.481879
5.492467
5.503141
5.513779
5.524260
5.534464
5.544276
5.553583
5.562279
5.570265
5.577450
5.583753
5.589101
5.593433
5.596700
5.598865
5.599903
5.599802
5.598565
5.596203
5.592744
5.588229
5.582708
5.576244
5.568912
5.560793
5.551982
5.542578
5.532689
5.522427
5.511909
5.501256
5.490589
5.480029
5.469697
5.459709
5.450181
5.441221
5.432931
5.425406
5.418731
5.412982
5.408225
5.404513
5.401891
5.400387
5.400018
5.400788
5.402690
5.405701
5.409787
5.414901
5.420984
5.427969
5.435775
5.444313
5.453485
5.463188
5.473310
5.483737
5.494348
5.505024
5.515644
5.526084
5.536228
5.545958
5.555165
5.563743
5.571594
5.578629
5.584768
5.589941
5.594088
5.597163
5.599131
5.599968
5.599667
5.598229
5.595671
5.592023
5.587326
5.581634
5.575011
5.567533
5.559286
5.550362
5.540865
5.530902
5.520586
5.510036
5.499372
5.488714
5.478186
5.467906
5.457992
5.448556
5.439707
5.431545
5.424164
5.417647
5.412068
5.407492
5.403971
5.401544
5.400239
5.400071
5.401042
5.403141
5.406345
5.410616
5.415905
5.422154
5.429289
5.437231
5.445888
5.455162
5.464947
5.475131
5.485599
5.496231
5.506906
5.517502
5.527899
5.537978
5.547624
5.556727
5.565183
5.572897
5.579780
5.585752
5.590748
5.594710
5.597592
5.599361
5.599998
5.599495
5.597858
5.595106
5.591269
5.586392
5.580531
5.573751
5.566131
5.557757
5.548725
5.539137
5.529104
5.518738
5.508159
5.497487
5.486844
5.476350
5.466126
5.456288
5.446949
5.438214
5.430183
5.422949
5.416592
5.411186
5.406793
5.403462
5.401231
5.400126
5.400160
5.401331
5.403627
5.407022
5.411477
5.416940
5.423351
5.430634
5.438709
5.447483
5.456854
5.466718
5.476961
5.487467
5.498115
5.508785
5.519355
5.529704
5.539715
5.549273
5.558269
5.566601
5.574174
5.580902
5.586707
5.591524
5.595298
5.597985
5.599556
5.599992
5.599288
5.597453
5.594506
5.590483
5.585428
5.579399
5.572465
5.564705
5.556208
5.547071
5.537396
5.527295
5.516883
5.506279
5.495603
5.484977
5.474523
5.464359
5.454601
5.445361
5.436743
5.428846
5.421761
5.415567
5.410336
5.406126
5.402987
5.400954
5.400049
5.400284
5.401656
5.404148
5.407733
5.412369
5.418005
5.424575
5.432004
5.440209
5.449096
5.458562
5.468502
5.478799
5.489339
5.500000
5.510661
5.521201
5.531498
5.541438
5.550904
5.559791
5.567996
5.575425
5.581995
5.587631
5.592267
5.595852
5.598344
5.599716
5.599951
5.599046
5.597013
5.593874
5.589664
5.584433
5.578239
5.571154
5.563257
5.554639
5.545399
5.535641
5.525477
5.515023
5.504397
5.493721
5.483117
5.472705
5.462604
5.452929
5.443792
5.435295
5.427535
5.420601
5.414572
5.409517
5.405494
5.402547
5.400712
5.400008
5.400444
5.402015
5.404702
5.408476
5.413293
5.419098
5.425826
5.433399
5.441731
5.450727
5.460285
5.470296
5.480645
5.491215
5.501885
5.512533
5.523039
5.533282
5.543146
5.552517
5.561291
5.569366
5.576649
5.583060
5.588523
5.592978
5.596373
5.598669
5.599840
5.599874
5.598769
5.596538
5.593207
5.588814
5.583408
5.577051
5.569817
5.561786
5.553051
5.543712
5.533874
5.523650
5.513156
5.502513
5.491841
5.481262
5.470896
5.460863
5.451275
5.442243
5.433869
5.426249
5.419469
5.413608
5.408731
5.404894
5.402142
5.400505
5.400002
5.400639
5.402408
5.405290
5.409252
5.414248
5.420220
5.427103
5.434817
5.443273
5.452376
5.462022
5.472101
5.482498
5.493094
5.503769
5.514401
5.524869
5.535053
5.544838
5.554112
5.562769
5.570711
5.577846
5.584095
5.589384
5.593655
5.596859
5.598958
5.599929
5.599761
5.598456
5.596029
5.592508
5.587932
5.582353
5.575836
5.568455
5.560293
5.551444
5.542008
5.532094
5.521814
5.511286
5.500628
5.489964
5.479414
5.469098
5.459135
5.449638
5.440714
5.432467
5.424989
5.418366
5.412674
5.407977
5.404329
5.401771
5.400333
5.400032
5.400869
5.402837
5.405912
5.410059
5.415232
5.421371
5.428406
5.436257
5.444835
5.454042
5.463772
5.473916
5.484356
5.494976
5.505652
5.516263
5.526690
5.536812
5.546515
5.555687
5.564225
5.572031
5.579016
5.585099
5.590213
5.594299
5.597310
5.599212
5.599982
5.599613
5.598109
5.595487
5.591775
5.587018
5.581269
5.574594
5.567069
5.558779
5.549819
5.540291
5.530303
5.519971
5.509411
5.498744
5.488091
5.477573
5.467311
5.457422
5.448018
5.439207
5.431088
5.423756
5.417292
5.411771
5.407256
5.403797
5.401435
5.400198
5.400097
5.401135
5.403300
5.406567
5.410899
5.416247
5.422550
5.429735
5.437721
5.446417
5.455724
5.465536
5.475740
5.486221
5.496859
5.507533
5.518121
5.528502
5.538558
5.548175
5.557243
5.565659
5.573326
5.580157
5.586074
5.591011
5.594910
5.597727
5.599430
5.600000
5.599430
5.597727
5.594910
5.591011
5.586074
5.580157
5.573326
5.565659
5.557243
5.548175
5.538558
5.528502
5.518121
5.507533
5.496859
5.486221
5.475740
5.465536
5.455724
5.446417
5.437721
5.429735
5.422550
5.416247
5.410899
5.406567
5.403300
5.401135
5.400097
5.400198
5.401435
5.403797
5.407256
5.411771
5.417292
5.423756
5.431088
5.439207
5.448018
5.457422
5.467311
5.477573
5.488091
5.498744
5.509411
5.519971
5.530303
5.540291
5.549819
5.558779
5.567069
5.574594
5.581269
5.587018
5.591775
5.595487
5.598109
5.599613
5.599982
5.599212
5.597310
5.594299
5.590213
5.585099
5.579016
5.572031
5.564225
5.555687
5.546515
5.536812
5.526690
5.516263
5.505652
5.494976
5.484356
5.473916
5.463772
5.454042
5.444835
5.436257
5.428406
5.421371
5.415232
5.410059
5.405912
5.402837
5.400869
5.400032
5.400333
5.401771
5.404329
5.407977
5.412674
5.418366
5.424989
5.432467
5.440714
5.449638
5.459135
5.469098
5.479414
5.489964
5.500628
5.511286
5.521814
5.532094
5.542008
5.551444
5.560293
5.568455
5.575836
5.582353
5.587932
5.592508
5.596029
5.598456
5.599761
5.599929
5.598958
5.596859
5.593655
5.589384
5.584095
5.577846
5.570711
5.562769
5.554112
5.544838
5.535053
5.524869
5.514401
5.503769
5.493094
5.482498
5.472101
5.462022
5.452376
5.443273
5.434817
5.427103
5.420220
5.414248
5.409252
5.405290
5.402408
5.400639
5.400002
5.400505
5.402142
5.404894
5.408731
5.413608
5.419469
5.426249
5.433869
5.442243
5.451275
5.460863
5.470896
5.481262
5.491841
5.502513
5.513156
5.523650
5.533874
5.543712
5.553051
5.561786
5.569817
5.577051
5.583408
5.588814
5.593207
5.596538
5.598769
5.599874
5.599840
5.598669
5.596373
5.592978
5.588523
5.583060
5.576649
5.569366
5.561291
5.552517
5.543146
5.533282
5.523039
5.512533
5.501885
5.491215
5.480645
5.470296
5.460285
5.450727
5.441731
5.433399
5.425826
5.419098
5.413293
5.408476
5.404702
5.402015
5.400444
5.400008
5.400712
5.402547
5.405494
5.409517
5.414572
5.420601
5.427535
5.435295
5.443792
5.452929
5.462604
5.472705
5.483117
5.493721
5.504397
5.515023
5.525477
5.535641
5.545399
5.554639
5.563257
5.571154
5.578239
5.584433
5.589664
5.593874
5.597013
5.599046
5.599951
5.599716
5.598344
5.595852
5.592267
5.587631
5.581995
5.575425
5.567996
5.559791
5.550904
5.541438
5.531498
5.521201
5.510661
5.500000
5.489339
5.478799
5.468502
5.458562
5.449096
5.440209
5.432004
5.424575
5.418005
5.412369
5.407733
5.404148
5.401656
5.400284
5.400049
5.400954
5.402987
5.406126
5.410336
5.415567
5.421761
5.428846
5.436743
5.445361
5.454601
5.464359
5.474523
5.484977
5.495603
5.506279
5.516883
5.527295
5.537396
5.547071
5.556208
5.564705
5.572465
5.579399
5.585428
5.590483
5.594506
5.597453
5.599288
5.599992
5.599556
5.597985
5.595298
5.591524
5.586707
5.580902
5.574174
5.566601
5.558269
5.549273
5.539715
5.529704
5.519355
5.508785
5.498115
5.487467
5.476961
5.466718
5.456854
5.447483
5.438709
5.430634
5.423351
5.416940
5.411477
5.407022
5.403627
5.401331
5.400160
5.400126
5.401231
5.403462
5.406793
5.411186
5.416592
5.422949
5.430183
5.438214
5.446949
5.456288
5.466126
5.476350
5.486844
5.497487
5.508159
5.518738
5.529104
5.539137
5.548725
5.557757
5.566131
5.573751
5.580531
5.586392
5.591269
5.595106
5.597858
5.599495
5.599998
5.599361
5.597592
5.594710
5.590748
5.585752
5.579780
5.572897
5.565183
5.556727
5.547624
5.537978
5.527899
5.517502
5.506906
5.496231
5.485599
5.475131
5.464947
5.455162
5.445888
5.437231
5.429289
5.422154
5.415905
5.410616
5.406345
5.403141
5.401042
5.400071
5.400239
5.401544
5.403971
5.407492
5.412068
5.417647
5.424164
5.431545
5.439707
5.448556
5.457992
5.467906
5.478186
5.488714
5.499372
5.510036
5.520586
5.530902
5.540865
5.550362
5.559286
5.567533
5.575011
5.581634
5.587326
5.592023
5.595671
5.598229
5.599667
5.599968
5.599131
5.597163
5.594088
5.589941
5.584768
5.578629
5.571594
5.563743
5.555165
5.545958
5.536228
5.526084
5.515644
5.505024
5.494348
5.483737
5.473310
5.463188
5.453485
5.444313
5.435775
5.427969
5.420984
5.414901
5.409787
5.405701
5.402690
5.400788
5.400018
5.400387
5.401891
5.404513
5.408225
5.412982
5.418731
5.425406
5.432931
5.441221
5.450181
5.459709
5.469697
5.480029
5.490589
5.501256
5.511909
5.522427
5.532689
5.542578
5.551982
5.560793
5.568912
5.576244
5.582708
5.588229
5.592744
5.596203
5.598565
5.599802
5.599903
5.598865
5.596700
5.593433
5.589101
5.583753
5.577450
5.570265
5.562279
5.553583
5.544276
5.534464
5.524260
5.513779
5.503141
5.492467
5.481879
5.471498
5.461442
5.451825
5.442757
5.434341
5.426674
5.419843
5.413926
5.408989
5.405090
5.402273
5.400570
5.400000
5.400570
5.402273
5.405090
5.408989
5.413926
5.419843
5.426674
5.434341
5.442757
5.451825
5.461442
5.471498
5.481879
5.492467
5.503141
5.513779
5.524260
5.534464
5.544276
5.553583
5.562279
5.570265
5.577450
5.583753
5.589101
5.593433
5.596700
5.598865
5.599903
5.599802
5.598565
5.596203
5.592744
5.588229
5.582708
5.576244
5.568912
5.560793
5.551982
5.542578
5.532689
5.522427
5.511909
5.501256
5.490589
5.480029
5.469697
5.459709
5.450181
5.441221
5.432931
5.425406
5.418731
5.412982
5.408225
5.404513
5.401891
5.400387
5.400018
5.400788
5.402690
5.405701
5.409787
5.414901
5.420984
5.427969
5.435775
5.444313
5.453485
5.463188
5.473310
5.483737
5.494348
5.505024
5.515644
5.526084
5.536228
5.545958
5.555165
5.563743
5.571594
5.578629
5.584768
5.589941
5.594088
5.597163
5.599131
5.599968
5.599667
5.598229
5.595671
5.592023
5.587326
5.581634
5.575011
5.567533
5.559286
5.550362
5.540865
5.530902
5.520586
5.510036
5.499372
5.488714
5.478186
5.467906
5.457992
5.448556
5.439707
5.431545
5.424164
5.417647
5.412068
5.407492
5.403971
5.401544
5.400239
5.400071
5.401042
5.403141
5.406345
5.410616
5.415905
5.422154
5.429289
5.437231
5.445888
5.455162
5.464947
5.475131
5.485599
5.496231
5.506906
5.517502
5.527899
5.537978
5.547624
5.556727
5.565183
5.572897
5.579780
5.585752
5.590748
5.594710
5.597592
5.599361
5.599998
5.599495
5.597858
5.595106
5.591269
5.586392
5.580531
5.573751
5.566131
5.557757
5.548725
5.539137
5.529104
5.518738
5.508159
5.497487
5.486844
5.476350
5.466126
5.456288
5.446949
5.438214
5.430183
5.422949
5.416592
5.411186
5.406793
5.403462
5.401231
5.400126
5.400160
5.401331
5.403627
5.407022
5.411477
5.416940
5.423351
5.430634
5.438709
5.447483
5.456854
5.466718
5.476961
5.487467
5.498115
5.508785
5.519355
5.529704
5.539715
5.549273
5.558269
5.566601
5.574174
5.580902
5.586707
5.591524
5.595298
5.597985
5.599556
5.599992
5.599288
5.597453
5.594506
5.590483
5.585428
5.579399
5.572465
5.564705
5.556208
5.547071
5.537396
5.527295
5.516883
5.506279
5.495603
5.484977
5.474523
5.464359
5.454601
5.445361
5.436743
5.428846
5.421761
5.415567
5.410336
5.406126
5.402987
5.400954
5.400049
5.400284
5.401656
5.404148
5.407733
5.412369
5.418005
5.424575
5.432004
5.440209
5.449096
5.458562
5.468502
5.478799
5.489339
5.500000
5.510661
5.521201
5.531498
5.541438
5.550904
5.559791
5.567996
5.575425
5.581995
5.587631
5.592267
5.595852
5.598344
5.599716
5.599951
5.599046
5.597013
5.593874
5.589664
5.584433
5.578239
5.571154
5.563257
5.554639
5.545399
5.535641
5.525477
5.515023
5.504397
5.493721
5.483117
5.472705
5.462604
5.452929
5.443792
5.435295
5.427535
5.420601
5.414572
5.409517
5.405494
5.402547
5.400712
5.400008
5.400444
5.402015
5.404702
5.408476
5.413293
5.419098
5.425826
5.433399
5.441731
5.450727
5.460285
5.470296
5.480645
5.491215
5.501885
5.512533
5.523039
5.533282
5.543146
5.552517
5.561291
5.569366
5.576649
5.583060
5.588523
5.592978
5.596372
5.598669
5.599840
5.599874
5.598769
5.596538
5.593207
5.588814
5.583408
5.577051
5.569817
5.561786
5.553051
5.543712
5.533874
5.523650
5.513156
5.502513
5.491841
5.481262
5.470896
5.460863
5.451275
5.442243
5.433869
5.426249
5.419469
5.413608
5.408731
5.404894
5.402142
5.400505
5.400002
5.400639
5.402408
5.405290
5.409252
5.414248
5.420220
5.427103
5.434817
5.443273
5.452376
5.462022
5.472101
5.482498
5.493094
5.503769
5.514401
5.524869
5.535053
5.544838
5.554112
5.562769
5.570711
5.577846
5.584095
5.589384
5.593655
5.596859
5.598958
5.599929
5.599761
5.598456
5.596029
5.592508
5.587932
5.582353
5.575836
5.568455
5.560293
5.551444
5.542008
5.532094
5.521814
5.511286
5.500628
5.489964
5.479414
5.469098
5.459135
5.449638
5.440714
5.432467
5.424989
5.418366
5.412674
5.407977
5.404329
5.401772
5.400333
5.400032
5.400869
5.402837
5.405912
5.410060
5.415233
5.421371
5.428407
5.436258
5.444836
5.454042
5.463773
5.473916
5.484357
5.494976
5.505652
5.516263
5.526690
5.536812
5.546515
5.555687
5.564224
5.572030
5.579014
5.585098
5.590211
5.594296
5.597307
5.599208
5.599979
5.599610
5.598105
5.595482
5.591771
5.587014
5.581264
5.574589
5.567064
5.558774
5.549814
5.540287
5.530301
5.519969
5.509410
5.498744
5.488092
5.477577
5.467317
5.457430
5.448030
5.439221
5.431106
5.423777
5.417317
5.411800
5.407290
5.403836
5.401479
5.400246
5.400150
5.401193
5.403362
5.406633
5.410968
5.416318
5.422621
5.429806
5.437790
5.446483
5.455783
5.465586
5.475779
5.486245
5.496865
5.507517
5.518079
5.528430
5.538451
5.548028
5.557052
5.565418
5.573031
5.579804
5.585660
5.590530
5.594360
5.597107
5.598740
5.599239
5.598601
5.596835
5.593960
5.590014
5.585042
5.579104
5.572271
5.564625
5.556257
5.547267
5.537763
5.527858
5.517673
5.507329
5.496952
5.486666
5.476596
5.466864
5.457588
5.448880
5.440845
5.433581
5.427173
5.421696
5.417215
5.413778
5.411421
5.410164
5.410011
5.410953
5.412961
5.415991
5.419988
5.424876
5.430570
5.436970
5.443966
5.451441
5.459268
5.467318
5.475458
5.483556
5.491487
5.499126
5.506361
5.513091
5.519227
5.524694
5.529437
5.533415
5.536608
5.539010
5.540635
5.541511
5.541682
5.541203
5.540138
5.538560
5.536547
5.534178
5.531533
5.528691
5.525725
5.522705
5.519691
5.516741
5.513900
5.511207
5.508693
5.506380
5.504285
5.502416
5.500776
5.499363
5.498171
5.497189
5.496405
5.495803
5.495368
5.495080
5.494925
5.494884
5.494940
5.495077
5.495280
5.495534
5.495827
5.496147
5.496484
5.496829
5.497175
5.497515
5.497843
5.498157
5.498452
5.498726
5.498979
5.499207
5.499413
5.499594
5.499753
5.499890
5.500006
