-3.379582
-3.855975
-4.097952
-4.420807
-4.548700
-4.780485
-4.834404
-5.010298
-5.022791
-5.162520
-5.142794
-5.260494
-5.227288
-5.327564
-5.281865
-5.372277
-5.319674
-5.400552
-5.340386
-5.415347
-5.353866
-5.428826
-5.365702
-5.439019
-5.378524
-5.446909
-5.386415
-5.453813
-5.393648
-5.457101
-5.396935
-5.461046
-5.400552
-5.463019
-5.402524
-5.464992
-5.405812
-5.463348
-5.401538
-5.458416
-5.402196
-5.459731
-5.405484
-5.463676
-5.408114
-5.465649
-5.411730
-5.467622
-5.409758
-5.465978
-5.414361
-5.467622
-5.416004
-5.468608
-5.418634
-5.467950
-5.416991
-5.466307
-5.415347
-5.461375
-5.416662
-5.464663
-5.418306
-5.463019
-5.418634
-5.464992
-5.420936
-5.463348
-5.422580
-5.465649
-5.424881
-5.466636
-5.427511
-5.467950
-5.428169
-5.465978
-5.427840
-5.463676
-5.425868
-5.459731
-5.427511
-5.463348
-5.430141
-5.464334
-5.431786
-5.464992
-5.434087
-5.465649
-5.435073
-5.465649
-5.437046
-5.465978
-5.438690
-5.465978
-5.437704
-5.463348
-5.438032
-5.464005
-5.440662
-5.464005
-5.437704
-5.458087
-5.437375
-5.459074
-5.440333
-5.458745
-5.439676
-5.459074
-5.441320
-5.456443
-5.439347
-5.453156
-5.440662
-5.455786
-5.442635
-5.456443
-5.445265
-5.458416
-5.447567
-5.456443
-5.445923
-5.455786
-5.448224
-5.456443
-5.449539
-5.453485
-5.447896
-5.453156
-5.446251
-5.451841
-5.446909
-5.452498
-5.450526
-5.453485
-5.452169
-5.452498
-5.449539
-5.452169
-5.453156
-5.452498
-5.453485
-5.452827
-5.455457
-5.453813
-5.456443
-5.452169
-5.456115
-5.452498
-5.457758
-5.452498
-5.458087
-5.449868
-5.454471
-5.448224
-5.456115
-5.448882
-5.456443
-5.445594
-5.453156
-5.443293
-5.454471
-5.444936
-5.456772
-5.442306
-5.455786
-5.440662
-5.454800
-5.442964
-5.456443
-5.439347
-5.455786
-5.437704
-5.454800
-5.440005
-5.458745
-5.440991
-5.457430
-5.436388
-5.457430
-5.438690
-5.461046
-5.440662
-5.462033
-5.435402
-5.457430
-5.434087
-5.460718
-5.436059
-5.463019
-5.433758
-5.460718
-5.430141
-5.460389
-5.432114
-5.459731
-5.430141
-5.464005
-5.430799
-5.461704
-5.427840
-5.461704
-5.428498
-5.465649
-5.429484
-5.467622
-5.426854
-5.465321
-5.427511
-5.468279
-5.427183
-5.469594
-5.427840
-5.471238
-5.428498
-5.471896
-5.424224
-5.468608
-5.423566
-5.470910
-5.424881
-5.469265
-5.422909
-5.470910
-5.419292
-5.468279
-5.416004
-5.468608
-5.418634
-5.471238
-5.420279
-5.472553
-5.419621
-5.473868
-5.420279
-5.473868
-5.418963
-5.474526
-5.418963
-5.475841
-5.418306
-5.471896
-5.413703
-5.471896
-5.414361
-5.474855
-5.413374
-5.474197
-5.413374
-5.470581
-5.410744
-5.472882
-5.407785
-5.473211
-5.410744
-5.474855
-5.410415
-5.472553
-5.407127
-5.474855
-5.408442
-5.475513
-5.408772
-5.477485
-5.409429
-5.479129
-5.408442
-5.477485
-5.407456
-5.477814
-5.406141
-5.478143
-5.405812
-5.478800
-5.405484
-5.478471
-5.401209
-5.477156
-5.402196
-5.478800
-5.402196
-5.479458
-5.401538
-5.480444
-5.400881
-5.476828
-5.397264
-5.475183
-5.393977
-5.475841
-5.391017
-5.476170
-5.393648
-5.478143
-5.394305
-5.479129
-5.394305
-5.480773
-5.389374
-5.474526
-5.387072
-5.475513
-5.385757
-5.476499
-5.387401
-5.478800
-5.388387
-5.480115
-5.388059
-5.481102
-5.383784
-5.478143
-5.384113
-5.478800
-5.380168
-5.478143
-5.382141
-5.478143
-5.377538
-5.475513
-5.378524
-5.475183
-5.378195
-5.478471
-5.378524
-5.479129
-5.379182
-5.480115
-5.378524
-5.481431
-5.378524
-5.481102
-5.378524
-5.482088
-5.379182
-5.480773
-5.376552
-5.481431
-5.374907
-5.477814
-5.371291
-5.478471
-5.373592
-5.478471
-5.371620
-5.478800
-5.372606
-5.477156
-5.371291
-5.479786
-5.371620
-5.480115
-5.372277
-5.479458
-5.371949
-5.480773
-5.370962
-5.481431
-5.371620
-5.480773
-5.370634
-5.481431
-5.368989
-5.479458
-5.366688
-5.479786
-5.368332
-5.480444
-5.366360
-5.476499
-5.362414
-5.473540
-5.362743
-5.476499
-5.361428
-5.476170
-5.363729
-5.477814
-5.365045
-5.480444
-5.361757
-5.478471
-5.363072
-5.478471
-5.363072
-5.480444
-5.362743
-5.479129
-5.362085
-5.476170
-5.356825
-5.475841
-5.358798
-5.479129
-5.359127
-5.479129
-5.360113
-5.481102
-5.357154
-5.480115
-5.359455
-5.481102
-5.359127
-5.482417
-5.359784
-5.480444
-5.358798
-5.482088
-5.359455
-5.483074
-5.360113
-5.482417
-5.358469
-5.482417
-5.358798
-5.481759
-5.358140
-5.482417
-5.356825
-5.481102
-5.356825
-5.477485
-5.352222
-5.478471
-5.356825
-5.477156
-5.353209
-5.474197
-5.350250
-5.475183
-5.354524
-5.477814
-5.352222
-5.474197
-5.350250
-5.472225
-5.352880
-5.477156
-5.353209
-5.475513
-5.353866
-5.476170
-5.353209
-5.477485
-5.357811
-5.479129
-5.358798
-5.481102
-5.360113
-5.481431
-5.361099
-5.482745
-5.362085
-5.482417
-5.362414
-5.481759
-5.363072
-5.483732
-5.363729
-5.483732
-5.364058
-5.484060
-5.362743
-5.482745
-5.364058
-5.483403
-5.364387
-5.484389
-5.364716
-5.484718
-5.366031
-5.484060
-5.366360
-5.485047
-5.367675
-5.484718
-5.368003
-5.485047
-5.368332
-5.484718
-5.365045
-5.483403
-5.366688
-5.482745
-5.367346
-5.482088
-5.364387
-5.481431
-5.367017
-5.481431
-5.367346
-5.481431
-5.369318
-5.482745
-5.367346
-5.481759
-5.370962
-5.483074
-5.371620
-5.483732
-5.371949
-5.484389
-5.372935
-5.482745
-5.372935
-5.481431
-5.372935
-5.482417
-5.369976
-5.478143
-5.370305
-5.479786
-5.373592
-5.479129
-5.373592
-5.481759
-5.376552
-5.483403
-5.377538
-5.483403
-5.377867
-5.484060
-5.379510
-5.484389
-5.378524
-5.483732
-5.380826
-5.482417
-5.378524
-5.480773
-5.379182
-5.482417
-5.380168
-5.480444
-5.375237
-5.476499
-5.374250
-5.478471
-5.378195
-5.477485
-5.377867
-5.478143
-5.379510
-5.480773
-5.382141
-5.479786
-5.382141
-5.481759
-5.384442
-5.484060
-5.386086
-5.483732
-5.386086
-5.484718
-5.387730
-5.485375
-5.388059
-5.484718
-5.389045
-5.484718
-5.388716
-5.483074
-5.386415
-5.483732
-5.388716
-5.480115
-5.384113
-5.476170
-5.381483
-5.477814
-5.385428
-5.479458
-5.388716
-5.482088
-5.391346
-5.483732
-5.389374
-5.481759
-5.392662
-5.483403
-5.394634
-5.481759
-5.395620
-5.483403
-5.392662
-5.481431
-5.394963
-5.483074
-5.398251
-5.480773
-5.396935
-5.482745
-5.399566
-5.483732
-5.400223
-5.482417
-5.402196
-5.482417
-5.400223
-5.481102
-5.399237
-5.480773
-5.400881
-5.480444
-5.402853
-5.481431
-5.405155
-5.483074
-5.403840
-5.481431
-5.407127
-5.482088
-5.408114
-5.480444
-5.408442
-5.481759
-5.406799
-5.477156
-5.404826
-5.477814
-5.409100
-5.478143
-5.409758
-5.480444
-5.412716
-5.481102
-5.410087
-5.478800
-5.409100
-5.476499
-5.412059
-5.478471
-5.415676
-5.477485
-5.415676
-5.478800
-5.414689
-5.475841
-5.412716
-5.476170
-5.412716
-5.475183
-5.416991
-5.477485
-5.419292
-5.478143
-5.421265
-5.480115
-5.420607
-5.474855
-5.417977
-5.476170
-5.420607
-5.477156
-5.423566
-5.477485
-5.423237
-5.473211
-5.423566
-5.472553
-5.423566
-5.474855
-5.426196
-5.475183
-5.424224
-5.474855
-5.424224
-5.472553
-5.427511
-5.474526
-5.431128
-5.473211
-5.430799
-5.473540
-5.427511
-5.468937
-5.428826
-5.471567
-5.428826
-5.470581
-5.432772
-5.472553
-5.435073
-5.469265
-5.434744
-5.467622
-5.434416
-5.470252
-5.437704
-5.472225
-5.436717
-5.470252
-5.437375
-5.468937
-5.435731
-5.464992
-5.438361
-5.467293
-5.440662
-5.468608
-5.442964
-5.469594
-5.443621
-5.468937
-5.447238
-5.466636
-5.441978
-5.460718
-5.442635
-5.464334
-5.445265
-5.465321
-5.446909
-5.464992
-5.448882
-5.462033
-5.448553
-5.460060
-5.446580
-5.461375
-5.448882
-5.463019
-5.448553
-5.461704
-5.451512
-5.461704
-5.452498
-5.461046
-5.453813
-5.460389
-5.453156
-5.460718
-5.454800
-5.461704
-5.456772
-5.461046
-5.457430
-5.460060
-5.457101
-5.458416
-5.456115
-5.458087
-5.455128
-5.455786
-5.457430
-5.457101
-5.459403
-5.457101
-5.460060
-5.456772
-5.460718
-5.456443
-5.459731
-5.455128
-5.461046
-5.452498
-5.459731
-5.453813
-5.461046
-5.454142
-5.461375
-5.453813
-5.463348
-5.453813
-5.463348
-5.452827
-5.461704
-5.452169
-5.463019
-5.447567
-5.458087
-5.443950
-5.459731
-5.446909
-5.458416
-5.445594
-5.461704
-5.446580
-5.464663
-5.447238
-5.463019
-5.445594
-5.465649
-5.445594
-5.467293
-5.446580
-5.464663
-5.442964
-5.466307
-5.442635
-5.467622
-5.442964
-5.469594
-5.441320
-5.469265
-5.440333
-5.467293
-5.438361
-5.470252
-5.438032
-5.466636
-5.431457
-5.464005
-5.428826
-5.466307
-5.433101
-5.464992
-5.426854
-5.464334
-5.427511
-5.464663
-5.427840
-5.469265
-5.427511
-5.468937
-5.427511
-5.470581
-5.427840
-5.473540
-5.427511
-5.473211
-5.428498
-5.475183
-5.424881
-5.473868
-5.426525
-5.475183
-5.427183
-5.476499
-5.427511
-5.475513
-5.425539
-5.477485
-5.425210
-5.477156
-5.424881
-5.478471
-5.424224
-5.474197
-5.416991
-5.470581
-5.413374
-5.472553
-5.416991
-5.474855
-5.416662
-5.474197
-5.416333
-5.472225
-5.415347
-5.476170
-5.415676
-5.477156
-5.416004
-5.478143
-5.412059
-5.476828
-5.414689
-5.478143
-5.414361
-5.479458
-5.414689
-5.476499
-5.411730
-5.479129
-5.411730
-5.480115
-5.411730
-5.481102
-5.408442
-5.478800
-5.407785
-5.475183
-5.405155
-5.478471
-5.406470
-5.476499
-5.401209
-5.472882
-5.398251
-5.476170
-5.399566
-5.477485
-5.401538
-5.479458
-5.402196
-5.481759
-5.401867
-5.482088
-5.401209
-5.482417
-5.401209
-5.483403
-5.396278
-5.481431
-5.397264
-5.482417
-5.397593
-5.482745
-5.393977
-5.482088
-5.394963
-5.482088
-5.392662
-5.480773
-5.387730
-5.479786
-5.389702
-5.480444
-5.388387
-5.481102
-5.385099
-5.481102
-5.386744
-5.478800
-5.381483
-5.475183
-5.378195
-5.476828
-5.381812
-5.479458
-5.382141
-5.481431
-5.384113
-5.483074
-5.379839
-5.481759
-5.381483
-5.482088
-5.380497
-5.481759
-5.380826
-5.483074
-5.379182
-5.483403
-5.379510
-5.484060
-5.380497
-5.482745
-5.378524
-5.483403
-5.377538
-5.484060
-5.376880
-5.483403
-5.377209
-5.482745
-5.373921
-5.480773
-5.371949
-5.481759
-5.373592
-5.478471
-5.370634
-5.479458
-5.371620
-5.481759
-5.373592
-5.483403
-5.373921
-5.484389
-5.374579
-5.485047
-5.371620
-5.483732
-5.371949
-5.482417
-5.369976
-5.481102
-5.370962
-5.483403
-5.368003
-5.478143
-5.364058
-5.475183
-5.365045
-5.479458
-5.365045
-5.477485
-5.361757
-5.474526
-5.358798
-5.476499
-5.361757
-5.475183
-5.358798
-5.472882
-5.356825
-5.476828
-5.361428
-5.475513
-5.357811
-5.473868
-5.354524
-5.475841
-5.359455
-5.476828
-5.357482
-5.478143
-5.357811
-5.480773
-5.361099
-5.482417
-5.361428
-5.483403
-5.362085
-5.485047
-5.361757
-5.485047
-5.362085
-5.484718
-5.360442
-5.483732
-5.357154
-5.482745
-5.359127
-5.479786
-5.354195
-5.476828
-5.354853
-5.479786
-5.355181
-5.480115
-5.358140
-5.482417
-5.360113
-5.483074
-5.360442
-5.483403
-5.360113
-5.484060
-5.361099
-5.481102
-5.359455
-5.482417
-5.356825
-5.477814
-5.354524
-5.478143
-5.358140
-5.477156
-5.357482
-5.481431
-5.360442
-5.482745
-5.362743
-5.480115
-5.360770
-5.483074
-5.362414
-5.484718
-5.364058
-5.484389
-5.364716
-5.484718
-5.363729
-5.484389
-5.363729
-5.484718
-5.364716
-5.481759
-5.361099
-5.481102
-5.362743
-5.483732
-5.361099
-5.482745
-5.364058
-5.483732
-5.365373
-5.484718
-5.362743
-5.482745
-5.366031
-5.484718
-5.367017
-5.484718
-5.364716
-5.483403
-5.366360
-5.483074
-5.366688
-5.483732
-5.366031
-5.483403
-5.365702
-5.479458
-5.362085
-5.477814
-5.365373
-5.480773
-5.367346
-5.482417
-5.370305
-5.484389
-5.371620
-5.485047
-5.372935
-5.485704
-5.373264
-5.485375
-5.373921
-5.483403
-5.373264
-5.483403
-5.369976
-5.477485
-5.366688
-5.479786
-5.371949
-5.478800
-5.371949
-5.483074
-5.374907
-5.484389
-5.373921
-5.483732
-5.375894
-5.482745
-5.374250
-5.479458
-5.375237
-5.482417
-5.377209
-5.484389
-5.379839
-5.485375
-5.381155
-5.485704
-5.382470
-5.483074
-5.378195
-5.480444
-5.378853
-5.483403
-5.378524
-5.482417
-5.382141
-5.484389
-5.383456
-5.484718
-5.384113
-5.484718
-5.381812
-5.480115
-5.380168
-5.482417
-5.383784
-5.483732
-5.385428
-5.485704
-5.387072
-5.486362
-5.384771
-5.484718
-5.384771
-5.480115
-5.382470
-5.480115
-5.385428
-5.482745
-5.388059
-5.484718
-5.389702
-5.486033
-5.391346
-5.486362
-5.392333
-5.486033
-5.389045
-5.480444
-5.386744
-5.481759
-5.386744
-5.481759
-5.390689
-5.483403
-5.393319
-5.483403
-5.394963
-5.485375
-5.394634
-5.484389
-5.394963
-5.481431
-5.395949
-5.483732
-5.395949
-5.482745
-5.397264
-5.483074
-5.399566
-5.482417
-5.399237
-5.484060
-5.401209
-5.485047
-5.403840
-5.482088
-5.402196
-5.483732
-5.403182
-5.483732
-5.404826
-5.484060
-5.406799
-5.483074
-5.405812
-5.482745
-5.404826
-5.482417
-5.406470
-5.482745
-5.408772
-5.484060
-5.410744
-5.484389
-5.412388
-5.485047
-5.411401
-5.480115
-5.409100
-5.481102
-5.412059
-5.483074
-5.414689
-5.483403
-5.415018
-5.482745
-5.416333
-5.483732
-5.417319
-5.483074
-5.419292
-5.483732
-5.418634
-5.483403
-5.420279
-5.482417
-5.421265
-5.482745
-5.422580
-5.482088
-5.423237
-5.479458
-5.421594
-5.480444
-5.424224
-5.481431
-5.425210
-5.480115
-5.421922
-5.477814
-5.423895
-5.479129
-5.423237
-5.478800
-5.425210
-5.477485
-5.424224
-5.476170
-5.426854
-5.474197
-5.426854
-5.476499
-5.429813
-5.478143
-5.428498
-5.476170
-5.427840
-5.472882
-5.429813
-5.475183
-5.432772
-5.472553
-5.432443
-5.475183
-5.434744
-5.473540
-5.433101
-5.474197
-5.436717
-5.472225
-5.436388
-5.473540
-5.439347
-5.475183
-5.440991
-5.474526
-5.441320
-5.473540
-5.440991
-5.468608
-5.441648
-5.467622
-5.440333
-5.469594
-5.443621
-5.470910
-5.444608
-5.470910
-5.446580
-5.470581
-5.447238
-5.469923
-5.445265
-5.467950
-5.447567
-5.464005
-5.442964
-5.460060
-5.444608
-5.463676
-5.446580
-5.464005
-5.450197
-5.465321
-5.452498
-5.465978
-5.453813
-5.465649
-5.455457
-5.465978
-5.456772
-5.465649
-5.455128
-5.464334
-5.456772
-5.463348
-5.457101
-5.462690
-5.457430
-5.462690
-5.458416
-5.461704
-5.459403
-5.460389
-5.456772
-5.459731
-5.458745
-5.457430
-5.457430
-5.456443
-5.456443
-5.455786
-5.458416
-5.454471
-5.457758
-5.454142
-5.456772
-5.454142
-5.458745
-5.450526
-5.455128
-5.447238
-5.455786
-5.450197
-5.458745
-5.451841
-5.461704
-5.452498
-5.464005
-5.454142
-5.464992
-5.454471
-5.465321
-5.452498
-5.465649
-5.451512
-5.466964
-5.451512
-5.463019
-5.445265
-5.460718
-5.444936
-5.464663
-5.444608
-5.465321
-5.446580
-5.468279
-5.446909
-5.469594
-5.443621
-5.469265
-5.445923
-5.470910
-5.445594
-5.472882
-5.440991
-5.470581
-5.441978
-5.470581
-5.440662
-5.472225
-5.437704
-5.471896
-5.437375
-5.472225
-5.435731
-5.471238
-5.432443
-5.471238
-5.433758
-5.469594
-5.430141
-5.470581
-5.428169
-5.471567
-5.431457
-5.469594
-5.425539
-5.466964
-5.421265
-5.469265
-5.426525
-5.471567
-5.424224
-5.469265
-5.421922
-5.468279
-5.422251
-5.471238
-5.419950
-5.468937
-5.416991
-5.467293
-5.418634
-5.472225
-5.416991
-5.468279
-5.414689
-5.468937
-5.416662
-5.473540
-5.415018
-5.472882
-5.415676
-5.473540
-5.417319
-5.477814
-5.416333
-5.476499
-5.416333
-5.474197
-5.414361
-5.477156
-5.415018
-5.475841
-5.411730
-5.473211
-5.408442
-5.475183
-5.412059
-5.477814
-5.408442
-5.474526
-5.407456
-5.473540
-5.407785
-5.476499
-5.404497
-5.473540
-5.404497
-5.474197
-5.405812
-5.478800
-5.402853
-5.474526
-5.399237
-5.472225
-5.399894
-5.476828
-5.398251
-5.475183
-5.396278
-5.472225
-5.396278
-5.477814
-5.394963
-5.476828
-5.397264
-5.479129
-5.398579
-5.482745
-5.396278
-5.480773
-5.396935
-5.482088
-5.393977
-5.481759
-5.395620
-5.480773
-5.392333
-5.478471
-5.387072
-5.478800
-5.390360
-5.477814
-5.387730
-5.480444
-5.387730
-5.481759
-5.388387
-5.483074
-5.387730
-5.482745
-5.384113
-5.478471
-5.382798
-5.482088
-5.384113
-5.479129
-5.380168
-5.480115
-5.378195
-5.480773
-5.380826
-5.479458
-5.376880
-5.476170
-5.373264
-5.478471
-5.377538
-5.481102
-5.377538
-5.480773
-5.377209
-5.478800
-5.377538
-5.482088
-5.375565
-5.481431
-5.376552
-5.481431
-5.375894
-5.484389
-5.376552
-5.484060
-5.375565
-5.484060
-5.373592
-5.483074
-5.374579
-5.484060
-5.375565
-5.485375
-5.375237
-5.486033
-5.376223
-5.485047
-5.373592
-5.483074
-5.371620
-5.484389
-5.373921
-5.484389
-5.371291
-5.481759
-5.367017
-5.481102
-5.370305
-5.479458
-5.365373
-5.476170
-5.361757
-5.475183
-5.363729
-5.478471
-5.362414
-5.475513
-5.361428
-5.475183
-5.362085
-5.480444
-5.362743
-5.479458
-5.363729
-5.481759
-5.362085
-5.482088
-5.364058
-5.483403
-5.363729
-5.485047
-5.363072
-5.484718
-5.364387
-5.485704
-5.364058
-5.485704
-5.364058
-5.482417
-5.362414
-5.484389
-5.363072
-5.486033
-5.363072
-5.484718
-5.362414
-5.485375
-5.363072
-5.486362
-5.363400
-5.487020
-5.362414
-5.485704
-5.362743
-5.485704
-5.361757
-5.484718
-5.362414
-5.484718
-5.359455
-5.480773
-5.358798
-5.482088
-5.357811
-5.482745
-5.359784
-5.482745
-5.361099
-5.484060
-5.362085
-5.484718
-5.363729
-5.485375
-5.364058
-5.486362
-5.365045
-5.486362
-5.365373
-5.487020
-5.365702
-5.487348
-5.366688
-5.487677
-5.362743
-5.485047
-5.365045
-5.486362
-5.365702
-5.486691
-5.367017
-5.484718
-5.366360
-5.486691
-5.367017
-5.487020
-5.368661
-5.486033
-5.367017
-5.486033
-5.366360
-5.482745
-5.366360
-5.485704
-5.364387
-5.483074
-5.366360
-5.483732
-5.368003
-5.486033
-5.368661
-5.485704
-5.370305
-5.487348
-5.371620
-5.484060
-5.370962
-5.484389
-5.368332
-5.483074
-5.365373
-5.482417
-5.369976
-5.481102
-5.368332
-5.482417
-5.369976
-5.484389
-5.372935
-5.485375
-5.374250
-5.487348
-5.375894
-5.488006
-5.374579
-5.487348
-5.376552
-5.485375
-5.374907
-5.484718
-5.376223
-5.486033
-5.374250
-5.483732
-5.375894
-5.484389
-5.378195
-5.486362
-5.378524
-5.486691
-5.380497
-5.487348
-5.382470
-5.487020
-5.382470
-5.488663
-5.384113
-5.488335
-5.384442
-5.488335
-5.385428
-5.489321
-5.384113
-5.485704
-5.382141
-5.484060
-5.383456
-5.486362
-5.382470
-5.481102
-5.379510
-5.479129
-5.380826
-5.482745
-5.381155
-5.479129
-5.378853
-5.476828
-5.379839
-5.481759
-5.382798
-5.479458
-5.380497
-5.477156
-5.381483
-5.481759
-5.381812
-5.481759
-5.386415
-5.484060
-5.389045
-5.486362
-5.388387
-5.485375
-5.391346
-5.486691
-5.392333
-5.488006
-5.390360
-5.486033
-5.393319
-5.487348
-5.394963
-5.488335
-5.395949
-5.488006
-5.396607
-5.488335
-5.397922
-5.488663
-5.399894
-5.487348
-5.399894
-5.487677
-5.400223
-5.488335
-5.401538
-5.484718
-5.399894
-5.486691
-5.401209
-5.487677
-5.403511
-5.488335
-5.401209
-5.486362
-5.403840
-5.486033
-5.405484
-5.486691
-5.405484
-5.485704
-5.406470
-5.485704
-5.406799
-5.486362
-5.409429
-5.484389
-5.408114
-5.485047
-5.409100
-5.484718
-5.411073
-5.484718
-5.410087
-5.483403
-5.407785
-5.478471
-5.409429
-5.482088
-5.408772
-5.480444
-5.411401
-5.481102
-5.413703
-5.483403
-5.413703
-5.482417
-5.416333
-5.483732
-5.418306
-5.484389
-5.418963
-5.484389
-5.421594
-5.485047
-5.422580
-5.484718
-5.420279
-5.482745
-5.423566
-5.483732
-5.424552
-5.484718
-5.422909
-5.482417
-5.425539
-5.483074
-5.426525
-5.483403
-5.424552
-5.481431
-5.427183
-5.481102
-5.427840
-5.480773
-5.426196
-5.479129
-5.429484
-5.477814
-5.427511
-5.477814
-5.427840
-5.477814
-5.431128
-5.475183
-5.427840
-5.471896
-5.425868
-5.473540
-5.430799
-5.471238
-5.427840
-5.468937
-5.427511
-5.470252
-5.433101
-5.471238
-5.432443
-5.470581
-5.434744
-5.471567
-5.438032
-5.473540
-5.439019
-5.473540
-5.441320
-5.474526
-5.442635
-5.474526
-5.444936
-5.474526
-5.446580
-5.474855
-5.447567
-5.472882
-5.447238
-5.472553
-5.446580
-5.468937
-5.443621
-5.468279
-5.447567
-5.467622
-5.447567
-5.468608
-5.450526
-5.467950
-5.452498
-5.469265
-5.453156
-5.468937
-5.454471
-5.469594
-5.452169
-5.465649
-5.455128
-5.466307
-5.456443
-5.466636
-5.457430
-5.465649
-5.457758
-5.465978
-5.458416
-5.464663
-5.459731
-5.464663
-5.455786
-5.460389
-5.453813
-5.454800
-5.454471
-5.458087
-5.454142
-5.456115
-5.453813
-5.452498
-5.451841
-5.453485
-5.457101
-5.451841
-5.453485
-5.449868
-5.454800
-5.451512
-5.459074
-5.453485
-5.457758
-5.452169
-5.459074
-5.448882
-5.460389
-5.453156
-5.461704
-5.452498
-5.462361
-5.450854
-5.463348
-5.453485
-5.462690
-5.447896
-5.460718
-5.447896
-5.462690
-5.450197
-5.465649
-5.447567
-5.460718
-5.444279
-5.461046
-5.444936
-5.465649
-5.443621
-5.464005
-5.441978
-5.463019
-5.442306
-5.467622
-5.440662
-5.464992
-5.437375
-5.462690
-5.438361
-5.469265
-5.436059
-5.467622
-5.437046
-5.469923
-5.439019
-5.473211
-5.435402
-5.472553
-5.437704
-5.474855
-5.438690
-5.476828
-5.437704
-5.476499
-5.437046
-5.478143
-5.437046
-5.477814
-5.435731
-5.478800
-5.432114
-5.473868
-5.427511
-5.474855
-5.429484
-5.476170
-5.429484
-5.477814
-5.430141
-5.479129
-5.425868
-5.477485
-5.425210
-5.473540
-5.420279
-5.470910
-5.420607
-5.475513
-5.421922
-5.478143
-5.423237
-5.479786
-5.423895
-5.481102
-5.423895
-5.477814
-5.416991
-5.474526
-5.416991
-5.478471
-5.417319
-5.479786
-5.418306
-5.479786
-5.417977
-5.480773
-5.418634
-5.481759
-5.417648
-5.483074
-5.417977
-5.483403
-5.416662
-5.484060
-5.413045
-5.482088
-5.412059
-5.483074
-5.413374
-5.483732
-5.413045
-5.485047
-5.411073
-5.482745
-5.409429
-5.484060
-5.405812
-5.482745
-5.406470
-5.483732
-5.407785
-5.484718
-5.406141
-5.480773
-5.398579
-5.480115
-5.400223
-5.483732
-5.400552
-5.484389
-5.399894
-5.484389
-5.398908
-5.482417
-5.397264
-5.484718
-5.394634
-5.483732
-5.393319
-5.484060
-5.394305
-5.485047
-5.393977
-5.486691
-5.393648
-5.487020
-5.390031
-5.486362
-5.390360
-5.484718
-5.389045
-5.484718
-5.385099
-5.484389
-5.385428
-5.482417
-5.381483
-5.480115
-5.378195
-5.480773
-5.380497
-5.480773
-5.376552
-5.477814
-5.373264
-5.479786
-5.378195
-5.478800
-5.373264
-5.476828
-5.370962
-5.479458
-5.375894
-5.479129
-5.375237
-5.482745
-5.377209
-5.485047
-5.378524
-5.485704
-5.378195
-5.487020
-5.378524
-5.488006
-5.377867
-5.487677
-5.378195
-5.487677
-5.376880
-5.488006
-5.375565
-5.487348
-5.376552
-5.486362
-5.373921
-5.485047
-5.371291
-5.485375
-5.373921
-5.482417
-5.367017
-5.479129
-5.364058
-5.481102
-5.368003
-5.480773
-5.365045
-5.478143
-5.362414
-5.480115
-5.365373
-5.480115
-5.364387
-5.482417
-5.365045
-5.484389
-5.366688
-5.482745
-5.365045
-5.485704
-5.366031
-5.487020
-5.367017
-5.485375
-5.364387
-5.487020
-5.364716
-5.487677
-5.365702
-5.487677
-5.364716
-5.488335
-5.365045
-5.488335
-5.364716
-5.488663
-5.361099
-5.485704
-5.362743
-5.486033
-5.363072
-5.486691
-5.364058
-5.484060
-5.358469
-5.480115
-5.355181
-5.477156
-5.357482
-5.481431
-5.358140
-5.481102
-5.359127
-5.481102
-5.360442
-5.484060
-5.363400
-5.485704
-5.364387
-5.482745
-5.360113
-5.481431
-5.362085
-5.482745
-5.361757
-5.484389
-5.364387
-5.485704
-5.361757
-5.483403
-5.361099
-5.481759
-5.363400
-5.480773
-5.364387
-5.484718
-5.366360
-5.486362
-5.368332
-5.488006
-5.369318
-5.484389
-5.364387
-5.479458
-5.364058
-5.482745
-5.366688
-5.484718
-5.368989
-5.486691
-5.370305
-5.487348
-5.372935
-5.485047
-5.370962
-5.486691
-5.368661
-5.481431
-5.365702
-5.482088
-5.370962
-5.485047
-5.372277
-5.486033
-5.374907
-5.486362
-5.375237
-5.487677
-5.376223
-5.485047
-5.373264
-5.485704
-5.376552
-5.486362
-5.377538
-5.487677
-5.378853
-5.488335
-5.379839
-5.487348
-5.380497
-5.484718
-5.375237
-5.480444
-5.376223
-5.484389
-5.380168
-5.485375
-5.382141
-5.488006
-5.384771
-5.488992
-5.382798
-5.486691
-5.384442
-5.488335
-5.386744
-5.488663
-5.382798
-5.483074
-5.381812
-5.485047
-5.385428
-5.487677
-5.386415
-5.485375
-5.386744
-5.487348
-5.386415
-5.483074
-5.386744
-5.486691
-5.385099
-5.484718
-5.389045
-5.487020
-5.391675
-5.488335
-5.392662
-5.485047
-5.391346
-5.487348
-5.393319
-5.489321
-5.395292
-5.488992
-5.394305
-5.488663
-5.395949
-5.488992
-5.396935
-5.488663
-5.394634
-5.486362
-5.397264
-5.488006
-5.399237
-5.488992
-5.400881
-5.488663
-5.401538
-5.489321
-5.403511
-5.489321
-5.400881
-5.486691
-5.402853
-5.484389
-5.400223
-5.481102
-5.401538
-5.483732
-5.403840
-5.486033
-5.407127
-5.487348
-5.408772
-5.487348
-5.410415
-5.484389
-5.405812
-5.479129
-5.404826
-5.481431
-5.405812
-5.481759
-5.410744
-5.483732
-5.412388
-5.483403
-5.414689
-5.483732
-5.415347
-5.485704
-5.417977
-5.483074
-5.417319
-5.481431
-5.417648
-5.484060
-5.419950
-5.484060
-5.420607
-5.483732
-5.422909
-5.484718
-5.424552
-5.485047
-5.424881
-5.484389
-5.426525
-5.485047
-5.424881
-5.479458
-5.424881
-5.476499
-5.424224
-5.477485
-5.424881
-5.479129
-5.427840
-5.480444
-5.428826
-5.481102
-5.431128
-5.478471
-5.430470
-5.479458
-5.432443
-5.479129
-5.434744
-5.480115
-5.434087
-5.478800
-5.435402
-5.479129
-5.436388
-5.478143
-5.438690
-5.475183
-5.438361
-5.476170
-5.436388
-5.474526
-5.439676
-5.473211
-5.440333
-5.474197
-5.438690
-5.472882
-5.442306
-5.472225
-5.444279
-5.473540
-5.445265
-5.472553
-5.447567
-5.473540
-5.448553
-5.470581
-5.448553
-5.471567
-5.449539
-5.471567
-5.448224
-5.468937
-5.450854
-5.469265
-5.448224
-5.467293
-5.449539
-5.466307
-5.452827
-5.465321
-5.451183
-5.464992
-5.452169
-5.464005
-5.456115
-5.463019
-5.453813
-5.462690
-5.455128
-5.462690
-5.458745
-5.462033
-5.457758
-5.460718
-5.460389
-5.462361
-5.462033
-5.460060
-5.457430
-5.458416
-5.461375
-5.456115
-5.460718
-5.457430
-5.460389
-5.454142
-5.461375
-5.456443
-5.463676
-5.458087
-5.464334
-5.453156
-5.462361
-5.455457
-5.464334
-5.455457
-5.465321
-5.453485
-5.462690
-5.453485
-5.464992
-5.453813
-5.467622
-5.453813
-5.469594
-5.450197
-5.468279
-5.447896
-5.466636
-5.449539
-5.469594
-5.450526
-5.468608
-5.448553
-5.468279
-5.445265
-5.470910
-5.446251
-5.472225
-5.446251
-5.473540
-5.443293
-5.470581
-5.439347
-5.472225
-5.440005
-5.473540
-5.440662
-5.474197
-5.437375
-5.474526
-5.438032
-5.475513
-5.437704
-5.476828
-5.435073
-5.475183
-5.434744
-5.477156
-5.434087
-5.477485
-5.429155
-5.476499
-5.431786
-5.475841
-5.429813
-5.474197
-5.423566
-5.475513
-5.426854
-5.477485
-5.427511
-5.478143
-5.424881
-5.479458
-5.425539
-5.478800
-5.425210
-5.478471
-5.423237
-5.482088
-5.424224
-5.480115
-5.422251
-5.478471
-5.419950
-5.480773
-5.419950
-5.478800
-5.418306
-5.478143
-5.416991
-5.481759
-5.416333
-5.477814
-5.415018
-5.479129
-5.414032
-5.481759
-5.411401
-5.477814
-5.411401
-5.480444
-5.412059
-5.483074
-5.407456
-5.481431
-5.409429
-5.483074
-5.410087
-5.481759
-5.407456
-5.484060
-5.408114
-5.481759
-5.405812
-5.481102
-5.404169
-5.484389
-5.403511
-5.482088
-5.401867
-5.484060
-5.402196
-5.485375
-5.396278
-5.483403
-5.398251
-5.485047
-5.396935
-5.484389
-5.396278
-5.486362
-5.396278
-5.487348
-5.395292
-5.486691
-5.394305
-5.487677
-5.393319
-5.488663
-5.391675
-5.487677
-5.391675
-5.488663
-5.390689
-5.488335
-5.389045
-5.488335
-5.389374
-5.488335
-5.386086
-5.487348
-5.385428
-5.487677
-5.385757
-5.485375
-5.380497
-5.485375
-5.381155
-5.486033
-5.380497
-5.482417
-5.378853
-5.485375
-5.380168
-5.486691
-5.379839
-5.483403
-5.377867
-5.486362
-5.378853
-5.485375
-5.378853
-5.485704
-5.373592
-5.480115
-5.373592
-5.484389
-5.375565
-5.485704
-5.376223
-5.485704
-5.373921
-5.485704
-5.374907
-5.487020
-5.375894
-5.487348
-5.374250
-5.487020
-5.375565
-5.488006
-5.375565
-5.487677
-5.372606
-5.483074
-5.371949
-5.482417
-5.370305
-5.485375
-5.370962
-5.486362
-5.368332
-5.486362
-5.366031
-5.484718
-5.368332
-5.487020
-5.368989
-5.484060
-5.367017
-5.485375
-5.366031
-5.483732
-5.363729
-5.486362
-5.362085
-5.485047
-5.363729
-5.487020
-5.364387
-5.484718
-5.363400
-5.485704
-5.362085
-5.485047
-5.363072
-5.487348
-5.363400
-5.487677
-5.364387
-5.488006
-5.365045
-5.488006
-5.361757
-5.486691
-5.363400
-5.485704
-5.362743
-5.486691
-5.360770
-5.485704
-5.363072
-5.483732
-5.360113
-5.483732
-5.359455
-5.484389
-5.362085
-5.484389
-5.362743
-5.485704
-5.364716
-5.487020
-5.362414
-5.486033
-5.365373
-5.487348
-5.367017
-5.487677
-5.367346
-5.488335
-5.367017
-5.487348
-5.366688
-5.486691
-5.367675
-5.488335
-5.367017
-5.486362
-5.367346
-5.488006
-5.365702
-5.486362
-5.368332
-5.486691
-5.368332
-5.487020
-5.365702
-5.486033
-5.368003
-5.483403
-5.364387
-5.481759
-5.367346
-5.485047
-5.369318
-5.486362
-5.371291
-5.487677
-5.373592
-5.485047
-5.372277
-5.487020
-5.373264
-5.486691
-5.370962
-5.486691
-5.374907
-5.484060
-5.372277
-5.485047
-5.372935
-5.486362
-5.375894
-5.485047
-5.376223
-5.487677
-5.378195
-5.488992
-5.380497
-5.488663
-5.380168
-5.489321
-5.380497
-5.489650
-5.381483
-5.489650
-5.382798
-5.486691
-5.378853
-5.482088
-5.375565
-5.484060
-5.379839
-5.483074
-5.377538
-5.481102
-5.378195
-5.484060
-5.382470
-5.482745
-5.377867
-5.479129
-5.375894
-5.481431
-5.383456
-5.481759
-5.382470
-5.485047
-5.385099
-5.487348
-5.387730
-5.487677
-5.388387
-5.488663
-5.390031
-5.489650
-5.387730
-5.488335
-5.390360
-5.486362
-5.388387
-5.482745
-5.387730
-5.485375
-5.386744
-5.484718
-5.390689
-5.487677
-5.393648
-5.486033
-5.393319
-5.487020
-5.391346
-5.483732
-5.389045
-5.484389
-5.392990
-5.487020
-5.396278
-5.488006
-5.397922
-5.488992
-5.399566
-5.488663
-5.399566
-5.488663
-5.400552
-5.489650
-5.402853
-5.489321
-5.404169
-5.489978
-5.403840
-5.489321
-5.401538
-5.487677
-5.403511
-5.484718
-5.400223
-5.483403
-5.403511
-5.486033
-5.406799
-5.488335
-5.408772
-5.487677
-5.408772
-5.488663
-5.409429
-5.488006
-5.411730
-5.488663
-5.413045
-5.484718
-5.412059
-5.483403
-5.411730
-5.485704
-5.414361
-5.486362
-5.416004
-5.486033
-5.416333
-5.487020
-5.418634
-5.488335
-5.416991
-5.485704
-5.415676
-5.480444
-5.415676
-5.482417
-5.419292
-5.480773
-5.418963
-5.483403
-5.420936
-5.483732
-5.422909
-5.484718
-5.424552
-5.481431
-5.422251
-5.482417
-5.425210
-5.483403
-5.426854
-5.484389
-5.427183
-5.482745
-5.427183
-5.483074
-5.429155
-5.479786
-5.428826
-5.482417
-5.430799
-5.482745
-5.428498
-5.481102
-5.430799
-5.479786
-5.431128
-5.477156
-5.432114
-5.475513
-5.431786
-5.478800
-5.434744
-5.479129
-5.434744
-5.479786
-5.437704
-5.479786
-5.438361
-5.480115
-5.440991
-5.479786
-5.442306
-5.479786
-5.441648
-5.474855
-5.439676
-5.476170
-5.439676
-5.475183
-5.443621
-5.476170
-5.444936
-5.473211
-5.444936
-5.475513
-5.443293
-5.470252
-5.441648
-5.469923
-5.445923
-5.469923
-5.446580
-5.471238
-5.449211
-5.472553
-5.450197
-5.472225
-5.452827
-5.470910
-5.450854
-5.469265
-5.451183
-5.470252
-5.450197
-5.466964
-5.452498
-5.467293
-5.454800
-5.468937
-5.452827
-5.466307
-5.455786
-5.467622
-5.458745
-5.468279
-5.456443
-5.465649
-5.459074
-5.466636
-5.461046
-5.466307
-5.457758
-5.464005
-5.461046
-5.464663
-5.462361
-5.464005
-5.459403
-5.461704
-5.461046
-5.459731
-5.460389
-5.459074
-5.460718
-5.460060
-5.459403
-5.454142
-5.456443
-5.451183
-5.458087
-5.455128
-5.459074
-5.454471
-5.462690
-5.456115
-5.464663
-5.457758
-5.463019
-5.455786
-5.465978
-5.456772
-5.467622
-5.457758
-5.466307
-5.455786
-5.468279
-5.456115
-5.469265
-5.456115
-5.469265
-5.455457
-5.469594
-5.453485
-5.469594
-5.449868
-5.468608
-5.451841
-5.466307
-5.445594
-5.465978
-5.445923
-5.464992
-5.445265
-5.468937
-5.444608
-5.469923
-5.446580
-5.472225
-5.442635
-5.471238
-5.444279
-5.473868
-5.444936
-5.475841
-5.444608
-5.475841
-5.443950
-5.477485
-5.444279
-5.478143
-5.444279
-5.479129
-5.442306
-5.479786
-5.441648
-5.480444
-5.441320
-5.479786
-5.439347
-5.480115
-5.438361
-5.481431
-5.438032
-5.481102
-5.436388
-5.481759
-5.435402
-5.482088
-5.435073
-5.483074
-5.432443
-5.481759
-5.432772
-5.481759
-5.431786
-5.482745
-5.430141
-5.482088
-5.430141
-5.483074
-5.429484
-5.483403
-5.429155
-5.481759
-5.423895
-5.479129
-5.420279
-5.474526
-5.418963
-5.478471
-5.420607
-5.478800
-5.419292
-5.480115
-5.419621
-5.480444
-5.420279
-5.482417
-5.420279
-5.483403
-5.420936
-5.484718
-5.418306
-5.483074
-5.415018
-5.477814
-5.412388
-5.479786
-5.413703
-5.482088
-5.414689
-5.484060
-5.414361
-5.485047
-5.415676
-5.484718
-5.411073
-5.479786
-5.408114
-5.480773
-5.405812
-5.481431
-5.408442
-5.483403
-5.408442
-5.485375
-5.409429
-5.487020
-5.405484
-5.483732
-5.402524
-5.480444
-5.397922
-5.480773
-5.401209
-5.483074
-5.401538
-5.485047
-5.401538
-5.485375
-5.400881
-5.487020
-5.401209
-5.487677
-5.399566
-5.487348
-5.399237
-5.488006
-5.397264
-5.487348
-5.396607
-5.488335
-5.395292
-5.485704
-5.393648
-5.486691
-5.389702
-5.481431
-5.387401
-5.484718
-5.389702
-5.486362
-5.389702
-5.487348
-5.391017
-5.487348
-5.389045
-5.488335
-5.389045
-5.488006
-5.386415
-5.488335
-5.388059
-5.487020
-5.384771
-5.487677
-5.385428
-5.488335
-5.384442
-5.488992
-5.385099
-5.488663
-5.381155
-5.482745
-5.379839
-5.485704
-5.381483
-5.487020
-5.381812
-5.488335
-5.382141
-5.489650
-5.381483
-5.489321
-5.381483
-5.489978
-5.381812
-5.489321
-5.378853
-5.484718
-5.377209
-5.487020
-5.378524
-5.487020
-5.377867
-5.488335
-5.378195
-5.484718
-5.372606
-5.484389
-5.374579
-5.487020
-5.375237
-5.487348
-5.376880
-5.488663
-5.376880
-5.485704
-5.371949
-5.485375
-5.373592
-5.487677
-5.375237
-5.487677
-5.371620
-5.486362
-5.372277
-5.487348
-5.373264
-5.488335
-5.369976
-5.483403
-5.368003
-5.486362
-5.369318
-5.485375
-5.368332
-5.487348
-5.369318
-5.488006
-5.368332
-5.489321
-5.368661
-5.484718
-5.364387
-5.486033
-5.365702
-5.487020
-5.366031
-5.488992
-5.366360
-5.488663
-5.363729
-5.487677
-5.366031
-5.488335
-5.365045
-5.488335
-5.365373
-5.489650
-5.367017
-5.486691
-5.360442
-5.481431
-5.359127
-5.483403
-5.359127
-5.484718
-5.363072
-5.486362
-5.363729
-5.487348
-5.365702
-5.488992
-5.363400
-5.486691
-5.364058
-5.488006
-5.365702
-5.484718
-5.363729
-5.487348
-5.365702
-5.488006
-5.364716
-5.488335
-5.367346
-5.489321
-5.366360
-5.488663
-5.367017
-5.489650
-5.367346
-5.487348
-5.365702
-5.485047
-5.364058
-5.485375
-5.362085
-5.485375
-5.365702
-5.487020
-5.367675
-5.488335
-5.369318
-5.489650
-5.369318
-5.489650
-5.370634
-5.490307
-5.370962
-5.490636
-5.368661
-5.484718
-5.364058
-5.483074
-5.366031
-5.483074
-5.367675
-5.486691
-5.370305
-5.488006
-5.371291
-5.489321
-5.371291
-5.488006
-5.371949
-5.487677
-5.369318
-5.486033
-5.372606
-5.486362
-5.368989
-5.484389
-5.371620
-5.487020
-5.370305
-5.486033
-5.373592
-5.487677
-5.375237
-5.488992
-5.377209
-5.486033
-5.375894
-5.488335
-5.377209
-5.486362
-5.377209
-5.488663
-5.378195
-5.485047
-5.376223
-5.485704
-5.377538
-5.483732
-5.377867
-5.486691
-5.379839
-5.488335
-5.382141
-5.490307
-5.379839
-5.488335
-5.382798
-5.489650
-5.385099
-5.490965
-5.386744
-5.487677
-5.384771
-5.488663
-5.382470
-5.485047
-5.384113
-5.488663
-5.384442
-5.487348
-5.386086
-5.489321
-5.388716
-5.488006
-5.388059
-5.489978
-5.389702
-5.490965
-5.391017
-5.492609
-5.387401
-5.488992
-5.390360
-5.489650
-5.392662
-5.490965
-5.389702
-5.489650
-5.392333
-5.490636
-5.393648
-5.491293
-5.390360
-5.488663
-5.393319
-5.489650
-5.394963
-5.491293
-5.396607
-5.487677
-5.394963
-5.489321
-5.392004
-5.484389
-5.393648
-5.488006
-5.394305
-5.486362
-5.395292
-5.488006
-5.396278
-5.488992
-5.398579
-5.489978
-5.400223
-5.489978
-5.401867
-5.488335
-5.401209
-5.489978
-5.402853
-5.490307
-5.404826
-5.488992
-5.404497
-5.489978
-5.406141
-5.490307
-5.407127
-5.490636
-5.403840
-5.488335
-5.407127
-5.489321
-5.408114
-5.489978
-5.409429
-5.490636
-5.411401
-5.490307
-5.412059
-5.490636
-5.412716
-5.489321
-5.413045
-5.490307
-5.415018
-5.490307
-5.415018
-5.488992
-5.415347
-5.489650
-5.416333
-5.489321
-5.416004
-5.488335
-5.418306
-5.487348
-5.416991
-5.485704
-5.416991
-5.486362
-5.418634
-5.483403
-5.414032
-5.479786
-5.416004
-5.483732
-5.419292
-5.484389
-5.420936
-5.485704
-5.423895
-5.486691
-5.423895
-5.486691
-5.426196
-5.486691
-5.425868
-5.486362
-5.423237
-5.484389
-5.427511
-5.484389
-5.427840
-5.485047
-5.428826
-5.485375
-5.430470
-5.484718
-5.429813
-5.483403
-5.431128
-5.482745
-5.432114
-5.483403
-5.432443
-5.483074
-5.432772
-5.479786
-5.433429
-5.481759
-5.434416
-5.481759
-5.434744
-5.478471
-5.435731
-5.478471
-5.435402
-5.480444
-5.438361
-5.481102
-5.438690
-5.480773
-5.440662
-5.480773
-5.441978
-5.481102
-5.440662
-5.479129
-5.443621
-5.479458
-5.443950
-5.478471
-5.443621
-5.478143
-5.445923
-5.475183
-5.441648
-5.470581
-5.441648
-5.473211
-5.443950
-5.473211
-5.446909
-5.474526
-5.449211
-5.474855
-5.450526
-5.474855
-5.451183
-5.473868
-5.451512
-5.471567
-5.452169
-5.472553
-5.450526
-5.466307
-5.446580
-5.464992
-5.450526
-5.464663
-5.451183
-5.467293
-5.454471
-5.469265
-5.457430
-5.466964
-5.456772
-5.468279
-5.458745
-5.469265
-5.460718
-5.465321
-5.459403
-5.466964
-5.460718
-5.466964
-5.461375
-5.466307
-5.462690
-5.461375
-5.456772
-5.458087
-5.455128
-5.459731
-5.459403
-5.456772
-5.459074
-5.459403
-5.461375
-5.460718
-5.464334
-5.459074
-5.462690
-5.458745
-5.460060
-5.454142
-5.461375
-5.457430
-5.460389
-5.452827
-5.458745
-5.449868
-5.460060
-5.454142
-5.463676
-5.452498
-5.460389
-5.447896
-5.457758
-5.450197
-5.463019
-5.450526
-5.463019
-5.450526
-5.464992
-5.452827
-5.464663
-5.452169
-5.468937
-5.453485
-5.471238
-5.453156
-5.471896
-5.453156
-5.471238
-5.449868
-5.470581
-5.445923
-5.470581
-5.447567
-5.469594
-5.443950
-5.466964
-5.442635
-5.471238
-5.443293
-5.473211
-5.444936
-5.475183
-5.444936
-5.477156
-5.441978
-5.476170
-5.443621
-5.477814
-5.442635
-5.478143
-5.439347
-5.477814
-5.439019
-5.477156
-5.436388
-5.477156
-5.436717
-5.478800
-5.434416
-5.477485
-5.434416
-5.478800
-5.435402
-5.479458
-5.434416
-5.481431
-5.434416
-5.481759
-5.434416
-5.480444
-5.432114
-5.481759
-5.430799
-5.480115
-5.428498
-5.480773
-5.429484
-5.478800
-5.426525
-5.481102
-5.427511
-5.483403
-5.426525
-5.483403
-5.426854
-5.484718
-5.426854
-5.485047
-5.426525
-5.485375
-5.426196
-5.485375
-5.424881
-5.486362
-5.425210
-5.483403
-5.421922
-5.485704
-5.422251
-5.486362
-5.422251
-5.485375
-5.420607
-5.486362
-5.420279
-5.487348
-5.419621
-5.486362
-5.417648
-5.486362
-5.416991
-5.487020
-5.416662
-5.487677
-5.415018
-5.487348
-5.415018
-5.488006
-5.414689
-5.488992
-5.411401
-5.487677
-5.411401
-5.488663
-5.410744
-5.488663
-5.410087
-5.488335
-5.403840
-5.482088
-5.399566
-5.478471
-5.398908
-5.483732
-5.399566
-5.481431
-5.395949
-5.478800
-5.394634
-5.483403
-5.396607
-5.484718
-5.396278
-5.484718
-5.395949
-5.486691
-5.395949
-5.487020
-5.396278
-5.488992
-5.396278
-5.488992
-5.395292
-5.488663
-5.394305
-5.489978
-5.393648
-5.490965
-5.393977
-5.490307
-5.393648
-5.489978
-5.391675
-5.489650
-5.388387
-5.489321
-5.386086
-5.486033
-5.385757
-5.487677
-5.387072
-5.486691
-5.385757
-5.488663
-5.386086
-5.488992
-5.385757
-5.489321
-5.385099
-5.488992
-5.382470
-5.484389
-5.377867
-5.485375
-5.379510
-5.486362
-5.380826
-5.488006
-5.381812
-5.489978
-5.379182
-5.488335
-5.380497
-5.488663
-5.379839
-5.487677
-5.380168
-5.489321
-5.375894
-5.486033
-5.376880
-5.488006
-5.377867
-5.487677
-5.377867
-5.488663
-5.378195
-5.488335
-5.374907
-5.487677
-5.373264
-5.486033
-5.375237
-5.488335
-5.376880
-5.488663
-5.376880
-5.489321
-5.375237
-5.488992
-5.374250
-5.489650
-5.374907
-5.487348
-5.371949
-5.487348
-5.372277
-5.488992
-5.372606
-5.489978
-5.373264
-5.490636
-5.372606
-5.490636
-5.369318
-5.489321
-5.369647
-5.489321
-5.369318
-5.489321
-5.366031
-5.488335
-5.367675
-5.488335
-5.365373
-5.487348
-5.362743
-5.487348
-5.364387
-5.486691
-5.363400
-5.487020
-5.365373
-5.488992
-5.363072
-5.488006
-5.365373
-5.488992
-5.366031
-5.489321
-5.366360
-5.489978
-5.365373
-5.488992
-5.365702
-5.488663
-5.366688
-5.490307
-5.366360
-5.488663
-5.364716
-5.487677
-5.366688
-5.490307
-5.364058
-5.484060
-5.359784
-5.481431
-5.362085
-5.486033
-5.360442
-5.484060
-5.362414
-5.485704
-5.366031
-5.488006
-5.365702
-5.488663
-5.367675
-5.489650
-5.369647
-5.486362
-5.367346
-5.488663
-5.367346
-5.487020
-5.367346
-5.488335
-5.369318
-5.485375
-5.363729
-5.482417
-5.363400
-5.485047
-5.367346
-5.484060
-5.366360
-5.486033
-5.368661
-5.487677
-5.370305
-5.485375
-5.369318
-5.488335
-5.371291
-5.489978
-5.372935
-5.490636
-5.374907
-5.489650
-5.372606
-5.487020
-5.372277
-5.489321
-5.373921
-5.490307
-5.375565
-5.490965
-5.375237
-5.490307
-5.377209
-5.487677
-5.374907
-5.488992
-5.376880
-5.490965
-5.373921
-5.488992
-5.377867
-5.489978
-5.378853
-5.488006
-5.379182
-5.490636
-5.376552
-5.487348
-5.378853
-5.488992
-5.380826
-5.487020
-5.380168
-5.489650
-5.382141
-5.490636
-5.380497
-5.489321
-5.382141
-5.487348
-5.381812
-5.488663
-5.384442
-5.489321
-5.385428
-5.490965
-5.385757
-5.490307
-5.385428
-5.490965
-5.387730
-5.490965
-5.388387
-5.492280
-5.389702
-5.490636
-5.389702
-5.490965
-5.388716
-5.489978
-5.389702
-5.491293
-5.388059
-5.490307
-5.386744
-5.487020
-5.388716
-5.489650
-5.388716
-5.489650
-5.387730
-5.487020
-5.390689
-5.489650
-5.392990
-5.491293
-5.392662
-5.489650
-5.394305
-5.490636
-5.396607
-5.491951
-5.396607
-5.491622
-5.396935
-5.492280
-5.398251
-5.492280
-5.397593
-5.492280
-5.398908
-5.491951
-5.396278
-5.489978
-5.397922
-5.490307
-5.399237
-5.486362
-5.397922
-5.489321
-5.397922
-5.488006
-5.396935
-5.487348
-5.400223
