-1.555367
-1.774615
-1.885979
-2.034564
-2.093424
-2.200097
-2.224912
-2.305863
-2.311613
-2.375919
-2.366841
-2.421010
-2.405727
-2.451877
-2.430845
-2.472455
-2.448245
-2.485467
-2.457778
-2.492276
-2.463982
-2.498480
-2.469429
-2.503171
-2.475330
-2.506802
-2.478961
-2.509979
-2.482290
-2.511493
-2.483803
-2.513309
-2.485467
-2.514216
-2.486375
-2.515124
-2.487888
-2.514368
-2.485921
-2.512098
-2.486224
-2.512703
-2.487737
-2.514519
-2.488948
-2.515427
-2.490612
-2.516335
-2.489704
-2.515578
-2.491822
-2.516335
-2.492579
-2.516788
-2.493789
-2.516486
-2.493033
-2.515729
-2.492276
-2.513460
-2.492882
-2.514973
-2.493638
-2.514216
-2.493789
-2.515124
-2.494849
-2.514368
-2.495605
-2.515427
-2.496665
-2.515881
-2.497875
-2.516486
-2.498178
-2.515578
-2.498026
-2.514519
-2.497118
-2.512703
-2.497875
-2.514368
-2.499085
-2.514822
-2.499842
-2.515124
-2.500901
-2.515427
-2.501355
-2.515427
-2.502263
-2.515578
-2.503019
-2.515578
-2.502566
-2.514368
-2.502717
-2.514670
-2.503927
-2.514670
-2.502566
-2.511947
-2.502414
-2.512401
-2.503776
-2.512249
-2.503473
-2.512401
-2.504230
-2.511190
-2.503322
-2.509677
-2.503927
-2.510887
-2.504835
-2.511190
-2.506046
-2.512098
-2.507105
-2.511190
-2.506348
-2.510887
-2.507407
-2.511190
-2.508013
-2.509828
-2.507256
-2.509677
-2.506500
-2.509072
-2.506802
-2.509375
-2.508467
-2.509828
-2.509223
-2.509375
-2.508013
-2.509223
-2.509677
-2.509375
-2.509828
-2.509526
-2.510736
-2.509979
-2.511190
-2.509223
-2.511039
-2.509375
-2.511795
-2.509375
-2.511947
-2.508164
-2.510282
-2.507407
-2.511039
-2.507710
-2.511190
-2.506197
-2.509677
-2.505138
-2.510282
-2.505894
-2.511342
-2.504684
-2.510887
-2.503927
-2.510434
-2.504986
-2.511190
-2.503322
-2.510887
-2.502566
-2.510434
-2.503625
-2.512249
-2.504079
-2.511644
-2.501960
-2.511644
-2.503019
-2.513309
-2.503927
-2.513762
-2.501506
-2.511644
-2.500901
-2.513157
-2.501809
-2.514216
-2.500750
-2.513157
-2.499085
-2.513006
-2.499993
-2.512703
-2.499085
-2.514670
-2.499388
-2.513611
-2.498026
-2.513611
-2.498329
-2.515427
-2.498783
-2.516335
-2.497572
-2.515276
-2.497875
-2.516637
-2.497724
-2.517243
-2.498026
-2.517999
-2.498329
-2.518302
-2.496362
-2.516788
-2.496059
-2.517848
-2.496665
-2.517091
-2.495757
-2.517848
-2.494092
-2.516637
-2.492579
-2.516788
-2.493789
-2.517999
-2.494546
-2.518604
-2.494244
-2.519210
-2.494546
-2.519210
-2.493941
-2.519512
-2.493941
-2.520118
-2.493638
-2.518302
-2.491520
-2.518302
-2.491822
-2.519664
-2.491369
-2.519361
-2.491369
-2.517696
-2.490158
-2.518756
-2.488796
-2.518907
-2.490158
-2.519664
-2.490007
-2.518604
-2.488494
-2.519664
-2.489099
-2.519966
-2.489250
-2.520874
-2.489553
-2.521631
-2.489099
-2.520874
-2.488645
-2.521025
-2.488040
-2.521177
-2.487888
-2.521479
-2.487737
-2.521328
-2.485770
-2.520723
-2.486224
-2.521479
-2.486224
-2.521782
-2.485921
-2.522236
-2.485619
-2.520571
-2.483954
-2.519815
-2.482441
-2.520118
-2.481080
-2.520269
-2.482290
-2.521177
-2.482593
-2.521631
-2.482593
-2.522387
-2.480323
-2.519512
-2.479264
-2.519966
-2.478658
-2.520420
-2.479415
-2.521479
-2.479869
-2.522084
-2.479718
-2.522538
-2.477751
-2.521177
-2.477902
-2.521479
-2.476086
-2.521177
-2.476994
-2.521177
-2.474876
-2.519966
-2.475330
-2.519815
-2.475178
-2.521328
-2.475330
-2.521631
-2.475632
-2.522084
-2.475330
-2.522690
-2.475330
-2.522538
-2.475330
-2.522992
-2.475632
-2.522387
-2.474422
-2.522690
-2.473665
-2.521025
-2.472001
-2.521328
-2.473060
-2.521328
-2.472152
-2.521479
-2.472606
-2.520723
-2.472001
-2.521933
-2.472152
-2.522084
-2.472455
-2.521782
-2.472304
-2.522387
-2.471849
-2.522690
-2.472152
-2.522387
-2.471698
-2.522690
-2.470942
-2.521782
-2.469882
-2.521933
-2.470639
-2.522236
-2.469731
-2.520420
-2.467916
-2.519058
-2.468067
-2.520420
-2.467462
-2.520269
-2.468521
-2.521025
-2.469126
-2.522236
-2.467613
-2.521328
-2.468218
-2.521328
-2.468218
-2.522236
-2.468067
-2.521631
-2.467764
-2.520269
-2.465343
-2.520118
-2.466251
-2.521631
-2.466403
-2.521631
-2.466856
-2.522538
-2.465495
-2.522084
-2.466554
-2.522538
-2.466403
-2.523144
-2.466705
-2.522236
-2.466251
-2.522992
-2.466554
-2.523446
-2.466856
-2.523144
-2.466100
-2.523144
-2.466251
-2.522841
-2.465949
-2.523144
-2.465343
-2.522538
-2.465343
-2.520874
-2.463225
-2.521328
-2.465343
-2.520723
-2.463679
-2.519361
-2.462317
-2.519815
-2.464284
-2.521025
-2.463225
-2.519361
-2.462317
-2.518453
-2.463528
-2.520723
-2.463679
-2.519966
-2.463982
-2.520269
-2.463679
-2.520874
-2.465797
-2.521631
-2.466251
-2.522538
-2.466856
-2.522690
-2.467310
-2.523295
-2.467764
-2.523144
-2.467916
-2.522841
-2.468218
-2.523749
-2.468521
-2.523749
-2.468672
-2.523900
-2.468067
-2.523295
-2.468672
-2.523597
-2.468823
-2.524051
-2.468975
-2.524203
-2.469580
-2.523900
-2.469731
-2.524354
-2.470337
-2.524203
-2.470488
-2.524354
-2.470639
-2.524203
-2.469126
-2.523597
-2.469882
-2.523295
-2.470185
-2.522992
-2.468823
-2.522690
-2.470034
-2.522690
-2.470185
-2.522690
-2.471093
-2.523295
-2.470185
-2.522841
-2.471849
-2.523446
-2.472152
-2.523749
-2.472304
-2.524051
-2.472757
-2.523295
-2.472757
-2.522690
-2.472757
-2.523144
-2.471396
-2.521177
-2.471547
-2.521933
-2.473060
-2.521631
-2.473060
-2.522841
-2.474422
-2.523597
-2.474876
-2.523597
-2.475027
-2.523900
-2.475784
-2.524051
-2.475330
-2.523749
-2.476389
-2.523144
-2.475330
-2.522387
-2.475632
-2.523144
-2.476086
-2.522236
-2.473817
-2.520420
-2.473363
-2.521328
-2.475178
-2.520874
-2.475027
-2.521177
-2.475784
-2.522387
-2.476994
-2.521933
-2.476994
-2.522841
-2.478053
-2.523900
-2.478810
-2.523749
-2.478810
-2.524203
-2.479566
-2.524505
-2.479718
-2.524203
-2.480172
-2.524203
-2.480021
-2.523446
-2.478961
-2.523749
-2.480021
-2.522084
-2.477902
-2.520269
-2.476691
-2.521025
-2.478507
-2.521782
-2.480021
-2.522992
-2.481231
-2.523749
-2.480323
-2.522841
-2.481836
-2.523597
-2.482744
-2.522841
-2.483198
-2.523597
-2.481836
-2.522690
-2.482895
-2.523446
-2.484408
-2.522387
-2.483803
-2.523295
-2.485014
-2.523749
-2.485316
-2.523144
-2.486224
-2.523144
-2.485316
-2.522538
-2.484862
-2.522387
-2.485619
-2.522236
-2.486527
-2.522690
-2.487586
-2.523446
-2.486980
-2.522690
-2.488494
-2.522992
-2.488948
-2.522236
-2.489099
-2.522841
-2.488343
-2.520723
-2.487435
-2.521025
-2.489402
-2.521177
-2.489704
-2.522236
-2.491066
-2.522538
-2.489856
-2.521479
-2.489402
-2.520420
-2.490763
-2.521328
-2.492428
-2.520874
-2.492428
-2.521479
-2.491974
-2.520118
-2.491066
-2.520269
-2.491066
-2.519815
-2.493033
-2.520874
-2.494092
-2.521177
-2.495000
-2.522084
-2.494697
-2.519664
-2.493487
-2.520269
-2.494697
-2.520723
-2.496059
-2.520874
-2.495908
-2.518907
-2.496059
-2.518604
-2.496059
-2.519664
-2.497270
-2.519815
-2.496362
-2.519664
-2.496362
-2.518604
-2.497875
-2.519512
-2.499539
-2.518907
-2.499388
-2.519058
-2.497875
-2.516940
-2.498480
-2.518151
-2.498480
-2.517696
-2.500296
-2.518604
-2.501355
-2.517091
-2.501204
-2.516335
-2.501052
-2.517545
-2.502566
-2.518453
-2.502112
-2.517545
-2.502414
-2.516940
-2.501658
-2.515124
-2.502868
-2.516184
-2.503927
-2.516788
-2.504986
-2.517243
-2.505289
-2.516940
-2.506953
-2.515881
-2.504533
-2.513157
-2.504835
-2.514822
-2.506046
-2.515276
-2.506802
-2.515124
-2.507710
-2.513762
-2.507559
-2.512855
-2.506651
-2.513460
-2.507710
-2.514216
-2.507559
-2.513611
-2.508920
-2.513611
-2.509375
-2.513309
-2.509979
-2.513006
-2.509677
-2.513157
-2.510434
-2.513611
-2.511342
-2.513309
-2.511644
-2.512855
-2.511493
-2.512098
-2.511039
-2.511947
-2.510585
-2.510887
-2.511644
-2.511493
-2.512552
-2.511493
-2.512855
-2.511342
-2.513157
-2.511190
-2.512703
-2.510585
-2.513309
-2.509375
-2.512703
-2.509979
-2.513309
-2.510131
-2.513460
-2.509979
-2.514368
-2.509979
-2.514368
-2.509526
-2.513611
-2.509223
-2.514216
-2.507105
-2.511947
-2.505440
-2.512703
-2.506802
-2.512098
-2.506197
-2.513611
-2.506651
-2.514973
-2.506953
-2.514216
-2.506197
-2.515427
-2.506197
-2.516184
-2.506651
-2.514973
-2.504986
-2.515729
-2.504835
-2.516335
-2.504986
-2.517243
-2.504230
-2.517091
-2.503776
-2.516184
-2.502868
-2.517545
-2.502717
-2.515881
-2.499691
-2.514670
-2.498480
-2.515729
-2.500447
-2.515124
-2.497572
-2.514822
-2.497875
-2.514973
-2.498026
-2.517091
-2.497875
-2.516940
-2.497875
-2.517696
-2.498026
-2.519058
-2.497875
-2.518907
-2.498329
-2.519815
-2.496665
-2.519210
-2.497421
-2.519815
-2.497724
-2.520420
-2.497875
-2.519966
-2.496967
-2.520874
-2.496816
-2.520723
-2.496665
-2.521328
-2.496362
-2.519361
-2.493033
-2.517696
-2.491369
-2.518604
-2.493033
-2.519664
-2.492882
-2.519361
-2.492730
-2.518453
-2.492276
-2.520269
-2.492428
-2.520723
-2.492579
-2.521177
-2.490763
-2.520571
-2.491974
-2.521177
-2.491822
-2.521782
-2.491974
-2.520420
-2.490612
-2.521631
-2.490612
-2.522084
-2.490612
-2.522538
-2.489099
-2.521479
-2.488796
-2.519815
-2.487586
-2.521328
-2.488191
-2.520420
-2.485770
-2.518756
-2.484408
-2.520269
-2.485014
-2.520874
-2.485921
-2.521782
-2.486224
-2.522841
-2.486073
-2.522992
-2.485770
-2.523144
-2.485770
-2.523597
-2.483500
-2.522690
-2.483954
-2.523144
-2.484106
-2.523295
-2.482441
-2.522992
-2.482895
-2.522992
-2.481836
-2.522387
-2.479566
-2.521933
-2.480474
-2.522236
-2.479869
-2.522538
-2.478356
-2.522538
-2.479113
-2.521479
-2.476691
-2.519815
-2.475178
-2.520571
-2.476843
-2.521782
-2.476994
-2.522690
-2.477902
-2.523446
-2.475935
-2.522841
-2.476691
-2.522992
-2.476238
-2.522841
-2.476389
-2.523446
-2.475632
-2.523597
-2.475784
-2.523900
-2.476238
-2.523295
-2.475330
-2.523597
-2.474876
-2.523900
-2.474573
-2.523597
-2.474725
-2.523295
-2.473212
-2.522387
-2.472304
-2.522841
-2.473060
-2.521328
-2.471698
-2.521782
-2.472152
-2.522841
-2.473060
-2.523597
-2.473212
-2.524051
-2.473514
-2.524354
-2.472152
-2.523749
-2.472304
-2.523144
-2.471396
-2.522538
-2.471849
-2.523597
-2.470488
-2.521177
-2.468672
-2.519815
-2.469126
-2.521782
-2.469126
-2.520874
-2.467613
-2.519512
-2.466251
-2.520420
-2.467613
-2.519815
-2.466251
-2.518756
-2.465343
-2.520571
-2.467462
-2.519966
-2.465797
-2.519210
-2.464284
-2.520118
-2.466554
-2.520571
-2.465646
-2.521177
-2.465797
-2.522387
-2.467310
-2.523144
-2.467462
-2.523597
-2.467764
-2.524354
-2.467613
-2.524354
-2.467764
-2.524203
-2.467008
-2.523749
-2.465495
-2.523295
-2.466403
-2.521933
-2.464133
-2.520571
-2.464436
-2.521933
-2.464587
-2.522084
-2.465949
-2.523144
-2.466856
-2.523446
-2.467008
-2.523597
-2.466856
-2.523900
-2.467310
-2.522538
-2.466554
-2.523144
-2.465343
-2.521025
-2.464284
-2.521177
-2.465949
-2.520723
-2.465646
-2.522690
-2.467008
-2.523295
-2.468067
-2.522084
-2.467159
-2.523446
-2.467916
-2.524203
-2.468672
-2.524051
-2.468975
-2.524203
-2.468521
-2.524051
-2.468521
-2.524203
-2.468975
-2.522841
-2.467310
-2.522538
-2.468067
-2.523749
-2.467310
-2.523295
-2.468672
-2.523749
-2.469277
-2.524203
-2.468067
-2.523295
-2.469580
-2.524203
-2.470034
-2.524203
-2.468975
-2.523597
-2.469731
-2.523446
-2.469882
-2.523749
-2.469580
-2.523597
-2.469429
-2.521782
-2.467764
-2.521025
-2.469277
-2.522387
-2.470185
-2.523144
-2.471547
-2.524051
-2.472152
-2.524354
-2.472757
-2.524657
-2.472909
-2.524505
-2.473212
-2.523597
-2.472909
-2.523597
-2.471396
-2.520874
-2.469882
-2.521933
-2.472304
-2.521479
-2.472304
-2.523446
-2.473665
-2.524051
-2.473212
-2.523749
-2.474119
-2.523295
-2.473363
-2.521782
-2.473817
-2.523144
-2.474725
-2.524051
-2.475935
-2.524505
-2.476540
-2.524657
-2.477146
-2.523446
-2.475178
-2.522236
-2.475481
-2.523597
-2.475330
-2.523144
-2.476994
-2.524051
-2.477599
-2.524203
-2.477902
-2.524203
-2.476843
-2.522084
-2.476086
-2.523144
-2.477751
-2.523749
-2.478507
-2.524657
-2.479264
-2.524959
-2.478205
-2.524203
-2.478205
-2.522084
-2.477146
-2.522084
-2.478507
-2.523295
-2.479718
-2.524203
-2.480474
-2.524808
-2.481231
-2.524959
-2.481685
-2.524808
-2.480172
-2.522236
-2.479113
-2.522841
-2.479113
-2.522841
-2.480928
-2.523597
-2.482139
-2.523597
-2.482895
-2.524505
-2.482744
-2.524051
-2.482895
-2.522690
-2.483349
-2.523749
-2.483349
-2.523295
-2.483954
-2.523446
-2.485014
-2.523144
-2.484862
-2.523900
-2.485770
-2.524354
-2.486980
-2.522992
-2.486224
-2.523749
-2.486678
-2.523749
-2.487435
-2.523900
-2.488343
-2.523446
-2.487888
-2.523295
-2.487435
-2.523144
-2.488191
-2.523295
-2.489250
-2.523900
-2.490158
-2.524051
-2.490915
-2.524354
-2.490461
-2.522084
-2.489402
-2.522538
-2.490763
-2.523446
-2.491974
-2.523597
-2.492125
-2.523295
-2.492730
-2.523749
-2.493184
-2.523446
-2.494092
-2.523749
-2.493789
-2.523597
-2.494546
-2.523144
-2.495000
-2.523295
-2.495605
-2.522992
-2.495908
-2.521782
-2.495152
-2.522236
-2.496362
-2.522690
-2.496816
-2.522084
-2.495303
-2.521025
-2.496211
-2.521631
-2.495908
-2.521479
-2.496816
-2.520874
-2.496362
-2.520269
-2.497572
-2.519361
-2.497572
-2.520420
-2.498934
-2.521177
-2.498329
-2.520269
-2.498026
-2.518756
-2.498934
-2.519815
-2.500296
-2.518604
-2.500145
-2.519815
-2.501204
-2.519058
-2.500447
-2.519361
-2.502112
-2.518453
-2.501960
-2.519058
-2.503322
-2.519815
-2.504079
-2.519512
-2.504230
-2.519058
-2.504079
-2.516788
-2.504381
-2.516335
-2.503776
-2.517243
-2.505289
-2.517848
-2.505743
-2.517848
-2.506651
-2.517696
-2.506953
-2.517394
-2.506046
-2.516486
-2.507105
-2.514670
-2.504986
-2.512855
-2.505743
-2.514519
-2.506651
-2.514670
-2.508315
-2.515276
-2.509375
-2.515578
-2.509979
-2.515427
-2.510736
-2.515578
-2.511342
-2.515427
-2.510585
-2.514822
-2.511342
-2.514368
-2.511493
-2.514065
-2.511644
-2.514065
-2.512098
-2.513611
-2.512552
-2.513006
-2.511342
-2.512703
-2.512249
-2.511644
-2.511644
-2.511190
-2.511190
-2.510887
-2.512098
-2.510282
-2.511795
-2.510131
-2.511342
-2.510131
-2.512249
-2.508467
-2.510585
-2.506953
-2.510887
-2.508315
-2.512249
-2.509072
-2.513611
-2.509375
-2.514670
-2.510131
-2.515124
-2.510282
-2.515276
-2.509375
-2.515427
-2.508920
-2.516032
-2.508920
-2.514216
-2.506046
-2.513157
-2.505894
-2.514973
-2.505743
-2.515276
-2.506651
-2.516637
-2.506802
-2.517243
-2.505289
-2.517091
-2.506348
-2.517848
-2.506197
-2.518756
-2.504079
-2.517696
-2.504533
-2.517696
-2.503927
-2.518453
-2.502566
-2.518302
-2.502414
-2.518453
-2.501658
-2.517999
-2.500145
-2.517999
-2.500750
-2.517243
-2.499085
-2.517696
-2.498178
-2.518151
-2.499691
-2.517243
-2.496967
-2.516032
-2.495000
-2.517091
-2.497421
-2.518151
-2.496362
-2.517091
-2.495303
-2.516637
-2.495454
-2.517999
-2.494395
-2.516940
-2.493033
-2.516184
-2.493789
-2.518453
-2.493033
-2.516637
-2.491974
-2.516940
-2.492882
-2.519058
-2.492125
-2.518756
-2.492428
-2.519058
-2.493184
-2.521025
-2.492730
-2.520420
-2.492730
-2.519361
-2.491822
-2.520723
-2.492125
-2.520118
-2.490612
-2.518907
-2.489099
-2.519815
-2.490763
-2.521025
-2.489099
-2.519512
-2.488645
-2.519058
-2.488796
-2.520420
-2.487283
-2.519058
-2.487283
-2.519361
-2.487888
-2.521479
-2.486527
-2.519512
-2.484862
-2.518453
-2.485165
-2.520571
-2.484408
-2.519815
-2.483500
-2.518453
-2.483500
-2.521025
-2.482895
-2.520571
-2.483954
-2.521631
-2.484560
-2.523295
-2.483500
-2.522387
-2.483803
-2.522992
-2.482441
-2.522841
-2.483198
-2.522387
-2.481685
-2.521328
-2.479264
-2.521479
-2.480777
-2.521025
-2.479566
-2.522236
-2.479566
-2.522841
-2.479869
-2.523446
-2.479566
-2.523295
-2.477902
-2.521328
-2.477297
-2.522992
-2.477902
-2.521631
-2.476086
-2.522084
-2.475178
-2.522387
-2.476389
-2.521782
-2.474573
-2.520269
-2.472909
-2.521328
-2.474876
-2.522538
-2.474876
-2.522387
-2.474725
-2.521479
-2.474876
-2.522992
-2.473968
-2.522690
-2.474422
-2.522690
-2.474119
-2.524051
-2.474422
-2.523900
-2.473968
-2.523900
-2.473060
-2.523446
-2.473514
-2.523900
-2.473968
-2.524505
-2.473817
-2.524808
-2.474271
-2.524354
-2.473060
-2.523446
-2.472152
-2.524051
-2.473212
-2.524051
-2.472001
-2.522841
-2.470034
-2.522538
-2.471547
-2.521782
-2.469277
-2.520269
-2.467613
-2.519815
-2.468521
-2.521328
-2.467916
-2.519966
-2.467462
-2.519815
-2.467764
-2.522236
-2.468067
-2.521782
-2.468521
-2.522841
-2.467764
-2.522992
-2.468672
-2.523597
-2.468521
-2.524354
-2.468218
-2.524203
-2.468823
-2.524657
-2.468672
-2.524657
-2.468672
-2.523144
-2.467916
-2.524051
-2.468218
-2.524808
-2.468218
-2.524203
-2.467916
-2.524505
-2.468218
-2.524959
-2.468369
-2.525262
-2.467916
-2.524657
-2.468067
-2.524657
-2.467613
-2.524203
-2.467916
-2.524203
-2.466554
-2.522387
-2.466251
-2.522992
-2.465797
-2.523295
-2.466705
-2.523295
-2.467310
-2.523900
-2.467764
-2.524203
-2.468521
-2.524505
-2.468672
-2.524959
-2.469126
-2.524959
-2.469277
-2.525262
-2.469429
-2.525413
-2.469882
-2.525565
-2.468067
-2.524354
-2.469126
-2.524959
-2.469429
-2.525111
-2.470034
-2.524203
-2.469731
-2.525111
-2.470034
-2.525262
-2.470790
-2.524808
-2.470034
-2.524808
-2.469731
-2.523295
-2.469731
-2.524657
-2.468823
-2.523446
-2.469731
-2.523749
-2.470488
-2.524808
-2.470790
-2.524657
-2.471547
-2.525413
-2.472152
-2.523900
-2.471849
-2.524051
-2.470639
-2.523446
-2.469277
-2.523144
-2.471396
-2.522538
-2.470639
-2.523144
-2.471396
-2.524051
-2.472757
-2.524505
-2.473363
-2.525413
-2.474119
-2.525716
-2.473514
-2.525413
-2.474422
-2.524505
-2.473665
-2.524203
-2.474271
-2.524808
-2.473363
-2.523749
-2.474119
-2.524051
-2.475178
-2.524959
-2.475330
-2.525111
-2.476238
-2.525413
-2.477146
-2.525262
-2.477146
-2.526018
-2.477902
-2.525867
-2.478053
-2.525867
-2.478507
-2.526321
-2.477902
-2.524657
-2.476994
-2.523900
-2.477599
-2.524959
-2.477146
-2.522538
-2.475784
-2.521631
-2.476389
-2.523295
-2.476540
-2.521631
-2.475481
-2.520571
-2.475935
-2.522841
-2.477297
-2.521782
-2.476238
-2.520723
-2.476691
-2.522841
-2.476843
-2.522841
-2.478961
-2.523900
-2.480172
-2.524959
-2.479869
-2.524505
-2.481231
-2.525111
-2.481685
-2.525716
-2.480777
-2.524808
-2.482139
-2.525413
-2.482895
-2.525867
-2.483349
-2.525716
-2.483652
-2.525867
-2.484257
-2.526018
-2.485165
-2.525413
-2.485165
-2.525565
-2.485316
-2.525867
-2.485921
-2.524203
-2.485165
-2.525111
-2.485770
-2.525565
-2.486829
-2.525867
-2.485770
-2.524959
-2.486980
-2.524808
-2.487737
-2.525111
-2.487737
-2.524657
-2.488191
-2.524657
-2.488343
-2.524959
-2.489553
-2.524051
-2.488948
-2.524354
-2.489402
-2.524203
-2.490309
-2.524203
-2.489856
-2.523597
-2.488796
-2.521328
-2.489553
-2.522992
-2.489250
-2.522236
-2.490461
-2.522538
-2.491520
-2.523597
-2.491520
-2.523144
-2.492730
-2.523749
-2.493638
-2.524051
-2.493941
-2.524051
-2.495152
-2.524354
-2.495605
-2.524203
-2.494546
-2.523295
-2.496059
-2.523749
-2.496513
-2.524203
-2.495757
-2.523144
-2.496967
-2.523446
-2.497421
-2.523597
-2.496513
-2.522690
-2.497724
-2.522538
-2.498026
-2.522387
-2.497270
-2.521631
-2.498783
-2.521025
-2.497875
-2.521025
-2.498026
-2.521025
-2.499539
-2.519815
-2.498026
-2.518302
-2.497118
-2.519058
-2.499388
-2.517999
-2.498026
-2.516940
-2.497875
-2.517545
-2.500447
-2.517999
-2.500145
-2.517696
-2.501204
-2.518151
-2.502717
-2.519058
-2.503171
-2.519058
-2.504230
-2.519512
-2.504835
-2.519512
-2.505894
-2.519512
-2.506651
-2.519664
-2.507105
-2.518756
-2.506953
-2.518604
-2.506651
-2.516940
-2.505289
-2.516637
-2.507105
-2.516335
-2.507105
-2.516788
-2.508467
-2.516486
-2.509375
-2.517091
-2.509677
-2.516940
-2.510282
-2.517243
-2.509223
-2.515427
-2.510585
-2.515729
-2.511190
-2.515881
-2.511644
-2.515427
-2.511795
-2.515578
-2.512098
-2.514973
-2.512703
-2.514973
-2.510887
-2.513006
-2.509979
-2.510434
-2.510282
-2.511947
-2.510131
-2.511039
-2.509979
-2.509375
-2.509072
-2.509828
-2.511493
-2.509072
-2.509828
-2.508164
-2.510434
-2.508920
-2.512401
-2.509828
-2.511795
-2.509223
-2.512401
-2.507710
-2.513006
-2.509677
-2.513611
-2.509375
-2.513914
-2.508618
-2.514368
-2.509828
-2.514065
-2.507256
-2.513157
-2.507256
-2.514065
-2.508315
-2.515427
-2.507105
-2.513157
-2.505592
-2.513309
-2.505894
-2.515427
-2.505289
-2.514670
-2.504533
-2.514216
-2.504684
-2.516335
-2.503927
-2.515124
-2.502414
-2.514065
-2.502868
-2.517091
-2.501809
-2.516335
-2.502263
-2.517394
-2.503171
-2.518907
-2.501506
-2.518604
-2.502566
-2.519664
-2.503019
-2.520571
-2.502566
-2.520420
-2.502263
-2.521177
-2.502263
-2.521025
-2.501658
-2.521479
-2.499993
-2.519210
-2.497875
-2.519664
-2.498783
-2.520269
-2.498783
-2.521025
-2.499085
-2.521631
-2.497118
-2.520874
-2.496816
-2.519058
-2.494546
-2.517848
-2.494697
-2.519966
-2.495303
-2.521177
-2.495908
-2.521933
-2.496211
-2.522538
-2.496211
-2.521025
-2.493033
-2.519512
-2.493033
-2.521328
-2.493184
-2.521933
-2.493638
-2.521933
-2.493487
-2.522387
-2.493789
-2.522841
-2.493336
-2.523446
-2.493487
-2.523597
-2.492882
-2.523900
-2.491217
-2.522992
-2.490763
-2.523446
-2.491369
-2.523749
-2.491217
-2.524354
-2.490309
-2.523295
-2.489553
-2.523900
-2.487888
-2.523295
-2.488191
-2.523749
-2.488796
-2.524203
-2.488040
-2.522387
-2.484560
-2.522084
-2.485316
-2.523749
-2.485467
-2.524051
-2.485165
-2.524051
-2.484711
-2.523144
-2.483954
-2.524203
-2.482744
-2.523749
-2.482139
-2.523900
-2.482593
-2.524354
-2.482441
-2.525111
-2.482290
-2.525262
-2.480626
-2.524959
-2.480777
-2.524203
-2.480172
-2.524203
-2.478356
-2.524051
-2.478507
-2.523144
-2.476691
-2.522084
-2.475178
-2.522387
-2.476238
-2.522387
-2.474422
-2.521025
-2.472909
-2.521933
-2.475178
-2.521479
-2.472909
-2.520571
-2.471849
-2.521782
-2.474119
-2.521631
-2.473817
-2.523295
-2.474725
-2.524354
-2.475330
-2.524657
-2.475178
-2.525262
-2.475330
-2.525716
-2.475027
-2.525565
-2.475178
-2.525565
-2.474573
-2.525716
-2.473968
-2.525413
-2.474422
-2.524959
-2.473212
-2.524354
-2.472001
-2.524505
-2.473212
-2.523144
-2.470034
-2.521631
-2.468672
-2.522538
-2.470488
-2.522387
-2.469126
-2.521177
-2.467916
-2.522084
-2.469277
-2.522084
-2.468823
-2.523144
-2.469126
-2.524051
-2.469882
-2.523295
-2.469126
-2.524657
-2.469580
-2.525262
-2.470034
-2.524505
-2.468823
-2.525262
-2.468975
-2.525565
-2.469429
-2.525565
-2.468975
-2.525867
-2.469126
-2.525867
-2.468975
-2.526018
-2.467310
-2.524657
-2.468067
-2.524808
-2.468218
-2.525111
-2.468672
-2.523900
-2.466100
-2.522084
-2.464587
-2.520723
-2.465646
-2.522690
-2.465949
-2.522538
-2.466403
-2.522538
-2.467008
-2.523900
-2.468369
-2.524657
-2.468823
-2.523295
-2.466856
-2.522690
-2.467764
-2.523295
-2.467613
-2.524051
-2.468823
-2.524657
-2.467613
-2.523597
-2.467310
-2.522841
-2.468369
-2.522387
-2.468823
-2.524203
-2.469731
-2.524959
-2.470639
-2.525716
-2.471093
-2.524051
-2.468823
-2.521782
-2.468672
-2.523295
-2.469882
-2.524203
-2.470942
-2.525111
-2.471547
-2.525413
-2.472757
-2.524354
-2.471849
-2.525111
-2.470790
-2.522690
-2.469429
-2.522992
-2.471849
-2.524354
-2.472455
-2.524808
-2.473665
-2.524959
-2.473817
-2.525565
-2.474271
-2.524354
-2.472909
-2.524657
-2.474422
-2.524959
-2.474876
-2.525565
-2.475481
-2.525867
-2.475935
-2.525413
-2.476238
-2.524203
-2.473817
-2.522236
-2.474271
-2.524051
-2.476086
-2.524505
-2.476994
-2.525716
-2.478205
-2.526170
-2.477297
-2.525111
-2.478053
-2.525867
-2.479113
-2.526018
-2.477297
-2.523446
-2.476843
-2.524354
-2.478507
-2.525565
-2.478961
-2.524505
-2.479113
-2.525413
-2.478961
-2.523446
-2.479113
-2.525111
-2.478356
-2.524203
-2.480172
-2.525262
-2.481382
-2.525867
-2.481836
-2.524354
-2.481231
-2.525413
-2.482139
-2.526321
-2.483047
-2.526170
-2.482593
-2.526018
-2.483349
-2.526170
-2.483803
-2.526018
-2.482744
-2.524959
-2.483954
-2.525716
-2.484862
-2.526170
-2.485619
-2.526018
-2.485921
-2.526321
-2.486829
-2.526321
-2.485619
-2.525111
-2.486527
-2.524051
-2.485316
-2.522538
-2.485921
-2.523749
-2.486980
-2.524808
-2.488494
-2.525413
-2.489250
-2.525413
-2.490007
-2.524051
-2.487888
-2.521631
-2.487435
-2.522690
-2.487888
-2.522841
-2.490158
-2.523749
-2.490915
-2.523597
-2.491974
-2.523749
-2.492276
-2.524657
-2.493487
-2.523446
-2.493184
-2.522690
-2.493336
-2.523900
-2.494395
-2.523900
-2.494697
-2.523749
-2.495757
-2.524203
-2.496513
-2.524354
-2.496665
-2.524051
-2.497421
-2.524354
-2.496665
-2.521782
-2.496665
-2.520420
-2.496362
-2.520874
-2.496665
-2.521631
-2.498026
-2.522236
-2.498480
-2.522538
-2.499539
-2.521328
-2.499237
-2.521782
-2.500145
-2.521631
-2.501204
-2.522084
-2.500901
-2.521479
-2.501506
-2.521631
-2.501960
-2.521177
-2.503019
-2.519815
-2.502868
-2.520269
-2.501960
-2.519512
-2.503473
-2.518907
-2.503776
-2.519361
-2.503019
-2.518756
-2.504684
-2.518453
-2.505592
-2.519058
-2.506046
-2.518604
-2.507105
-2.519058
-2.507559
-2.517696
-2.507559
-2.518151
-2.508013
-2.518151
-2.507407
-2.516940
-2.508618
-2.517091
-2.507407
-2.516184
-2.508013
-2.515729
-2.509526
-2.515276
-2.508769
-2.515124
-2.509223
-2.514670
-2.511039
-2.514216
-2.509979
-2.514065
-2.510585
-2.514065
-2.512249
-2.513762
-2.511795
-2.513157
-2.513006
-2.513914
-2.513762
-2.512855
-2.511644
-2.512098
-2.513460
-2.511039
-2.513157
-2.511644
-2.513006
-2.510131
-2.513460
-2.511190
-2.514519
-2.511947
-2.514822
-2.509677
-2.513914
-2.510736
-2.514822
-2.510736
-2.515276
-2.509828
-2.514065
-2.509828
-2.515124
-2.509979
-2.516335
-2.509979
-2.517243
-2.508315
-2.516637
-2.507256
-2.515881
-2.508013
-2.517243
-2.508467
-2.516788
-2.507559
-2.516637
-2.506046
-2.517848
-2.506500
-2.518453
-2.506500
-2.519058
-2.505138
-2.517696
-2.503322
-2.518453
-2.503625
-2.519058
-2.503927
-2.519361
-2.502414
-2.519512
-2.502717
-2.519966
-2.502566
-2.520571
-2.501355
-2.519815
-2.501204
-2.520723
-2.500901
-2.520874
-2.498631
-2.520420
-2.499842
-2.520118
-2.498934
-2.519361
-2.496059
-2.519966
-2.497572
-2.520874
-2.497875
-2.521177
-2.496665
-2.521782
-2.496967
-2.521479
-2.496816
-2.521328
-2.495908
-2.522992
-2.496362
-2.522084
-2.495454
-2.521328
-2.494395
-2.522387
-2.494395
-2.521479
-2.493638
-2.521177
-2.493033
-2.522841
-2.492730
-2.521025
-2.492125
-2.521631
-2.491671
-2.522841
-2.490461
-2.521025
-2.490461
-2.522236
-2.490763
-2.523446
-2.488645
-2.522690
-2.489553
-2.523446
-2.489856
-2.522841
-2.488645
-2.523900
-2.488948
-2.522841
-2.487888
-2.522538
-2.487132
-2.524051
-2.486829
-2.522992
-2.486073
-2.523900
-2.486224
-2.524505
-2.483500
-2.523597
-2.484408
-2.524354
-2.483803
-2.524051
-2.483500
-2.524959
-2.483500
-2.525413
-2.483047
-2.525111
-2.482593
-2.525565
-2.482139
-2.526018
-2.481382
-2.525565
-2.481382
-2.526018
-2.480928
-2.525867
-2.480172
-2.525867
-2.480323
-2.525867
-2.478810
-2.525413
-2.478507
-2.525565
-2.478658
-2.524505
-2.476238
-2.524505
-2.476540
-2.524808
-2.476238
-2.523144
-2.475481
-2.524505
-2.476086
-2.525111
-2.475935
-2.523597
-2.475027
-2.524959
-2.475481
-2.524505
-2.475481
-2.524657
-2.473060
-2.522084
-2.473060
-2.524051
-2.473968
-2.524657
-2.474271
-2.524657
-2.473212
-2.524657
-2.473665
-2.525262
-2.474119
-2.525413
-2.473363
-2.525262
-2.473968
-2.525716
-2.473968
-2.525565
-2.472606
-2.523446
-2.472304
-2.523144
-2.471547
-2.524505
-2.471849
-2.524959
-2.470639
-2.524959
-2.469580
-2.524203
-2.470639
-2.525262
-2.470942
-2.523900
-2.470034
-2.524505
-2.469580
-2.523749
-2.468521
-2.524959
-2.467764
-2.524354
-2.468521
-2.525262
-2.468823
-2.524203
-2.468369
-2.524657
-2.467764
-2.524354
-2.468218
-2.525413
-2.468369
-2.525565
-2.468823
-2.525716
-2.469126
-2.525716
-2.467613
-2.525111
-2.468369
-2.524657
-2.468067
-2.525111
-2.467159
-2.524657
-2.468218
-2.523749
-2.466856
-2.523749
-2.466554
-2.524051
-2.467764
-2.524051
-2.468067
-2.524657
-2.468975
-2.525262
-2.467916
-2.524808
-2.469277
-2.525413
-2.470034
-2.525565
-2.470185
-2.525867
-2.470034
-2.525413
-2.469882
-2.525111
-2.470337
-2.525867
-2.470034
-2.524959
-2.470185
-2.525716
-2.469429
-2.524959
-2.470639
-2.525111
-2.470639
-2.525262
-2.469429
-2.524808
-2.470488
-2.523597
-2.468823
-2.522841
-2.470185
-2.524354
-2.471093
-2.524959
-2.472001
-2.525565
-2.473060
-2.524354
-2.472455
-2.525262
-2.472909
-2.525111
-2.471849
-2.525111
-2.473665
-2.523900
-2.472455
-2.524354
-2.472757
-2.524959
-2.474119
-2.524354
-2.474271
-2.525565
-2.475178
-2.526170
-2.476238
-2.526018
-2.476086
-2.526321
-2.476238
-2.526473
-2.476691
-2.526473
-2.477297
-2.525111
-2.475481
-2.522992
-2.473968
-2.523900
-2.475935
-2.523446
-2.474876
-2.522538
-2.475178
-2.523900
-2.477146
-2.523295
-2.475027
-2.521631
-2.474119
-2.522690
-2.477599
-2.522841
-2.477146
-2.524354
-2.478356
-2.525413
-2.479566
-2.525565
-2.479869
-2.526018
-2.480626
-2.526473
-2.479566
-2.525867
-2.480777
-2.524959
-2.479869
-2.523295
-2.479566
-2.524505
-2.479113
-2.524203
-2.480928
-2.525565
-2.482290
-2.524808
-2.482139
-2.525262
-2.481231
-2.523749
-2.480172
-2.524051
-2.481987
-2.525262
-2.483500
-2.525716
-2.484257
-2.526170
-2.485014
-2.526018
-2.485014
-2.526018
-2.485467
-2.526473
-2.486527
-2.526321
-2.487132
-2.526624
-2.486980
-2.526321
-2.485921
-2.525565
-2.486829
-2.524203
-2.485316
-2.523597
-2.486829
-2.524808
-2.488343
-2.525867
-2.489250
-2.525565
-2.489250
-2.526018
-2.489553
-2.525716
-2.490612
-2.526018
-2.491217
-2.524203
-2.490763
-2.523597
-2.490612
-2.524657
-2.491822
-2.524959
-2.492579
-2.524808
-2.492730
-2.525262
-2.493789
-2.525867
-2.493033
-2.524657
-2.492428
-2.522236
-2.492428
-2.523144
-2.494092
-2.522387
-2.493941
-2.523597
-2.494849
-2.523749
-2.495757
-2.524203
-2.496513
-2.522690
-2.495454
-2.523144
-2.496816
-2.523597
-2.497572
-2.524051
-2.497724
-2.523295
-2.497724
-2.523446
-2.498631
-2.521933
-2.498480
-2.523144
-2.499388
-2.523295
-2.498329
-2.522538
-2.499388
-2.521933
-2.499539
-2.520723
-2.499993
-2.519966
-2.499842
-2.521479
-2.501204
-2.521631
-2.501204
-2.521933
-2.502566
-2.521933
-2.502868
-2.522084
-2.504079
-2.521933
-2.504684
-2.521933
-2.504381
-2.519664
-2.503473
-2.520269
-2.503473
-2.519815
-2.505289
-2.520269
-2.505894
-2.518907
-2.505894
-2.519966
-2.505138
-2.517545
-2.504381
-2.517394
-2.506348
-2.517394
-2.506651
-2.517999
-2.507861
-2.518604
-2.508315
-2.518453
-2.509526
-2.517848
-2.508618
-2.517091
-2.508769
-2.517545
-2.508315
-2.516032
-2.509375
-2.516184
-2.510434
-2.516940
-2.509526
-2.515729
-2.510887
-2.516335
-2.512249
-2.516637
-2.511190
-2.515427
-2.512401
-2.515881
-2.513309
-2.515729
-2.511795
-2.514670
-2.513309
-2.514973
-2.513914
-2.514670
-2.512552
-2.513611
-2.513309
-2.512703
-2.513006
-2.512401
-2.513157
-2.512855
-2.512552
-2.510131
-2.511190
-2.508769
-2.511947
-2.510585
-2.512401
-2.510282
-2.514065
-2.511039
-2.514973
-2.511795
-2.514216
-2.510887
-2.515578
-2.511342
-2.516335
-2.511795
-2.515729
-2.510887
-2.516637
-2.511039
-2.517091
-2.511039
-2.517091
-2.510736
-2.517243
-2.509828
-2.517243
-2.508164
-2.516788
-2.509072
-2.515729
-2.506197
-2.515578
-2.506348
-2.515124
-2.506046
-2.516940
-2.505743
-2.517394
-2.506651
-2.518453
-2.504835
-2.517999
-2.505592
-2.519210
-2.505894
-2.520118
-2.505743
-2.520118
-2.505440
-2.520874
-2.505592
-2.521177
-2.505592
-2.521631
-2.504684
-2.521933
-2.504381
-2.522236
-2.504230
-2.521933
-2.503322
-2.522084
-2.502868
-2.522690
-2.502717
-2.522538
-2.501960
-2.522841
-2.501506
-2.522992
-2.501355
-2.523446
-2.500145
-2.522841
-2.500296
-2.522841
-2.499842
-2.523295
-2.499085
-2.522992
-2.499085
-2.523446
-2.498783
-2.523597
-2.498631
-2.522841
-2.496211
-2.521631
-2.494546
-2.519512
-2.493941
-2.521328
-2.494697
-2.521479
-2.494092
-2.522084
-2.494244
-2.522236
-2.494546
-2.523144
-2.494546
-2.523597
-2.494849
-2.524203
-2.493638
-2.523446
-2.492125
-2.521025
-2.490915
-2.521933
-2.491520
-2.522992
-2.491974
-2.523900
-2.491822
-2.524354
-2.492428
-2.524203
-2.490309
-2.521933
-2.488948
-2.522387
-2.487888
-2.522690
-2.489099
-2.523597
-2.489099
-2.524505
-2.489553
-2.525262
-2.487737
-2.523749
-2.486375
-2.522236
-2.484257
-2.522387
-2.485770
-2.523446
-2.485921
-2.524354
-2.485921
-2.524505
-2.485619
-2.525262
-2.485770
-2.525565
-2.485014
-2.525413
-2.484862
-2.525716
-2.483954
-2.525413
-2.483652
-2.525867
-2.483047
-2.524657
-2.482290
-2.525111
-2.480474
-2.522690
-2.479415
-2.524203
-2.480474
-2.524959
-2.480474
-2.525413
-2.481080
-2.525413
-2.480172
-2.525867
-2.480172
-2.525716
-2.478961
-2.525867
-2.479718
-2.525262
-2.478205
-2.525565
-2.478507
-2.525867
-2.478053
-2.526170
-2.478356
-2.526018
-2.476540
-2.523295
-2.475935
-2.524657
-2.476691
-2.525262
-2.476843
-2.525867
-2.476994
-2.526473
-2.476691
-2.526321
-2.476691
-2.526624
-2.476843
-2.526321
-2.475481
-2.524203
-2.474725
-2.525262
-2.475330
-2.525262
-2.475027
-2.525867
-2.475178
-2.524203
-2.472606
-2.524051
-2.473514
-2.525262
-2.473817
-2.525413
-2.474573
-2.526018
-2.474573
-2.524657
-2.472304
-2.524505
-2.473060
-2.525565
-2.473817
-2.525565
-2.472152
-2.524959
-2.472455
-2.525413
-2.472909
-2.525867
-2.471396
-2.523597
-2.470488
-2.524959
-2.471093
-2.524505
-2.470639
-2.525413
-2.471093
-2.525716
-2.470639
-2.526321
-2.470790
-2.524203
-2.468823
-2.524808
-2.469429
-2.525262
-2.469580
-2.526170
-2.469731
-2.526018
-2.468521
-2.525565
-2.469580
-2.525867
-2.469126
-2.525867
-2.469277
-2.526473
-2.470034
-2.525111
-2.467008
-2.522690
-2.466403
-2.523597
-2.466403
-2.524203
-2.468218
-2.524959
-2.468521
-2.525413
-2.469429
-2.526170
-2.468369
-2.525111
-2.468672
-2.525716
-2.469429
-2.524203
-2.468521
-2.525413
-2.469429
-2.525716
-2.468975
-2.525867
-2.470185
-2.526321
-2.469731
-2.526018
-2.470034
-2.526473
-2.470185
-2.525413
-2.469429
-2.524354
-2.468672
-2.524505
-2.467764
-2.524505
-2.469429
-2.525262
-2.470337
-2.525867
-2.471093
-2.526473
-2.471093
-2.526473
-2.471698
-2.526775
-2.471849
-2.526926
-2.470790
-2.524203
-2.468672
-2.523446
-2.469580
-2.523446
-2.470337
-2.525111
-2.471547
-2.525716
-2.472001
-2.526321
-2.472001
-2.525716
-2.472304
-2.525565
-2.471093
-2.524808
-2.472606
-2.524959
-2.470942
-2.524051
-2.472152
-2.525262
-2.471547
-2.524808
-2.473060
-2.525565
-2.473817
-2.526170
-2.474725
-2.524808
-2.474119
-2.525867
-2.474725
-2.524959
-2.474725
-2.526018
-2.475178
-2.524354
-2.474271
-2.524657
-2.474876
-2.523749
-2.475027
-2.525111
-2.475935
-2.525867
-2.476994
-2.526775
-2.475935
-2.525867
-2.477297
-2.526473
-2.478356
-2.527078
-2.479113
-2.525565
-2.478205
-2.526018
-2.477146
-2.524354
-2.477902
-2.526018
-2.478053
-2.525413
-2.478810
-2.526321
-2.480021
-2.525716
-2.479718
-2.526624
-2.480474
-2.527078
-2.481080
-2.527834
-2.479415
-2.526170
-2.480777
-2.526473
-2.481836
-2.527078
-2.480474
-2.526473
-2.481685
-2.526926
-2.482290
-2.527229
-2.480777
-2.526018
-2.482139
-2.526473
-2.482895
-2.527229
-2.483652
-2.525565
-2.482895
-2.526321
-2.481534
-2.524051
-2.482290
-2.525716
-2.482593
-2.524959
-2.483047
-2.525716
-2.483500
-2.526170
-2.484560
-2.526624
-2.485316
-2.526624
-2.486073
-2.525867
-2.485770
-2.526624
-2.486527
-2.526775
-2.487435
-2.526170
-2.487283
-2.526624
-2.488040
-2.526775
-2.488494
-2.526926
-2.486980
-2.525867
-2.488494
-2.526321
-2.488948
-2.526624
-2.489553
-2.526926
-2.490461
-2.526775
-2.490763
-2.526926
-2.491066
-2.526321
-2.491217
-2.526775
-2.492125
-2.526775
-2.492125
-2.526170
-2.492276
-2.526473
-2.492730
-2.526321
-2.492579
-2.525867
-2.493638
-2.525413
-2.493033
-2.524657
-2.493033
-2.524959
-2.493789
-2.523597
-2.491671
-2.521933
-2.492579
-2.523749
-2.494092
-2.524051
-2.494849
-2.524657
-2.496211
-2.525111
-2.496211
-2.525111
-2.497270
-2.525111
-2.497118
-2.524959
-2.495908
-2.524051
-2.497875
-2.524051
-2.498026
-2.524354
-2.498480
-2.524505
-2.499237
-2.524203
-2.498934
-2.523597
-2.499539
-2.523295
-2.499993
-2.523597
-2.500145
-2.523446
-2.500296
-2.521933
-2.500598
-2.522841
-2.501052
-2.522841
-2.501204
-2.521328
-2.501658
-2.521328
-2.501506
-2.522236
-2.502868
-2.522538
-2.503019
-2.522387
-2.503927
-2.522387
-2.504533
-2.522538
-2.503927
-2.521631
-2.505289
-2.521782
-2.505440
-2.521328
-2.505289
-2.521177
-2.506348
-2.519815
-2.504381
-2.517696
-2.504381
-2.518907
-2.505440
-2.518907
-2.506802
-2.519512
-2.507861
-2.519664
-2.508467
-2.519664
-2.508769
-2.519210
-2.508920
-2.518151
-2.509223
-2.518604
-2.508467
-2.515729
-2.506651
-2.515124
-2.508467
-2.514973
-2.508769
-2.516184
-2.510282
-2.517091
-2.511644
-2.516032
-2.511342
-2.516637
-2.512249
-2.517091
-2.513157
-2.515276
-2.512552
-2.516032
-2.513157
-2.516032
-2.513460
-2.515729
-2.514065
-2.513460
-2.511342
-2.511947
-2.510585
-2.512703
-2.512552
-2.511342
-2.512401
-2.512552
-2.513460
-2.513157
-2.514822
-2.512401
-2.514065
-2.512249
-2.512855
-2.510131
-2.513460
-2.511644
-2.513006
-2.509526
-2.512249
-2.508164
-2.512855
-2.510131
-2.514519
-2.509375
-2.513006
-2.507256
-2.511795
-2.508315
-2.514216
-2.508467
-2.514216
-2.508467
-2.515124
-2.509526
-2.514973
-2.509223
-2.516940
-2.509828
-2.517999
-2.509677
-2.518302
-2.509677
-2.517999
-2.508164
-2.517696
-2.506348
-2.517696
-2.507105
-2.517243
-2.505440
-2.516032
-2.504835
-2.517999
-2.505138
-2.518907
-2.505894
-2.519815
-2.505894
-2.520723
-2.504533
-2.520269
-2.505289
-2.521025
-2.504835
-2.521177
-2.503322
-2.521025
-2.503171
-2.520723
-2.501960
-2.520723
-2.502112
-2.521479
-2.501052
-2.520874
-2.501052
-2.521479
-2.501506
-2.521782
-2.501052
-2.522690
-2.501052
-2.522841
-2.501052
-2.522236
-2.499993
-2.522841
-2.499388
-2.522084
-2.498329
-2.522387
-2.498783
-2.521479
-2.497421
-2.522538
-2.497875
-2.523597
-2.497421
-2.523597
-2.497572
-2.524203
-2.497572
-2.524354
-2.497421
-2.524505
-2.497270
-2.524505
-2.496665
-2.524959
-2.496816
-2.523597
-2.495303
-2.524657
-2.495454
-2.524959
-2.495454
-2.524505
-2.494697
-2.524959
-2.494546
-2.525413
-2.494244
-2.524959
-2.493336
-2.524959
-2.493033
-2.525262
-2.492882
-2.525565
-2.492125
-2.525413
-2.492125
-2.525716
-2.491974
-2.526170
-2.490461
-2.525565
-2.490461
-2.526018
-2.490158
-2.526018
-2.489856
-2.525867
-2.486980
-2.522992
-2.485014
-2.521328
-2.484711
-2.523749
-2.485014
-2.522690
-2.483349
-2.521479
-2.482744
-2.523597
-2.483652
-2.524203
-2.483500
-2.524203
-2.483349
-2.525111
-2.483349
-2.525262
-2.483500
-2.526170
-2.483500
-2.526170
-2.483047
-2.526018
-2.482593
-2.526624
-2.482290
-2.527078
-2.482441
-2.526775
-2.482290
-2.526624
-2.481382
-2.526473
-2.479869
-2.526321
-2.478810
-2.524808
-2.478658
-2.525565
-2.479264
-2.525111
-2.478658
-2.526018
-2.478810
-2.526170
-2.478658
-2.526321
-2.478356
-2.526170
-2.477146
-2.524051
-2.475027
-2.524505
-2.475784
-2.524959
-2.476389
-2.525716
-2.476843
-2.526624
-2.475632
-2.525867
-2.476238
-2.526018
-2.475935
-2.525565
-2.476086
-2.526321
-2.474119
-2.524808
-2.474573
-2.525716
-2.475027
-2.525565
-2.475027
-2.526018
-2.475178
-2.525867
-2.473665
-2.525565
-2.472909
-2.524808
-2.473817
-2.525867
-2.474573
-2.526018
-2.474573
-2.526321
-2.473817
-2.526170
-2.473363
-2.526473
-2.473665
-2.525413
-2.472304
-2.525413
-2.472455
-2.526170
-2.472606
-2.526624
-2.472909
-2.526926
-2.472606
-2.526926
-2.471093
-2.526321
-2.471244
-2.526321
-2.471093
-2.526321
-2.469580
-2.525867
-2.470337
-2.525867
-2.469277
-2.525413
-2.468067
-2.525413
-2.468823
-2.525111
-2.468369
-2.525262
-2.469277
-2.526170
-2.468218
-2.525716
-2.469277
-2.526170
-2.469580
-2.526321
-2.469731
-2.526624
-2.469277
-2.526170
-2.469429
-2.526018
-2.469882
-2.526775
-2.469731
-2.526018
-2.468975
-2.525565
-2.469882
-2.526775
-2.468672
-2.523900
-2.466705
-2.522690
-2.467764
-2.524808
-2.467008
-2.523900
-2.467916
-2.524657
-2.469580
-2.525716
-2.469429
-2.526018
-2.470337
-2.526473
-2.471244
-2.524959
-2.470185
-2.526018
-2.470185
-2.525262
-2.470185
-2.525867
-2.471093
-2.524505
-2.468521
-2.523144
-2.468369
-2.524354
-2.470185
-2.523900
-2.469731
-2.524808
-2.470790
-2.525565
-2.471547
-2.524505
-2.471093
-2.525867
-2.472001
-2.526624
-2.472757
-2.526926
-2.473665
-2.526473
-2.472606
-2.525262
-2.472455
-2.526321
-2.473212
-2.526775
-2.473968
-2.527078
-2.473817
-2.526775
-2.474725
-2.525565
-2.473665
-2.526170
-2.474573
-2.527078
-2.473212
-2.526170
-2.475027
-2.526624
-2.475481
-2.525716
-2.475632
-2.526926
-2.474422
-2.525413
-2.475481
-2.526170
-2.476389
-2.525262
-2.476086
-2.526473
-2.476994
-2.526926
-2.476238
-2.526321
-2.476994
-2.525413
-2.476843
-2.526018
-2.478053
-2.526321
-2.478507
-2.527078
-2.478658
-2.526775
-2.478507
-2.527078
-2.479566
-2.527078
-2.479869
-2.527683
-2.480474
-2.526926
-2.480474
-2.527078
-2.480021
-2.526624
-2.480474
-2.527229
-2.479718
-2.526775
-2.479113
-2.525262
-2.480021
-2.526473
-2.480021
-2.526473
-2.479566
-2.525262
-2.480928
-2.526473
-2.481987
-2.527229
-2.481836
-2.526473
-2.482593
-2.526926
-2.483652
-2.527532
-2.483652
-2.527380
-2.483803
-2.527683
-2.484408
-2.527683
-2.484106
-2.527683
-2.484711
-2.527532
-2.483500
-2.526624
-2.484257
-2.526775
-2.484862
-2.524959
-2.484257
-2.526321
-2.484257
-2.525716
-2.483803
-2.525413
-2.485316
