5.500000
5.500110
5.500239
5.500390
5.500563
5.500758
5.500978
5.501220
5.501486
5.501775
5.502085
5.502414
5.502759
5.503117
5.503481
5.503847
5.504207
5.504553
5.504875
5.505161
5.505401
5.505579
5.505682
5.505692
5.505593
5.505368
5.504998
5.504466
5.503753
5.502843
5.501720
5.500373
5.498791
5.496967
5.494899
5.492592
5.490054
5.487301
5.484357
5.481254
5.478028
5.474729
5.471409
5.468132
5.464962
5.461976
5.459246
5.456853
5.454873
5.453380
5.452447
5.452137
5.452503
5.453592
5.455433
5.458044
5.461429
5.465575
5.470453
5.476022
5.482223
5.488986
5.496228
5.503857
5.511771
5.519864
5.528024
5.536136
5.544086
5.551763
5.559057
5.565865
5.572089
5.577641
5.582441
5.586420
5.589520
5.591693
5.592905
5.593132
5.592366
5.590606
5.587867
5.584174
5.579563
5.574081
5.567786
5.560743
5.553026
5.544717
5.535903
5.526679
5.517141
5.507390
5.497530
5.487664
5.477895
5.468327
5.459059
5.450189
5.441809
5.434007
5.426863
5.420453
5.414843
5.410091
5.406247
5.403350
5.401431
5.400510
5.400598
5.401693
5.403784
5.406852
5.410864
5.415781
5.421553
5.428121
5.435419
5.443373
5.451902
5.460920
5.470335
5.480053
5.489975
5.500000
5.510027
5.519954
5.529681
5.539110
5.548144
5.556694
5.564671
5.571996
5.578594
5.584399
5.589351
5.593401
5.596509
5.598641
5.599777
5.599905
5.599025
5.597144
5.594282
5.590468
5.585740
5.580146
5.573742
5.566594
5.558773
5.550358
5.541434
5.532092
5.522426
5.512533
5.502513
5.492468
5.482499
5.472706
5.463189
5.454044
5.445363
5.437233
5.429737
5.422951
5.416943
5.411773
5.407494
5.404150
5.401773
5.400388
5.400009
5.400640
5.402274
5.404895
5.408477
5.412982
5.418367
5.424575
5.431546
5.439208
5.447483
5.456289
5.465536
5.475131
5.484978
5.494976
5.505024
5.515023
5.524869
5.534464
5.543712
5.552517
5.560793
5.568455
5.575425
5.581634
5.587018
5.591524
5.595106
5.597727
5.599361
5.599992
5.599613
5.598228
5.595852
5.592508
5.588229
5.583059
5.577051
5.570265
5.562769
5.554639
5.545958
5.536812
5.527295
5.517502
5.507533
5.497487
5.487467
5.477573
5.467906
5.458562
5.449638
5.441222
5.433399
5.426249
5.419843
5.414248
5.409517
5.405701
5.402837
5.400954
5.400071
5.400198
5.401331
5.403462
5.406567
5.410616
5.415567
5.421371
5.427969
5.435295
5.443273
5.451825
5.460863
5.470296
5.480029
5.489964
5.500000
5.510036
5.519971
5.529704
5.539137
5.548175
5.556727
5.564705
5.572031
5.578629
5.584433
5.589384
5.593433
5.596538
5.598669
5.599802
5.599929
5.599046
5.597163
5.594299
5.590483
5.585752
5.580157
5.573751
5.566601
5.558778
5.550362
5.541438
5.532094
5.522427
5.512533
5.502513
5.492467
5.482498
5.472705
5.463188
5.454042
5.445361
5.437231
5.429735
5.422949
5.416940
5.411771
5.407492
5.404148
5.401771
5.400387
5.400008
5.400639
5.402273
5.404894
5.408476
5.412982
5.418366
5.424575
5.431545
5.439207
5.447483
5.456288
5.465536
5.475131
5.484977
5.494976
5.505024
5.515023
5.524869
5.534464
5.543712
5.552517
5.560793
5.568455
5.575425
5.581634
5.587018
5.591524
5.595106
5.597727
5.599361
5.599992
5.599613
5.598229
5.595852
5.592508
5.588229
5.583060
5.577051
5.570265
5.562769
5.554639
5.545958
5.536812
5.527295
5.517502
5.507533
5.497487
5.487467
5.477573
5.467906
5.458562
5.449638
5.441222
5.433399
5.426249
5.419843
5.414248
5.409517
5.405701
5.402837
5.400954
5.400071
5.400198
5.401331
5.403462
5.406567
5.410616
5.415567
5.421371
5.427969
5.435295
5.443273
5.451825
5.460863
5.470296
5.480029
5.489964
5.500000
5.510036
5.519971
5.529704
5.539137
5.548175
5.556727
5.564705
5.572031
5.578629
5.584433
5.589384
5.593433
5.596538
5.598669
5.599802
5.599929
5.599046
5.597163
5.594299
5.590483
5.585752
5.580157
5.573751
5.566601
5.558778
5.550362
5.541438
5.532094
5.522427
5.512533
5.502513
5.492467
5.482498
5.472705
5.463188
5.454042
5.445361
5.437231
5.429735
5.422949
5.416940
5.411771
5.407492
5.404148
5.401771
5.400387
5.400008
5.400639
5.402273
5.404894
5.408476
5.412982
5.418366
5.424575
5.431545
5.439207
5.447483
5.456288
5.465536
5.475131
5.484977
5.494976
5.505024
5.515023
5.524869
5.534464
5.543712
5.552517
5.560793
5.568455
5.575425
5.581634
5.587018
5.591524
5.595106
5.597727
5.599361
5.599992
5.599613
5.598229
5.595852
5.592508
5.588229
5.583060
5.577051
5.570265
5.562769
5.554639
5.545958
5.536812
5.527295
5.517502
5.507533
5.497487
5.487467
5.477573
5.467906
5.458562
5.449638
5.441221
5.433399
5.426249
5.419843
5.414248
5.409517
5.405701
5.402837
5.400954
5.400071
5.400198
5.401331
5.403462
5.406567
5.410616
5.415567
5.421371
5.427969
5.435295
5.443273
5.451825
5.460863
5.470296
5.480029
5.489964
5.500000
5.510036
5.519971
5.529704
5.539137
5.548175
5.556727
5.564705
5.572031
5.578629
5.584433
5.589384
5.593433
5.596538
5.598669
5.599802
5.599929
5.599046
5.597163
5.594299
5.590483
5.585752
5.580157
5.573751
5.566601
5.558779
5.550362
5.541438
5.532094
5.522427
5.512533
5.502513
5.492467
5.482498
5.472705
5.463188
5.454042
5.445361
5.437231
5.429735
5.422949
5.416940
5.411771
5.407492
5.404148
5.401771
5.400387
5.400008
5.400639
5.402273
5.404894
5.408476
5.412982
5.418366
5.424575
5.431545
5.439207
5.447483
5.456288
5.465536
5.475131
5.484977
5.494976
5.505024
5.515023
5.524869
5.534464
5.543712
5.552517
5.560793
5.568455
5.575425
5.581634
5.587018
5.591524
5.595106
5.597727
5.599361
5.599992
5.599613
5.598229
5.595852
5.592508
5.588229
5.583060
5.577051
5.570265
5.562769
5.554639
5.545958
5.536812
5.527295
5.517502
5.507533
5.497487
5.487467
5.477573
5.467906
5.458562
5.449638
5.441221
5.433399
5.426249
5.419843
5.414248
5.409517
5.405701
5.402837
5.400954
5.400071
5.400198
5.401331
5.403462
5.406567
5.410616
5.415567
5.421371
5.427969
5.435295
5.443273
5.451825
5.460863
5.470296
5.480029
5.489964
5.500000
5.510036
5.519971
5.529704
5.539137
5.548175
5.556727
5.564705
5.572031
5.578629
5.584433
5.589384
5.593433
5.596538
5.598669
5.599802
5.599929
5.599046
5.597163
5.594299
5.590483
5.585752
5.580157
5.573751
5.566601
5.558779
5.550362
5.541438
5.532094
5.522427
5.512533
5.502513
5.492467
5.482498
5.472705
5.463188
5.454042
5.445361
5.437231
5.429735
5.422949
5.416940
5.411771
5.407492
5.404148
5.401771
5.400387
5.400008
5.400639
5.402273
5.404894
5.408476
5.412982
5.418366
5.424575
5.431545
5.439207
5.447483
5.456288
5.465536
5.475131
5.484977
5.494976
5.505024
5.515023
5.524869
5.534464
5.543712
5.552517
5.560793
5.568455
5.575425
5.581634
5.587018
5.591524
5.595106
5.597727
5.599361
5.599992
5.599613
5.598229
5.595852
5.592508
5.588229
5.583060
5.577051
5.570265
5.562769
5.554639
5.545958
5.536812
5.527295
5.517502
5.507533
5.497487
5.487467
5.477573
5.467906
5.458562
5.449638
5.441221
5.433399
5.426249
5.419843
5.414248
5.409517
5.405701
5.402837
5.400954
5.400071
5.400198
5.401331
5.403462
5.406567
5.410616
5.415567
5.421371
5.427969
5.435295
5.443273
5.451825
5.460863
5.470296
5.480029
5.489964
5.500000
5.510036
5.519971
5.529704
5.539137
5.548175
5.556727
5.564705
5.572031
5.578629
5.584433
5.589384
5.593433
5.596538
5.598669
5.599802
5.599929
5.599046
5.597163
5.594299
5.590483
5.585752
5.580157
5.573751
5.566601
5.558779
5.550362
5.541438
5.532094
5.522427
5.512533
5.502513
5.492467
5.482498
5.472705
5.463188
5.454042
5.445361
5.437231
5.429735
5.422949
5.416940
5.411771
5.407492
5.404148
5.401771
5.400387
5.400008
5.400639
5.402273
5.404894
5.408476
5.412982
5.418366
5.424575
5.431545
5.439207
5.447483
5.456288
5.465536
5.475131
5.484977
5.494976
5.505024
5.515023
5.524869
5.534464
5.543712
5.552517
5.560793
5.568455
5.575425
5.581634
5.587018
5.591524
5.595106
5.597727
5.599361
5.599992
5.599613
5.598229
5.595852
5.592508
5.588229
5.583060
5.577051
5.570265
5.562769
5.554639
5.545958
5.536812
5.527295
5.517502
5.507533
5.497487
5.487467
5.477573
5.467906
5.458562
5.449638
5.441221
5.433399
5.426249
5.419843
5.414248
5.409517
5.405701
5.402837
5.400954
5.400071
5.400198
5.401331
5.403462
5.406567
5.410616
5.415567
5.421371
5.427969
5.435295
5.443273
5.451825
5.460863
5.470296
5.480029
5.489964
5.500000
5.510036
5.519971
5.529704
5.539137
5.548175
5.556727
5.564705
5.572031
5.578629
5.584433
5.589384
5.593433
5.596538
5.598669
5.599802
5.599929
5.599046
5.597163
5.594299
5.590483
5.585752
5.580157
5.573751
5.566601
5.558779
5.550362
5.541438
5.532094
5.522427
5.512533
5.502513
5.492467
5.482498
5.472705
5.463188
5.454042
5.445361
5.437231
5.429735
5.422949
5.416940
5.411771
5.407492
5.404148
5.401771
5.400387
5.400008
5.400639
5.402273
5.404894
5.408476
5.412982
5.418366
5.424575
5.431545
5.439207
5.447483
5.456288
5.465536
5.475131
5.484977
5.494976
5.505024
5.515023
5.524869
5.534464
5.543712
5.552517
5.560793
5.568455
5.575425
5.581634
5.587018
5.591524
5.595106
5.597727
5.599361
5.599992
5.599613
5.598229
5.595852
5.592508
5.588229
5.583060
5.577051
5.570265
5.562769
5.554639
5.545958
5.536812
5.527295
5.517502
5.507533
5.497487
5.487467
5.477573
5.467906
5.458562
5.449638
5.441221
5.433399
5.426249
5.419843
5.414248
5.409517
5.405701
5.402837
5.400954
5.400071
5.400198
5.401331
5.403462
5.406567
5.410616
5.415567
5.421371
5.427969
5.435295
5.443273
5.451825
5.460863
5.470296
5.480029
5.489964
5.500000
5.510036
5.519971
5.529704
5.539137
5.548175
5.556727
5.564705
5.572031
5.578629
5.584433
5.589384
5.593433
5.596538
5.598669
5.599802
5.599929
5.599046
5.597163
5.594299
5.590483
5.585752
5.580157
5.573751
5.566601
5.558779
5.550362
5.541438
5.532094
5.522427
5.512533
5.502513
5.492467
5.482498
5.472705
5.463188
5.454042
5.445361
5.437231
5.429735
5.422949
5.416940
5.411771
5.407492
5.404148
5.401771
5.400387
5.400008
5.400639
5.402273
5.404894
5.408476
5.412982
5.418366
5.424575
5.431545
5.439207
5.447483
5.456288
5.465536
5.475131
5.484977
5.494976
5.505024
5.515023
5.524869
5.534464
5.543712
5.552517
5.560793
5.568455
5.575425
5.581634
5.587018
5.591524
5.595106
5.597727
5.599361
5.599992
5.599613
5.598229
5.595852
5.592508
5.588229
5.583060
5.577051
5.570265
5.562769
5.554639
5.545958
5.536812
5.527295
5.517502
5.507533
5.497487
5.487467
5.477573
5.467906
5.458562
5.449638
5.441221
5.433399
5.426249
5.419843
5.414248
5.409517
5.405701
5.402837
5.400954
5.400071
5.400198
5.401331
5.403462
5.406567
5.410616
5.415567
5.421371
5.427969
5.435295
5.443273
5.451825
5.460863
5.470296
5.480029
5.489964
5.500000
5.510036
5.519971
5.529704
5.539137
5.548175
5.556727
5.564705
5.572031
5.578629
5.584433
5.589384
5.593433
5.596538
5.598669
5.599802
5.599929
5.599046
5.597163
5.594299
5.590483
5.585752
5.580157
5.573751
5.566601
5.558779
5.550362
5.541438
5.532094
5.522427
5.512533
5.502513
5.492467
5.482498
5.472705
5.463188
5.454042
5.445361
5.437231
5.429735
5.422949
5.416940
5.411771
5.407492
5.404148
5.401771
5.400387
5.400008
5.400639
5.402273
5.404894
5.408476
5.412982
5.418366
5.424575
5.431545
5.439207
5.447483
5.456288
5.465536
5.475131
5.484977
5.494976
5.505024
5.515023
5.524869
5.534464
5.543712
5.552517
5.560793
5.568455
5.575425
5.581634
5.587018
5.591524
5.595106
5.597727
5.599361
5.599992
5.599613
5.598229
5.595852
5.592508
5.588229
5.583060
5.577051
5.570265
5.562769
5.554639
5.545958
5.536812
5.527295
5.517502
5.507533
5.497487
5.487467
5.477573
5.467906
5.458562
5.449638
5.441221
5.433399
5.426249
5.419843
5.414248
5.409517
5.405701
5.402837
5.400954
5.400071
5.400198
5.401331
5.403462
5.406567
5.410616
5.415567
5.421371
5.427969
5.435295
5.443273
5.451825
5.460863
5.470296
5.480029
5.489964
5.500000
5.510036
5.519971
5.529704
5.539137
5.548175
5.556727
5.564705
5.572031
5.578629
5.584433
5.589384
5.593433
5.596538
5.598669
5.599802
5.599929
5.599046
5.597163
5.594299
5.590483
5.585752
5.580157
5.573751
5.566601
5.558779
5.550362
5.541438
5.532094
5.522427
5.512533
5.502513
5.492467
5.482498
5.472705
5.463188
5.454042
5.445361
5.437231
5.429735
5.422949
5.416940
5.411771
5.407492
5.404148
5.401771
5.400387
5.400008
5.400639
5.402273
5.404894
5.408476
5.412982
5.418366
5.424575
5.431545
5.439207
5.447483
5.456288
5.465536
5.475131
5.484977
5.494976
5.505024
5.515023
5.524869
5.534464
5.543712
5.552517
5.560793
5.568455
5.575425
5.581634
5.587018
5.591524
5.595106
5.597727
5.599361
5.599992
5.599613
5.598229
5.595852
5.592508
5.588229
5.583060
5.577051
5.570265
5.562769
5.554639
5.545958
5.536812
5.527295
5.517502
5.507533
5.497487
5.487467
5.477573
5.467906
5.458562
5.449638
5.441221
5.433399
5.426249
5.419843
5.414248
5.409517
5.405701
5.402837
5.400954
5.400071
5.400198
5.401331
5.403462
5.406567
5.410616
5.415567
5.421371
5.427969
5.435295
5.443273
5.451825
5.460863
5.470296
5.480029
5.489964
5.500000
5.510036
5.519971
5.529704
5.539137
5.548175
5.556727
5.564705
5.572031
5.578629
5.584433
5.589384
5.593433
5.596538
5.598669
5.599802
5.599929
5.599046
5.597163
5.594299
5.590483
5.585752
5.580157
5.573751
5.566601
5.558779
5.550362
5.541438
5.532094
5.522427
5.512533
5.502513
5.492467
5.482498
5.472705
5.463188
5.454042
5.445361
5.437231
5.429735
5.422949
5.416940
5.411771
5.407492
5.404148
5.401771
5.400387
5.400008
5.400639
5.402273
5.404894
5.408476
5.412982
5.418366
5.424575
5.431545
5.439207
5.447483
5.456288
5.465536
5.475131
5.484977
5.494976
5.505024
5.515023
5.524869
5.534464
5.543712
5.552517
5.560793
5.568455
5.575425
5.581634
5.587018
5.591524
5.595106
5.597727
5.599361
5.599992
5.599613
5.598229
5.595852
5.592508
5.588229
5.583060
5.577051
5.570265
5.562769
5.554639
5.545958
5.536812
5.527295
5.517502
5.507533
5.497487
5.487467
5.477573
5.467906
5.458562
5.449638
5.441221
5.433399
5.426249
5.419843
5.414248
5.409517
5.405701
5.402837
5.400954
5.400071
5.400198
5.401331
5.403462
5.406567
5.410616
5.415567
5.421371
5.427969
5.435295
5.443273
5.451825
5.460863
5.470296
5.480029
5.489964
5.500000
5.510036
5.519971
5.529704
5.539137
5.548175
5.556727
5.564705
5.572031
5.578629
5.584433
5.589384
5.593433
5.596538
5.598669
5.599802
5.599929
5.599046
5.597163
5.594299
5.590483
5.585752
5.580157
5.573751
5.566601
5.558779
5.550362
5.541438
5.532094
5.522427
5.512533
5.502513
5.492467
5.482498
5.472705
5.463188
5.454042
5.445361
5.437231
5.429735
5.422949
5.416940
5.411771
5.407492
5.404148
5.401771
5.400387
5.400008
5.400639
5.402273
5.404894
5.408476
5.412982
5.418366
5.424575
5.431545
5.439207
5.447483
5.456288
5.465536
5.475131
5.484977
5.494976
5.505024
5.515023
5.524869
5.534464
5.543712
5.552517
5.560793
5.568455
5.575425
5.581634
5.587018
5.591524
5.595106
5.597727
5.599361
5.599992
5.599613
5.598229
5.595852
5.592508
5.588229
5.583060
5.577051
5.570265
5.562769
5.554639
5.545958
5.536812
5.527295
5.517502
5.507533
5.497487
5.487467
5.477573
5.467906
5.458562
5.449638
5.441221
5.433399
5.426249
5.419843
5.414248
5.409517
5.405701
5.402837
5.400954
5.400071
5.400198
5.401331
5.403462
5.406567
5.410616
5.415567
5.421371
5.427969
5.435295
5.443273
5.451825
5.460863
5.470296
5.480029
5.489964
5.500000
5.510036
5.519971
5.529704
5.539137
5.548175
5.556727
5.564705
5.572031
5.578629
5.584433
5.589384
5.593433
5.596538
5.598669
5.599802
5.599929
5.599046
5.597163
5.594299
5.590483
5.585752
5.580157
5.573751
5.566601
5.558779
5.550362
5.541438
5.532094
5.522427
5.512533
5.502513
5.492467
5.482498
5.472705
5.463188
5.454042
5.445361
5.437231
5.429735
5.422949
5.416940
5.411771
5.407492
5.404148
5.401771
5.400387
5.400008
5.400639
5.402273
5.404894
5.408476
5.412982
5.418366
5.424575
5.431545
5.439207
5.447483
5.456288
5.465536
5.475131
5.484977
5.494976
5.505024
5.515023
5.524869
5.534464
5.543712
5.552517
5.560793
5.568455
5.575425
5.581634
5.587018
5.591524
5.595106
5.597727
5.599361
5.599992
5.599613
5.598229
5.595852
5.592508
5.588229
5.583060
5.577051
5.570265
5.562769
5.554639
5.545958
5.536812
5.527295
5.517502
5.507533
5.497487
5.487467
5.477573
5.467906
5.458562
5.449638
5.441221
5.433399
5.426249
5.419843
5.414248
5.409517
5.405701
5.402837
5.400954
5.400071
5.400198
5.401331
5.403462
5.406567
5.410616
5.415567
5.421371
5.427969
5.435295
5.443273
5.451825
5.460863
5.470296
5.480029
5.489964
5.500000
5.510036
5.519971
5.529704
5.539137
5.548175
5.556727
5.564705
5.572031
5.578629
5.584433
5.589384
5.593433
5.596538
5.598669
5.599802
5.599929
5.599046
5.597163
5.594299
5.590483
5.585752
5.580157
5.573751
5.566601
5.558779
5.550362
5.541438
5.532094
5.522427
5.512533
5.502513
5.492467
5.482498
5.472705
5.463188
5.454042
5.445361
5.437231
5.429735
5.422949
5.416940
5.411771
5.407492
5.404148
5.401771
5.400387
5.400008
5.400639
5.402273
5.404894
5.408476
5.412982
5.418366
5.424575
5.431545
5.439207
5.447483
5.456288
5.465536
5.475131
5.484977
5.494976
5.505024
5.515023
5.524869
5.534464
5.543712
5.552517
5.560793
5.568455
5.575425
5.581634
5.587018
5.591524
5.595106
5.597727
5.599361
5.599992
5.599613
5.598229
5.595852
5.592508
5.588229
5.583060
5.577051
5.570265
5.562769
5.554639
5.545958
5.536812
5.527295
5.517502
5.507533
5.497487
5.487467
5.477573
5.467906
5.458562
5.449638
5.441221
5.433399
5.426249
5.419843
5.414248
5.409517
5.405701
5.402837
5.400954
5.400071
5.400198
5.401331
5.403462
5.406567
5.410616
5.415567
5.421371
5.427969
5.435295
5.443273
5.451825
5.460863
5.470296
5.480029
5.489964
5.500000
5.510036
5.519971
5.529704
5.539137
5.548175
5.556727
5.564705
5.572031
5.578629
5.584433
5.589384
5.593433
5.596538
5.598669
5.599802
5.599929
5.599046
5.597163
5.594299
5.590483
5.585752
5.580157
5.573751
5.566601
5.558779
5.550362
5.541438
5.532094
5.522427
5.512533
5.502513
5.492467
5.482498
5.472705
5.463188
5.454042
5.445361
5.437231
5.429735
5.422949
5.416940
5.411771
5.407492
5.404148
5.401771
5.400387
5.400008
5.400639
5.402273
5.404894
5.408476
5.412982
5.418366
5.424575
5.431545
5.439207
5.447483
5.456288
5.465536
5.475131
5.484977
5.494976
5.505024
5.515023
5.524869
5.534464
5.543712
5.552517
5.560793
5.568455
5.575425
5.581634
5.587018
5.591524
5.595106
5.597727
5.599361
5.599992
5.599613
5.598229
5.595852
5.592508
5.588229
5.583060
5.577051
5.570265
5.562769
5.554639
5.545958
5.536812
5.527295
5.517502
5.507533
5.497487
5.487467
5.477573
5.467906
5.458562
5.449638
5.441221
5.433399
5.426249
5.419843
5.414248
5.409517
5.405701
5.402837
5.400954
5.400071
5.400198
5.401331
5.403462
5.406567
5.410616
5.415567
5.421371
5.427969
5.435295
5.443273
5.451825
5.460863
5.470296
5.480029
5.489964
5.500000
5.510036
5.519971
5.529704
5.539137
5.548175
5.556727
5.564705
5.572031
5.578629
5.584433
5.589384
5.593433
5.596538
5.598669
5.599802
5.599929
5.599046
5.597163
5.594299
5.590483
5.585752
5.580157
5.573751
5.566601
5.558779
5.550362
5.541438
5.532094
5.522427
5.512533
5.502513
5.492467
5.482498
5.472705
5.463188
5.454042
5.445361
5.437231
5.429735
5.422949
5.416940
5.411771
5.407492
5.404148
5.401771
5.400387
5.400008
5.400639
5.402273
5.404894
5.408476
5.412982
5.418366
5.424575
5.431545
5.439207
5.447483
5.456288
5.465536
5.475131
5.484977
5.494976
5.505024
5.515023
5.524869
5.534464
5.543712
5.552517
5.560793
5.568455
5.575425
5.581634
5.587018
5.591524
5.595106
5.597727
5.599361
5.599992
5.599613
5.598229
5.595852
5.592508
5.588229
5.583060
5.577051
5.570265
5.562769
5.554639
5.545958
5.536812
5.527295
5.517502
5.507533
5.497487
5.487467
5.477573
5.467906
5.458562
5.449638
5.441222
5.433399
5.426249
5.419843
5.414248
5.409517
5.405701
5.402837
5.400954
5.400071
5.400198
5.401331
5.403462
5.406567
5.410616
5.415567
5.421371
5.427969
5.435295
5.443273
5.451825
5.460863
5.470296
5.480029
5.489964
5.500000
5.510036
5.519971
5.529704
5.539137
5.548175
5.556727
5.564705
5.572031
5.578629
5.584433
5.589384
5.593433
5.596538
5.598669
5.599802
5.599929
5.599046
5.597163
5.594299
5.590483
5.585752
5.580157
5.573751
5.566601
5.558778
5.550362
5.541438
5.532094
5.522427
5.512533
5.502513
5.492467
5.482498
5.472705
5.463188
5.454042
5.445361
5.437231
5.429735
5.422949
5.416940
5.411771
5.407492
5.404148
5.401771
5.400387
5.400008
5.400639
5.402273
5.404894
5.408476
5.412982
5.418366
5.424575
5.431545
5.439207
5.447483
5.456288
5.465536
5.475131
5.484977
5.494976
5.505024
5.515023
5.524869
5.534464
5.543712
5.552517
5.560793
5.568455
5.575425
5.581634
5.587018
5.591524
5.595106
5.597727
5.599361
5.599992
5.599613
5.598229
5.595852
5.592508
5.588229
5.583060
5.577051
5.570265
5.562769
5.554639
5.545958
5.536812
5.527295
5.517502
5.507533
5.497487
5.487467
5.477573
5.467906
5.458562
5.449638
5.441222
5.433399
5.426249
5.419843
5.414248
5.409517
5.405701
5.402837
5.400954
5.400071
5.400198
5.401331
5.403462
5.406567
5.410616
5.415567
5.421371
5.427969
5.435295
5.443273
5.451825
5.460863
5.470296
5.480029
5.489964
5.500000
5.510036
5.519971
5.529704
5.539137
5.548175
5.556727
5.564705
5.572031
5.578629
5.584433
5.589384
5.593433
5.596538
5.598669
5.599802
5.599929
5.599046
5.597163
5.594299
5.590483
5.585752
5.580157
5.573751
5.566601
5.558778
5.550362
5.541438
5.532094
5.522427
5.512533
5.502513
5.492467
5.482498
5.472705
5.463188
5.454042
5.445361
5.437231
5.429735
5.422949
5.416941
5.411771
5.407492
5.404148
5.401772
5.400387
5.400008
5.400639
5.402273
5.404894
5.408476
5.412982
5.418366
5.424575
5.431545
5.439207
5.447483
5.456288
5.465536
5.475131
5.484977
5.494976
5.505024
5.515022
5.524869
5.534464
5.543711
5.552517
5.560792
5.568454
5.575425
5.581633
5.587018
5.591523
5.595105
5.597726
5.599360
5.599991
5.599612
5.598227
5.595850
5.592506
5.588227
5.583057
5.577049
5.570263
5.562767
5.554637
5.545956
5.536811
5.527294
5.517501
5.507532
5.497487
5.487467
5.477574
5.467908
5.458566
5.449642
5.441227
5.433406
5.426258
5.419854
5.414260
5.409532
5.405718
5.402856
5.400975
5.400095
5.400223
5.401359
5.403491
5.406599
5.410649
5.415601
5.421406
5.428004
5.435329
5.443306
5.451856
5.460890
5.470319
5.480046
5.489973
5.500000
5.510025
5.519947
5.529665
5.539080
5.548098
5.556627
5.564581
5.571879
5.578447
5.584219
5.589136
5.593148
5.596216
5.598307
5.599402
5.599490
5.598569
5.596650
5.593753
5.589909
5.585157
5.579547
5.573137
5.565993
5.558191
5.549811
5.540941
5.531673
5.522105
5.512336
5.502470
5.492610
5.482859
5.473321
5.464097
5.455283
5.446974
5.439257
5.432214
5.425919
5.420437
5.415826
5.412133
5.409394
5.407634
5.406868
5.407095
5.408307
5.410480
5.413580
5.417559
5.422359
5.427911
5.434135
5.440943
5.448237
5.455914
5.463864
5.471976
5.480136
5.488229
5.496143
5.503772
5.511014
5.517777
5.523978
5.529547
5.534425
5.538571
5.541956
5.544567
5.546408
5.547497
5.547863
5.547553
5.546620
5.545127
5.543147
5.540754
5.538024
5.535038
5.531868
5.528591
5.525271
5.521972
5.518746
5.515643
5.512699
5.509946
5.507408
5.505101
5.503033
5.501209
5.499627
5.498280
5.497157
5.496247
5.495534
5.495002
5.494632
5.494407
5.494308
5.494318
5.494421
5.494599
5.494839
5.495125
5.495447
5.495793
5.496153
5.496519
5.496883
5.497241
5.497586
5.497915
5.498225
5.498514
5.498780
5.499022
5.499242
5.499437
5.499610
5.499761
5.499890
5.500000
